image_Width 1280
image_Height 720
board_Width 4
board_Height 11
square_Size 24.8
Camera_Matrix[986.2092212430763, 0, 647.8995533541157;
  0, 989.5447219924063, 339.5674619532918;
  0, 0, 1]
Distortion_Coefficients[-0.004925225404613551;
  0.02325655244055783;
  0;
  0;
  -0.08443070401066202]
Avg_Reprojection_Error 0.265345
Per_View_Reprojection_Errors[0.13921392;
  0.1922444;
  0.25961176;
  0.24514936;
  0.23698588;
  0.20584393;
  0.21494129;
  0.23602603;
  0.2369283;
  0.19636196;
  0.20998834;
  0.2122827;
  0.19707108;
  0.25091788;
  0.25612229;
  0.23425592;
  0.19842976;
  0.19716896;
  0.19908363;
  0.26806703;
  0.21075879;
  0.21707754;
  0.21504131;
  0.18085384;
  0.21744078;
  0.19742858;
  0.25392291;
  0.21302123;
  0.41179505;
  0.37101227;
  0.3763772;
  0.24628891;
  0.23731546;
  0.26868075;
  0.26306525;
  0.46983257;
  0.47276205;
  0.48126367;
  0.36162326;
  0.24557857;
  0.40440756;
  0.36100805;
  0.19030705;
  0.22687557;
  0.23425017;
  0.25437647;
  0.2817972;
  0.27038002;
  0.23976493;
  0.24554959;
  0.1982138;
  0.23150852;
  0.23667653;
  0.21387118;
  0.22683331;
  0.22715653;
  0.2428862;
  0.18043749;
  0.19206172;
  0.27977362;
  0.26977915;
  0.24034031;
  0.25899959;
  0.31686279;
  0.35607493;
  0.41888511;
  0.33418575;
  0.36661083;
  0.18596143;
  0.18796973;
  0.19531929;
  0.19090933;
  0.16504885;
  0.17802913;
  0.18433578]
Extrinsic_Parameters[-0.03119782384877203, -0.0312928323993573, 1.586179786319663, 111.8443939772905, -65.17773122383686, 703.9812665853278;
  -0.03091534775784178, -0.02392868612453083, 1.586317199745764, 107.1491008159466, -73.86830286159905, 721.5959990443357;
  -0.0117866147738433, 0.05311633989509835, 1.564494066503956, 67.9933746048133, -85.12848277976771, 788.8583732265031;
  0.007731808024441515, 0.1648396461115486, 1.521870220806862, 9.406662023225428, -88.43739917030946, 875.0473206928027;
  0.04110729747541338, -0.1217006685823803, 1.548663854761565, -46.81619712296198, -111.8158005534783, 861.0020039561995;
  0.001653918861522297, -0.2372736573351125, 1.551807196987285, -57.50005577331796, -114.5832805539195, 849.849046722932;
  -0.198290723257274, 0.07195768099259761, 1.50794128799199, -9.939165451751624, -85.34512408836019, 916.0183250760501;
  0.2596719045665208, 0.1010905956820318, 1.740182581098129, 180.2320137311677, -109.7372719076094, 1073.900343054701;
  0.2842135094438505, 0.02824236805387015, 1.737874324374464, 165.2314798923969, -118.6430467539761, 1068.256060178105;
  0.1691515960117162, -0.5984587398355998, 1.69318402415324, 37.78028066499357, -156.4925712499286, 987.1763618827509;
  -0.5498712367752145, -0.6382576013978671, 1.267625993962332, -253.9587134377971, -206.6924626884551, 1007.999848947032;
  -0.06821393640878666, 0.1214510898666413, 1.56249068743739, -203.8872135316071, -126.3325203798496, 993.8215696164531;
  -0.02444795567035168, 0.07133077149032188, 1.565308153492281, -208.9208784651323, -120.1108303220615, 979.4941701463229;
  -0.169594746671242, -0.253734023845877, 1.559214960981953, -253.7177209298869, -11.55379688813091, 914.1825135308243;
  -0.374517425353664, -0.09106724913095993, 1.497445120081235, -245.0914711801619, 0.5113729485727004, 963.2275248642669;
  -0.4200046509008303, -0.005227393895941973, 1.475319523037199, -231.983137235624, 6.788126453446429, 980.6129078476859;
  -0.2892028599218213, 0.271397040981155, 1.520902924360869, -129.787379518176, 62.09381370644832, 984.4388120200323;
  -0.2685876170877374, 0.5567790539947494, 1.595029616674995, -26.16767058693942, 67.04187203195313, 1008.784278503538;
  -0.03891159023560267, 0.3551813600416876, 1.717983778659653, 52.43572787713283, 66.61329645980229, 1005.615970686093;
  0.05949422807171571, 0.2843355482149622, 1.7505528722304, 388.8867993332642, 89.87916422701986, 1048.254717264476;
  0.2877228007444593, -0.06045553294553817, 1.67866952649469, 464.2986137628245, 118.4689484213951, 1026.60255492681;
  0.02887318498774802, 0.6588141836815812, 1.661161875058053, 610.608670541258, 62.6227091992726, 1036.675577505114;
  0.3107942990294905, -0.03526463155440103, 1.510515921591627, 471.5852274369775, -159.5742693576063, 1018.915139530763;
  0.3611634145950639, 0.3415401063651212, 1.542694578777058, 479.592147377372, -199.5888344856083, 1012.43070194649;
  0.3197193768376245, 0.4790972333590622, 1.64892791531739, 440.1730103216223, -270.2825347668576, 994.4577429661989;
  0.1900210394590841, 0.3699485114058799, 1.619465037799316, 662.0828873757374, -340.436147124396, 1290.168785278168;
  -0.179154183191251, -0.1811551874195218, 1.017517353374603, -109.2409617041087, -103.8054308601745, 915.5005943185452;
  -0.1941186475547966, -0.1893075202203484, 0.9235841994322215, -130.6047598205153, -77.43805875609186, 923.1401021134961;
  -0.2159501521224883, -0.1848748400104406, 0.8258707673913778, -153.6909282476019, -65.78551117376036, 932.0482836071391;
  -0.275100755990655, -0.1627514564988265, 0.7271845042732029, -170.422584992851, -72.42405023054234, 946.627136366931;
  -0.260081295141876, -0.1619060655802118, 0.5301363625095193, -192.9585709557075, -76.02630843330276, 943.028489712857;
  -0.3421680124076449, 0.02974252781356989, 1.250410305873226, -160.0746215366666, -139.6664649522946, 1002.530199345124;
  -0.3694529206305814, 0.01363510427381809, 1.381224964424506, -166.6883754768795, -122.8679947161624, 999.0954012073619;
  -0.3876168850186274, -0.01917577884118471, 1.65631366249307, -161.5518707690964, -79.86690428386827, 994.1753502123789;
  -0.3827601659249175, -0.01967275257719903, 1.726491174745866, -155.1193322845028, -69.14128406834836, 991.9327356357981;
  -0.3527655754464116, -0.3077407133175208, 2.320556890246079, -125.9075284159104, 18.77206171873923, 951.0648804862918;
  -0.3298891226164489, -0.5791964593673292, 1.800891122152246, -176.3453021137424, -82.43881513379212, 894.9210196272492;
  -0.3787259629909016, -0.5562589783985239, 1.744093540473101, -192.3088838727473, -98.82720987820288, 901.1461541238731;
  -0.5155452196742767, -0.4546139143570538, 1.619758152610597, -239.6704746379758, -133.3033207946, 924.2288489375694;
  -0.5640359131798767, -0.4159166603384784, 1.584328436130142, -252.5136079451707, -142.7807858959083, 933.1303414851102;
  -0.1266351792987156, -0.4567442251964834, 1.536205357533006, -174.5679582237611, -275.575416634529, 913.1483492318254;
  -0.04850020600450847, -0.5004448558459314, 1.538754826283117, -166.1342189946961, -262.8063629851909, 903.480738195015;
  0.1089536343083587, -0.6229455026188446, 1.538469403462454, -149.659420737424, -215.3576516200325, 878.2020000469645;
  0.02163408838898685, -0.1651800532709595, 1.757233618240793, -174.8404635835067, -91.18400133401565, 874.9161411373972;
  -0.1557457386282972, -0.1470674132870983, 1.717120327901624, -202.9022175435208, -65.32955845474291, 893.5362736507066;
  -0.2132496800672079, -0.1520892679532731, 1.69641911021333, -210.5609914793375, -57.96597224511981, 900.4356952056704;
  -0.3276037374066194, -0.1820765751105674, 1.646741953713778, -223.5611646989875, -43.71451769103037, 917.4271804220238;
  -0.4523947361393332, -0.2055679411105622, 1.571970722078493, -234.6647869528481, -29.96420061773958, 934.1455558406333;
  -0.5796407131731779, -0.1827038533264751, 1.476703756073671, -242.7611423911131, -13.27515117110255, 946.3276283669583;
  -0.6590115854303043, -0.131390243123159, 1.345705425224566, -182.6792971407655, 39.12883075225059, 956.5353169212062;
  -0.5388244657819974, -0.1929637309613544, 1.404392886985996, -156.3770187694425, 45.20683361305079, 938.1752791091227;
  -0.3826236733276002, -0.07529416329325435, 1.396760194242569, 61.57404862966594, 131.2454593550493, 956.249158584192;
  -0.4009029963662681, -0.04128405594315333, 1.379060037562705, 72.28774660755605, 127.8882381232332, 968.8978090460576;
  -0.4154064522465538, -0.01184427481143889, 1.369767289189954, 82.11888737645896, 122.6844620222302, 980.461137710482;
  -0.161314353465724, -0.01990777233778106, 1.951468071890386, 165.267364687509, 129.7141533347821, 985.4444968010687;
  0.01583431107906914, -0.5029442257379834, 1.756554060378333, 134.4916583249214, -19.16761728798572, 1070.787876324107;
  -0.02509444925130624, -0.5213438859218859, 1.735841718649837, 112.1758844191913, -23.59487950805843, 1068.672089270926;
  -0.5345187715333408, -0.2444180412049858, 1.330724002093283, -98.41280985017187, -88.75629571414559, 863.4615561189207;
  -0.4447248145277694, -0.168571168845868, 1.37394100084751, -59.56972262667778, -93.38777618883596, 804.3838912014918;
  -0.3749486732475585, -0.1057771354190457, 1.410855444724495, -30.23337000729374, -94.67779354933163, 758.9504082652112;
  -0.335456932921145, -0.0784171740335048, 1.425211350759284, -16.9649712652301, -95.93021199042539, 737.5066961729457;
  -0.2975262041761461, -0.05479013824540409, 1.436953868391962, -6.23290365391675, -97.41404590727575, 718.2670128763904;
  -0.2589472363051275, -0.0339796787565721, 1.449390421285419, 2.414088950583918, -97.78635286769948, 700.4888060308308;
  -0.2214802985244034, -0.01243968638852723, 1.463242783362746, 10.46573389974934, -96.2382795771683, 684.8467226818161;
  -0.1818597736515059, 0.00672185339682546, 1.477230536712028, 17.84403254617891, -92.89647916271366, 670.3426898987163;
  -0.1084112284123261, 0.05982008321303108, 1.504739680582776, 32.19289555223701, -83.772136659618, 643.3914772803958;
  0.00589351529019431, 0.1534695601404899, 1.526600597621916, 49.55331935388966, -74.33836293702643, 610.5953425073758;
  0.2331827952680982, 0.3830178316830578, 1.684001132558336, 100.2877515108228, -77.22996068393472, 582.163629793135;
  0.136100831834616, 0.09322181240168344, 1.694408464964559, 101.3115958761956, -68.61676463453811, 572.7823021825308;
  -0.1769211117064476, -0.04520722331274022, 1.449252116249426, -113.3490312301757, -115.6949428547018, 892.5292037346445;
  -0.0274524724103276, 0.01701336287077051, 1.473927077967659, -111.9268216411713, -107.6020455726994, 931.7994297414595;
  0.02710693930674603, 0.05257484340660793, 1.486891035879279, -106.2893126286942, -109.3112431601681, 952.1251165572946;
  0.04553705030856305, 0.06232160895966381, 1.504317843681122, -101.5109435302891, -115.0337076246365, 966.2645020004158;
  0.04398751426216794, 0.0693028804211074, 1.510005322317961, -98.38844474539488, -118.0525712953126, 969.7878877439813;
  0.03462357083315325, 0.06914440446472803, 1.506769291159369, -96.52234992219115, -119.465236702634, 973.6132750700272]
Image_points[804.48138, 247.963, 803.54846, 317.69418, 802.55157, 387.30347, 801.2392, 457.01776, 769.38989, 282.22202, 768.3363, 351.8609, 767.27271, 421.69989, 765.97565, 491.81088, 735.4104, 246.47501, 734.30634, 316.67108, 733.24261, 386.30209, 732.10986, 456.29395, 700.24854, 281.05206, 699.10345, 350.90366, 698.00348, 420.81223, 696.85895, 491.18051, 665.95361, 245.18079, 664.76904, 315.4675, 663.69061, 385.42682, 662.56769, 455.53104, 630.40918, 279.74634, 629.31897, 349.90231, 628.2547, 420.03094, 627.07318, 490.38272, 595.77466, 243.80672, 594.98425, 314.22357, 593.71478, 384.38129, 592.72534, 454.66495, 560.00873, 278.42722, 559.05066, 348.7774, 557.93262, 419.11331, 556.74963, 489.77676, 525.47443, 242.43054, 524.39063, 313.07217, 523.25531, 383.33792, 522.19873, 453.93695, 489.75278, 277.22861, 488.63599, 347.806, 487.57803, 418.19193, 486.42468, 489.05304, 454.70154, 241.14899, 453.73737, 311.92621, 452.70425, 382.51831, 451.59714, 453.19437;
  794.38336, 238.52802, 793.57062, 306.30228, 792.50134, 374.17245, 791.45355, 442.11884, 759.99969, 271.88995, 759.0816, 339.82571, 758.10278, 407.6868, 757.00909, 475.93332, 726.95337, 237.11296, 725.86066, 305.27054, 724.68475, 373.32193, 723.82831, 441.40964, 692.41504, 270.63943, 691.48254, 338.78384, 690.29822, 406.80768, 689.34045, 475.35986, 659.0174, 235.81746, 657.9173, 304.01593, 656.8006, 372.20328, 655.80444, 440.59113, 624.42828, 269.384, 623.17706, 337.50519, 622.22308, 405.8595, 621.13422, 474.65741, 590.62195, 234.38649, 589.57452, 302.9436, 588.6286, 371.28943, 587.53192, 439.67706, 555.81262, 268.05853, 554.64362, 336.56238, 553.63043, 404.9823, 552.59265, 473.78973, 521.9826, 233.07317, 520.88055, 301.75055, 519.81213, 370.16467, 518.70605, 438.82272, 487.17206, 266.80441, 485.98889, 335.44415, 485.07208, 404.01932, 483.80807, 472.95517, 453.16443, 231.6906, 452.25858, 300.63144, 451.04163, 369.11542, 449.80377, 438.03134;
  733.20007, 232.53206, 733.4881, 294.57843, 733.83984, 356.99603, 734.09937, 419.61652, 702.25171, 264.05701, 702.45197, 326.15585, 702.92065, 388.31439, 702.79858, 451.39917, 671.24011, 233.16019, 671.3869, 295.35675, 671.68481, 357.39853, 671.8288, 420.14481, 640.41876, 264.45959, 640.3819, 326.49628, 640.586, 388.88113, 640.75189, 451.7915, 609.29346, 233.81308, 609.45178, 295.93906, 609.59485, 357.87411, 609.69604, 420.51266, 578.54138, 265.15967, 578.51141, 327.16272, 578.60199, 389.33896, 578.67041, 452.14633, 547.65417, 234.39792, 547.70874, 296.39612, 547.74103, 358.33917, 547.66058, 420.76523, 516.59668, 265.8269, 516.88599, 327.57867, 516.73315, 389.77203, 516.64972, 452.40134, 486.06299, 235.07098, 486.01779, 296.89685, 485.78232, 358.83951, 485.87943, 421.00974, 455.44101, 266.22107, 455.0621, 327.9335, 454.93994, 389.94922, 454.87714, 452.6618, 424.78094, 235.35399, 424.75986, 297.3269, 424.47995, 359.17007, 423.97293, 421.48331;
  658.94293, 239.4807, 660.98145, 294.92993, 663.00238, 350.99817, 665.21265, 407.86078, 632.30927, 268.87018, 633.92523, 324.41119, 635.94666, 380.65198, 638.00262, 437.70129, 603.70721, 242.94952, 605.45221, 298.4411, 607.21124, 353.96756, 609.00104, 410.43167, 576.81201, 272.32587, 578.87671, 327.59607, 580.43738, 383.20425, 582.07288, 440.02835, 548.94733, 246.32584, 550.56671, 301.50974, 552.11444, 356.74246, 553.57324, 412.85806, 522.63165, 275.4729, 524.13568, 330.48065, 525.45642, 386.02899, 526.73761, 442.30823, 494.71292, 249.60445, 496.11963, 304.59903, 497.50104, 359.64267, 498.87326, 415.38525, 468.49442, 278.54138, 469.77441, 333.33948, 471.0968, 388.62698, 472.17551, 444.68582, 441.33505, 253.10788, 442.57901, 307.57288, 443.55402, 362.36917, 444.78036, 417.58157, 415.44604, 281.84503, 416.35559, 336.1402, 417.54483, 391.22284, 418.5708, 446.88611, 388.69803, 256.41077, 389.64166, 310.52869, 390.39755, 364.94528, 391.41495, 420.09961;
  594.64105, 210.77483, 595.82843, 268.14276, 597.07458, 324.52805, 598.44818, 380.5874, 566.68048, 240.22801, 568.0285, 297.09116, 569.41156, 353.02182, 570.91132, 408.64844, 537.23688, 211.92604, 539.02515, 269.25177, 540.5498, 325.70129, 542.24109, 381.72906, 509.55429, 241.53738, 511.58206, 298.23962, 513.12952, 354.35101, 514.84644, 410.2926, 479.86505, 213.03659, 481.9212, 270.59293, 483.92273, 326.96887, 485.79755, 383.07318, 452.21085, 242.48827, 454.43176, 299.51135, 456.36917, 355.77472, 458.37466, 411.74341, 422.10364, 214.08986, 424.41309, 271.40463, 426.88763, 328.27115, 428.98206, 384.39502, 394.25067, 243.57529, 396.75327, 300.6449, 399.24545, 357.04599, 401.80713, 413.16873, 364.08636, 215.18401, 366.80371, 272.78967, 369.37582, 329.65845, 372.04831, 385.86185, 336.6095, 244.55772, 339.17819, 301.7363, 342.06998, 358.52237, 344.8949, 414.37781, 306.16916, 216.23978, 308.8219, 273.94879, 312.02472, 330.95123, 315.00729, 387.04956;
  581.28064, 206.06122, 581.97559, 263.95721, 582.54828, 320.4581, 583.15302, 376.24033, 552.83124, 235.40001, 553.75269, 292.7952, 554.50366, 349.18692, 555.48492, 404.92365, 523.28888, 206.30341, 524.43561, 264.69543, 525.79047, 321.62543, 526.64124, 378.06503, 494.59293, 235.96028, 496.08173, 293.7446, 497.39716, 350.60117, 498.57874, 407.00308, 464.19693, 206.77261, 466.08646, 265.46417, 467.6106, 322.98599, 469.34192, 379.72217, 435.3736, 236.62538, 437.29373, 294.77182, 439.25833, 352.13776, 440.99072, 408.80515, 404.13611, 207.16655, 406.41016, 266.12769, 408.63168, 324.03015, 410.76691, 381.42368, 374.93127, 237.23531, 377.36703, 295.92685, 379.93481, 353.67926, 382.20676, 410.78311, 343.0394, 207.30014, 345.90561, 267.13382, 348.60379, 325.39716, 351.30774, 383.0611, 313.76501, 237.61783, 316.7681, 296.81635, 319.75287, 355.04907, 322.64865, 412.5903, 281.17352, 207.71553, 284.42291, 267.74319, 287.75607, 326.69275, 290.9256, 384.73676;
  637.13287, 247.53236, 640.60101, 299.65762, 644.25134, 352.85275, 647.79138, 407.58514, 611.98956, 274.68112, 615.36444, 327.4982, 618.58997, 381.55835, 621.87573, 436.90985, 583.80029, 249.76552, 586.59198, 302.31137, 589.55231, 355.76257, 592.5545, 410.55286, 557.99011, 277.13403, 560.82275, 330.19742, 563.70709, 384.43802, 566.30518, 439.96747, 529.58606, 252.04494, 532.06482, 304.88977, 534.80359, 358.55945, 537.11328, 413.51956, 503.67459, 279.41318, 505.94589, 332.90494, 507.98575, 387.33429, 510.45468, 443.12152, 475.10437, 254.21519, 477.17273, 307.46606, 479.15991, 361.39658, 481.29263, 416.7225, 448.69391, 281.95218, 450.43408, 335.57321, 451.96906, 390.34927, 453.84213, 446.51294, 420.16916, 256.47504, 421.80496, 310.23987, 423.22281, 364.13846, 424.78583, 419.8255, 393.47604, 284.53955, 394.59122, 338.47644, 395.79926, 393.29684, 396.96381, 449.5892, 364.89279, 259.29211, 366.08481, 312.78464, 367.04877, 367.0798, 367.85303, 422.92422;
  814.01672, 238.22406, 805.03662, 283.76175, 796.9989, 328.00482, 788.65479, 372.01276, 786.95612, 257.11398, 778.66345, 301.98465, 770.44611, 345.96103, 762.30408, 389.47043, 768.75812, 230.91277, 760.60754, 275.63956, 752.53204, 319.98602, 744.72229, 363.47055, 742.76874, 249.63478, 734.65338, 293.7775, 726.565, 337.62283, 719.16718, 380.81424, 724.58832, 223.59402, 716.95374, 268.05841, 708.96216, 311.82025, 701.6944, 355.01013, 698.99786, 242.15779, 691.47217, 285.97183, 683.9895, 329.41647, 676.43097, 372.42932, 681.34589, 216.46213, 673.70947, 260.50439, 666.44073, 303.99951, 659.17072, 346.91525, 656.4032, 235.14578, 649.00238, 278.37442, 641.8963, 321.3829, 634.91943, 363.84479, 638.97711, 209.32544, 631.65619, 253.2123, 624.68317, 296.14908, 617.82043, 338.37439, 614.4245, 228.01349, 607.5, 271, 600.62073, 313.4989, 594.32178, 355.6326, 597.42175, 202.58432, 590.84515, 245.86879, 583.89404, 288.70013, 577.28693, 330.60333;
  800.9502, 229.45213, 792.30133, 274.88492, 783.89862, 319.11148, 775.63525, 363.06186, 773.94678, 248.42737, 765.6955, 293.01663, 757.46442, 336.94623, 749.47827, 380.26883, 755.67358, 221.83769, 747.51434, 266.72217, 739.48779, 310.85165, 731.63794, 354.44394, 729.2312, 240.66496, 721.54388, 285.03159, 713.56537, 328.62302, 706.21826, 371.76865, 711.01868, 214.40685, 703.36963, 259.05612, 695.83008, 303.03372, 688.50781, 345.8187, 685.21503, 233.1272, 677.77332, 276.90298, 670.63202, 320.39468, 663.44989, 363.01382, 667.16974, 206.85585, 660.01678, 251.42484, 652.99213, 294.66422, 645.8407, 337.54871, 642.05542, 225.56184, 635.02441, 269.26801, 628.46924, 312.20624, 621.5993, 354.66101, 624.22626, 199.57127, 617.39056, 243.85175, 610.63025, 286.74445, 604.46063, 329.20758, 599.69501, 218.30786, 593.34888, 261.48318, 586.84167, 304.10284, 580.63464, 346.3782, 582.0791, 192.47934, 575.8299, 236.19907, 569.46515, 279.19946, 563.33972, 321.41434;
  685.4353, 182.4606, 674.12939, 228.29546, 663.29602, 272.5242, 652.68793, 314.86252, 656.44501, 202.34239, 645.77509, 248.09285, 635.38599, 291.34543, 625.4292, 333.00922, 638.29718, 175.46019, 627.61639, 222.1673, 617.63031, 266.99429, 607.68164, 310.12601, 609.22717, 195.57547, 599.11719, 241.87105, 589.53174, 286.17514, 580.46014, 328.78119, 589.85986, 168.40424, 579.89685, 215.87593, 570.5249, 261.3049, 561.85004, 305.00549, 560.01453, 188.81586, 550.8725, 235.60193, 542.42053, 280.61841, 534.14532, 323.76764, 539.55829, 160.95789, 530.70453, 209.49757, 522.50403, 255.40102, 514.27832, 299.7876, 509.5144, 181.63354, 501.45557, 229.33266, 493.78781, 274.94806, 486.41089, 318.88345, 487.59793, 152.9402, 479.87686, 202.35347, 472.65936, 249.32744, 465.17242, 294.49936, 457.53506, 174.03041, 450.38687, 222.71239, 443.95859, 269.20538, 437.06778, 313.65228, 434.29886, 144.5387, 427.68695, 194.98209, 421.33331, 243.06207, 415.24326, 288.86847;
  399.24472, 136.9966, 409.33817, 185.33107, 419.3703, 232.96877, 428.98782, 280.47192, 382.97623, 163.26888, 393.56979, 212.39546, 403.62277, 260.38458, 413.49622, 308.47458, 356.00601, 140.55836, 366.60428, 190.68109, 377.33688, 240.08768, 387.60526, 288.8045, 338.85202, 168.09149, 349.90308, 218.94067, 360.6636, 268.45349, 371.13995, 318.12164, 309.85968, 144.42355, 321.03711, 196.48137, 332.1702, 247.69135, 343.28705, 298.31036, 291.18875, 173.26804, 302.7623, 225.65117, 314.05637, 277.29633, 325.50012, 328.5477, 260.13858, 148.62056, 272.02167, 202.73677, 283.82397, 255.79036, 295.41656, 308.08203, 239.74689, 178.85997, 251.95738, 233.00298, 264.08777, 286.75281, 276.1311, 340.01572, 206.23938, 153.4043, 218.92772, 209.63979, 231.58664, 264.6445, 243.97971, 318.99838, 184.36121, 184.60297, 197.4715, 241.13397, 210.39426, 297.0029, 223.01695, 352.04169, 147.98358, 158.51639, 161.77715, 216.88588, 175.23949, 274.00568, 188.45009, 330.68533;
  445.51569, 213.97119, 444.44791, 262.41901, 443.28522, 311.23553, 442.39529, 360.97147, 420.59839, 238.4846, 419.3222, 286.95245, 418.04391, 336.34415, 417.00159, 386.78564, 396.80978, 214.60747, 395.62225, 262.93155, 394.26096, 311.67459, 393.01526, 361.52371, 372.11456, 239.0434, 370.44794, 287.54349, 368.87241, 336.79568, 367.26697, 387.0054, 348.48196, 215.36967, 346.9678, 263.47531, 345.1774, 312.26233, 343.3931, 362.13882, 323.30505, 239.38446, 321.44296, 288.04489, 319.73416, 337.24548, 317.81186, 387.20221, 299.75357, 215.59891, 298.07214, 263.84592, 296.15656, 312.71875, 294.12778, 362.32626, 274.56537, 239.81116, 272.65979, 288.57126, 270.45261, 337.64496, 268.44931, 387.86594, 251.47829, 216.19507, 249.56384, 264.43747, 247.15239, 313.31671, 245.19893, 362.96964, 226.61572, 240.58444, 224.091, 288.93228, 221.68358, 337.99329, 219.51178, 388.11679, 203.78542, 216.65173, 201.26912, 265.00494, 198.63696, 313.68961, 196.28975, 363.2543;
  437.4093, 218.47891, 436.86917, 268.15268, 436.4671, 318.02493, 436.14484, 368.41763, 412.45776, 243.4532, 411.91928, 293.20444, 411.55084, 343.17511, 410.9205, 394.0603, 388.22662, 218.83466, 387.46866, 268.50671, 386.85538, 318.11169, 386.18292, 368.97269, 363.14407, 243.84171, 362.47876, 293.53748, 361.84177, 343.60849, 361.14606, 394.21539, 339.07074, 219.34279, 338.02908, 268.91565, 337.22787, 318.56168, 336.45416, 368.9765, 313.81683, 244.08057, 312.96857, 294.04855, 312.06601, 343.96213, 311.17691, 394.66724, 289.58441, 219.67348, 288.6376, 269.08356, 287.81467, 318.96237, 286.79382, 369.23233, 264.33865, 244.49638, 263.40411, 294.17056, 262.55032, 344.02542, 261.56543, 394.99689, 240.6658, 220.15686, 239.42441, 269.53705, 238.38124, 319.21674, 237.43777, 369.70605, 215.61969, 245.02332, 214.35481, 294.58215, 213.28627, 344.61719, 212.39966, 395.08017, 191.93996, 220.63753, 190.5191, 269.93735, 189.35287, 319.73486, 188.10596, 369.81192;
  373.94302, 327.33224, 374.62494, 380.59079, 374.87872, 433.80313, 375.86493, 486.14389, 346.3421, 354.49832, 347.07455, 407.93167, 347.63586, 461.1138, 348.38135, 514.48199, 317.82892, 327.63199, 318.52902, 381.62643, 319.42603, 435.2999, 319.99374, 489.07864, 289.55597, 355.08136, 290.34671, 409.26541, 291.15808, 463.42935, 291.88031, 517.67499, 259.87225, 327.70325, 260.80606, 382.85202, 261.68829, 437.16708, 262.39859, 491.71207, 230.95624, 355.70181, 231.85878, 410.79678, 232.76445, 465.5347, 233.65269, 520.62457, 200.21544, 327.88132, 201.37975, 383.63547, 202.51262, 439.04132, 203.50487, 494.41791, 170.30571, 356.11694, 171.63826, 412.00021, 172.79912, 467.94147, 173.95441, 523.78369, 138.88579, 328.02151, 140.17384, 384.71326, 141.41179, 440.92349, 142.88196, 497.18835, 108.49353, 356.65756, 109.89267, 413.48553, 111.16747, 470.15463, 112.5625, 526.96783, 76.194939, 328.22961, 77.791893, 385.85037, 79.014458, 442.71802, 80.535561, 499.85205;
  396.96368, 340.30331, 399.15265, 390.53104, 401.26282, 441.82938, 403.38693, 494.24707, 371.55008, 366.28711, 373.41571, 417.51663, 375.20166, 469.67621, 377.46829, 523.23413, 343.76584, 341.7598, 345.4249, 392.98547, 347.03107, 445.06271, 348.6601, 498.24118, 317.33755, 368.21967, 318.78369, 420.35971, 320.04553, 473.22922, 321.6297, 527.62537, 288.99045, 343.07596, 290.09064, 395.29639, 291.09039, 448.15366, 292.54468, 502.21198, 261.35767, 370.03421, 262.37442, 422.81845, 263.30444, 476.83102, 264.37582, 532.10583, 232.5233, 344.52771, 233.16592, 397.52216, 233.64294, 451.16586, 234.40651, 506.401, 203.5493, 372.07492, 204.09937, 425.54526, 204.5164, 480.60046, 204.90593, 536.87927, 174.2635, 346.35831, 174.4539, 400.05551, 174.53929, 454.59415, 174.65958, 510.52216, 144.46642, 374.06879, 144.41357, 428.69534, 144.18005, 484.11383, 144.23845, 541.58929, 114.64411, 347.79395, 114.12563, 402.62915, 113.80064, 457.97827, 113.35118, 514.63275;
  414.90314, 346.60516, 417.35907, 395.20654, 419.80856, 445.23947, 422.68771, 496.79214, 390.04636, 371.92877, 392.28198, 421.74161, 394.59314, 472.81815, 397.07669, 525.6886, 362.79797, 348.53165, 364.61282, 398.01297, 366.65164, 448.71957, 368.66339, 501.26059, 337.1716, 374.33325, 338.65521, 424.88651, 340.19604, 476.58774, 342.07394, 530.28528, 309.1922, 350.4483, 310.59839, 400.87103, 311.87637, 452.30731, 313.21439, 505.36572, 282.3353, 376.77023, 283.19742, 427.90085, 284.34698, 480.61856, 285.36969, 535.0625, 254.22757, 352.35156, 254.94803, 403.58713, 255.60403, 455.86285, 256.10278, 509.82758, 226.38959, 379.09659, 226.59177, 431.41827, 226.68205, 484.65311, 226.98447, 540.03088, 197.61909, 354.65671, 197.6181, 406.54745, 197.58212, 459.51651, 197.47888, 514.29773, 169.06848, 381.74176, 168.44319, 434.49271, 167.86133, 488.85675, 167.27968, 545.16907, 140.25362, 356.97302, 139.43431, 409.62985, 138.2529, 463.34915, 137.28056, 518.95062;
  517.81555, 401.97559, 517.07642, 450.34427, 516.84943, 500.83755, 515.9552, 553.36957, 492.401, 426.88589, 491.142, 476.33112, 490.09076, 527.42114, 489.02588, 581.4104, 467.99332, 403.63693, 466.51495, 452.14401, 464.90805, 502.36154, 463.44495, 555.03992, 442.29788, 428.55569, 440.22247, 478.04315, 438.09573, 529.37476, 435.73785, 582.9187, 418.09473, 405.06689, 415.94794, 453.73343, 413.25317, 504.17188, 410.45993, 556.68774, 391.84167, 430.01968, 388.81033, 479.47186, 385.73071, 530.89325, 382.53265, 584.50714, 368.14166, 406.608, 365.03091, 455.24564, 361.42657, 505.7475, 357.54645, 558.29181, 341.14572, 431.43665, 337.43982, 480.99792, 333.39728, 532.49512, 329.13199, 586.35913, 318.02844, 407.9476, 313.97791, 456.74609, 309.43857, 507.29092, 304.92477, 560.0498, 290.82275, 432.88766, 286.06467, 482.67258, 281.23273, 534.18323, 276.05472, 587.93018, 268.3425, 409.50421, 262.87411, 458.60535, 257.81573, 509.00058, 252.41823, 561.5332;
  622.24628, 405.38211, 615.92957, 449.88937, 609.6106, 496.79196, 602.92493, 546.71289, 595.43268, 426.58038, 588.3241, 472.06094, 581.39551, 519.95294, 573.87335, 570.92725, 575.18726, 403.79178, 568.45453, 447.98016, 560.45483, 494.58868, 552.67816, 543.42206, 548.57373, 425.01868, 540.42603, 469.94955, 532.27289, 517.28027, 523.30048, 567.29504, 529.22864, 402.43976, 521.05963, 446.24829, 512.58374, 492.04648, 503.33398, 540.47742, 502.31192, 423.20789, 493.4664, 468.0925, 483.92633, 514.54199, 473.86667, 564.05072, 484.08755, 400.72476, 474.82977, 444.37247, 465.39264, 489.65677, 454.84515, 537.51727, 457.02692, 421.46643, 447.00446, 465.60101, 436.46973, 511.85416, 425.23792, 560.98883, 439.62546, 399.42322, 429.46405, 442.46109, 418.63193, 487.18289, 407.4744, 534.51416, 412.61258, 419.94925, 401.7084, 463.59702, 389.96628, 509.25067, 377.81216, 557.82684, 396.2153, 398.1424, 385.17746, 440.6777, 373.39606, 484.9516, 361.08173, 531.80548;
  699.25952, 405.2439, 690.63544, 453.16391, 682.20557, 502.04865, 673.48456, 552.34644, 671.28528, 425.2124, 662.41571, 473.37405, 653.68823, 522.64569, 644.7514, 573.45538, 652.10406, 398.23093, 643.41486, 445.35486, 634.45544, 493.75137, 625.25873, 543.37671, 624.37213, 417.96985, 615.34338, 465.22345, 606.13177, 514.00519, 596.50568, 564.08716, 605.99469, 391.03549, 596.72894, 437.47882, 587.66827, 485.40143, 577.93176, 534.52203, 578.90155, 410.50504, 569.16534, 457.52997, 559.35742, 505.64282, 549.45776, 555.02924, 560.75275, 383.96011, 551.13843, 430.3233, 541.35944, 477.35364, 531.38812, 526.10272, 533.58795, 403.478, 523.78375, 449.7009, 513.56097, 497.38422, 503.03574, 546.13654, 516.57666, 377.21234, 506.61859, 422.96051, 496.22162, 469.64267, 485.71484, 517.54395, 489.89432, 396.50815, 479.26102, 442.26059, 469.01324, 489.33444, 458.06555, 537.7403, 473.17859, 370.90985, 462.70541, 415.82358, 452.09546, 461.96451, 441.30765, 509.30078;
  1013.4085, 424.20593, 1006.2238, 470.82031, 998.70374, 517.50323, 990.94781, 564.81677, 985.5683, 442.93466, 978.25653, 489.27246, 970.49878, 535.99158, 962.75458, 583.48883, 965.34253, 415.24927, 957.7002, 461.28186, 950.31573, 507.52069, 942.59528, 554.45538, 937.82617, 433.87045, 930.36719, 479.60345, 922.45331, 525.8678, 914.6272, 572.83936, 918.15063, 406.90256, 910.50787, 452.16446, 902.86359, 497.77969, 894.93542, 544.091, 891.15576, 424.99866, 883.33679, 470.28647, 875.63629, 515.97021, 867.672, 562.45197, 871.96222, 398.1188, 864.18884, 443.15936, 856.34723, 488.22482, 848.31677, 533.60376, 845.09161, 416.17676, 837.41901, 460.92731, 829.35889, 506.28067, 821.33026, 552.08319, 826.8974, 390.06381, 819.12665, 434.21756, 810.80109, 478.94046, 802.73053, 524.1087, 800.73724, 407.82803, 792.61908, 452.15939, 784.4917, 496.48019, 776.1441, 542.29828, 782.65796, 381.75381, 774.82141, 425.55862, 766.45325, 469.92731, 758.17188, 514.5083;
  1093.1737, 453.71747, 1083.9073, 498.36124, 1074.7346, 541.77325, 1065.3656, 584.36676, 1064.2697, 472.83826, 1055.0061, 516.53851, 1046.2981, 559.47363, 1037.4938, 601.76764, 1044.4237, 446.99573, 1035.3922, 491.09509, 1026.6588, 534.47571, 1018.2095, 577.18378, 1015.5934, 465.66617, 1007.3477, 509.40295, 998.83374, 552.31152, 990.53595, 594.42212, 995.87872, 440.09988, 987.49866, 484.31696, 979.47406, 527.4386, 971.32532, 569.55164, 967.70313, 458.77457, 959.59491, 502.33475, 951.99152, 545.20441, 944.17316, 587.23895, 947.92877, 433.23148, 940.20734, 477.2789, 932.49878, 520.35846, 924.86304, 562.44977, 920.07172, 451.93466, 912.97205, 495.34897, 905.25073, 537.91327, 898.16644, 579.68359, 900.08014, 426.16553, 892.83765, 470.27234, 885.89526, 513.16754, 878.90088, 555.22137, 873.03967, 445.03482, 866.06512, 488.36508, 859.5542, 530.60284, 852.82959, 572.40289, 853.15161, 419.49878, 846.591, 463.13107, 839.94, 506.09402, 833.26062, 548.23138;
  1227.4242, 399.60394, 1226.5797, 444.16556, 1225.6101, 490.22162, 1224.7496, 538.07788, 1200.1874, 419.56174, 1199.0632, 464.56985, 1197.6746, 511.1481, 1196.1514, 559.47845, 1174.8588, 395.79016, 1173.0166, 439.82501, 1171.4642, 485.02423, 1169.7744, 532.07904, 1148.0186, 415.65118, 1146.1249, 460.05673, 1144.079, 505.49731, 1141.5739, 552.48474, 1123.8975, 392.5015, 1121.5502, 435.50125, 1119.0398, 479.90656, 1116.5642, 525.83795, 1097.7587, 411.96548, 1094.7202, 455.16522, 1092.2649, 499.72305, 1089.2407, 545.9353, 1074.6947, 389.07111, 1071.568, 431.48346, 1068.6493, 474.66684, 1065.1277, 519.87872, 1049.089, 408.15762, 1045.4872, 450.66168, 1042.1326, 494.38168, 1038.4983, 539.87457, 1027.3521, 385.87549, 1023.3843, 427.22101, 1019.629, 469.87769, 1015.7445, 513.85925, 1002.2126, 404.91876, 998.10132, 446.37347, 994.11243, 489.0777, 989.75922, 533.7981, 981.47412, 383.00461, 977.12024, 423.68759, 972.93158, 465.36142, 968.46967, 508.51331;
  1103.5504, 185.02866, 1102.3701, 232.90475, 1100.9784, 279.83261, 1099.5873, 325.51273, 1077.8052, 210.36661, 1076.7173, 257.32693, 1075.5703, 303.55804, 1074.5359, 349.05243, 1053.2549, 187.50159, 1052.3635, 235.07503, 1051.5677, 281.50555, 1050.6478, 327.08237, 1028.0818, 212.70291, 1027.3728, 259.40237, 1026.6688, 305.17255, 1026.3188, 350.43091, 1003.6484, 190.22054, 1003.2723, 236.97287, 1002.7184, 283.25912, 1002.3403, 328.67514, 979.13, 215.03093, 978.64111, 261.32587, 978.49194, 306.92249, 978.28113, 351.95953, 954.60382, 192.58339, 954.69922, 239.46288, 954.729, 284.90805, 954.59448, 330.20734, 930.52374, 217.39536, 930.8609, 263.52072, 931.03546, 308.56427, 931.15039, 352.78012, 906.45898, 195.43808, 906.85553, 241.68407, 907.25641, 286.69592, 907.84088, 331.48288, 883.05139, 219.76648, 883.45642, 265.24557, 884.25922, 309.98486, 885.02112, 354.27698, 859.07159, 197.85936, 859.90662, 243.58458, 860.81897, 288.51706, 861.95819, 332.67664;
  1114.6748, 144.8441, 1114.4597, 193.23636, 1114.3232, 241.5407, 1114.3666, 289.99176, 1088.0845, 170.67784, 1087.9779, 218.76378, 1087.9193, 266.4866, 1087.8367, 314.64462, 1062.3784, 148.61896, 1062.1591, 196.13344, 1062.1968, 243.39293, 1062.0828, 291.08746, 1036.9968, 174.06969, 1037.0001, 220.96849, 1036.7593, 267.7464, 1037.0173, 314.79913, 1012.1965, 152.25125, 1012.1713, 198.86967, 1012.1572, 245.13272, 1012.1223, 291.66339, 988.02502, 177.04672, 987.78778, 223.05724, 987.76862, 269.11359, 987.60583, 315.12708, 964.01379, 155.85129, 963.91351, 201.51291, 963.96411, 246.89322, 963.56604, 292.20447, 940.49487, 179.97585, 940.63245, 225.23752, 940.57141, 270.14142, 940.31555, 315.66812, 917.74731, 159.25266, 917.60687, 204.09981, 917.93658, 248.69623, 917.73438, 293.16641, 895.44464, 183.04375, 895.40002, 227.35698, 895.38831, 271.45248, 895.31055, 315.74637, 873.21356, 162.58289, 873.43842, 206.49165, 873.492, 250.10426, 873.50763, 293.84485;
  1083.504, 71.250641, 1078.4814, 118.76373, 1073.4602, 166.88167, 1068.5448, 215.91176, 1054.8455, 95.855141, 1049.5972, 143.03725, 1044.5748, 191.07024, 1039.5942, 239.64934, 1031.9044, 73.132538, 1026.7644, 119.86684, 1021.4767, 166.95229, 1016.4322, 214.6109, 1004.4215, 97.150497, 999.16943, 143.63097, 993.80035, 190.51231, 988.48193, 237.67639, 982.42523, 74.936539, 977.1601, 120.98567, 971.78198, 166.91743, 966.50623, 213.45038, 955.65778, 98.53936, 950.5658, 143.89618, 945.21893, 189.56331, 939.52533, 236.03424, 935.07587, 76.619469, 929.59259, 121.77655, 924.42218, 166.60025, 918.96118, 212.08917, 909.45538, 99.969833, 904.02747, 144.23741, 898.51398, 189.0993, 893.05151, 234.27957, 889.78198, 78.8554, 884.4436, 122.58282, 878.9267, 166.58127, 873.44348, 210.98915, 865.3537, 101.43531, 859.61591, 144.78972, 854.12762, 188.48354, 848.8526, 232.85297, 846.45972, 80.889297, 841.10071, 123.60403, 835.48236, 166.59808, 829.97198, 210.13557;
  1153.0006, 79.015656, 1151.7463, 115.71487, 1150.5895, 152.54996, 1149.4148, 190.28636, 1131.084, 98.014084, 1130.1871, 134.64827, 1128.7743, 171.50325, 1127.2797, 209.00255, 1111.2584, 80.667679, 1110.2277, 116.56372, 1108.7659, 153.19704, 1107.4757, 190.5237, 1090.3163, 99.304764, 1089.0172, 135.50256, 1087.4506, 172.00012, 1085.8933, 208.94418, 1071.0461, 82.061485, 1069.5369, 117.94646, 1068.0043, 153.97205, 1066.3463, 190.60123, 1050.4281, 100.70676, 1048.845, 136.24826, 1047.1526, 172.2283, 1045.4077, 208.8042, 1031.6808, 83.69001, 1030.1486, 119.02759, 1028.3899, 154.48065, 1026.3594, 190.51137, 1011.3913, 101.99212, 1009.5219, 137.13145, 1007.7511, 172.74672, 1006.0234, 208.80418, 993.45233, 84.961868, 991.58502, 120.05045, 989.27747, 155.13028, 987.6427, 190.82928, 973.5014, 103.17552, 971.66663, 137.92181, 969.51978, 173.09599, 967.63678, 208.74124, 955.97217, 86.963699, 953.89642, 120.92828, 951.97089, 155.95738, 949.83594, 190.89627;
  530.3891, 227.53151, 558.05389, 273.30688, 585.50653, 318.98584, 612.65472, 364.6149, 521.32019, 263.67334, 549.04108, 309.74512, 576.68341, 355.69907, 604.19153, 401.55054, 484.01236, 253.60834, 512.17029, 300.27084, 540.28912, 346.5853, 568.00165, 392.54449, 474.80954, 290.61383, 503.29395, 337.34317, 531.34113, 383.55054, 559.3725, 429.9751, 436.92889, 280.83743, 465.5437, 328.05823, 494.05078, 374.64749, 522.24945, 421.21561, 427.08817, 318.52466, 455.94055, 365.55698, 484.48398, 412.55469, 513.2583, 459.10529, 388.12927, 308.62457, 417.44931, 356.17554, 446.29977, 403.51523, 475.27966, 450.66806, 378.22302, 346.88071, 407.47229, 394.86691, 436.8107, 442.02737, 465.966, 489.34308, 338.29684, 337.25839, 368.10977, 385.63144, 397.67047, 433.30154, 427.04517, 480.8071, 328.48322, 376.08478, 358.01276, 424.43051, 387.75629, 472.38974, 417.60449, 520.20154, 287.40823, 366.44846, 317.77142, 415.50662, 348.01749, 463.65628, 377.85641, 511.81079;
  508.60544, 256.83466, 540.21417, 299.52744, 571.41058, 342.22491, 602.69818, 384.50204, 502.87772, 293.46768, 534.46582, 336.57294, 566.3288, 379.05591, 597.67084, 421.47153, 465.19458, 287.1456, 497.43509, 330.50107, 529.45282, 373.49503, 561.0235, 416.28833, 459.47269, 324.56274, 491.74152, 368.04156, 524.02167, 410.95737, 556.1095, 453.76208, 420.72903, 318.38708, 453.60562, 362.38696, 486.29694, 405.668, 518.55328, 448.80539, 414.7124, 356.58093, 447.69986, 400.40457, 480.31757, 443.82895, 513.34741, 487.05869, 374.90567, 350.6857, 408.45499, 395.16461, 441.62897, 438.82431, 474.93622, 482.33041, 368.55087, 389.60825, 402.27066, 433.92877, 435.88553, 477.89746, 469.21323, 521.48901, 327.84653, 383.81674, 362.37839, 428.85855, 396.39487, 473.02032, 430.01282, 516.87091, 321.51596, 423.49216, 356.19171, 468.09467, 390.18753, 512.41461, 424.26501, 556.50275, 280.00955, 417.83099, 314.99866, 463.36847, 349.7822, 508.07706, 384.18408, 552.33655;
  485.30005, 269.96851, 520.99524, 309.16183, 556.00745, 348.26941, 590.73016, 386.66592, 483.43738, 306.81351, 519.31622, 346.03665, 554.43811, 385.05341, 589.21356, 423.57956, 445.28766, 304.10294, 481.6337, 343.86389, 517.41516, 383.06021, 552.77673, 422.03778, 443.19089, 341.61636, 479.77631, 381.14706, 515.5708, 420.4166, 551.43732, 459.35321, 404.20459, 339.2692, 441.34512, 379.44507, 477.57718, 418.64371, 513.99207, 458.18985, 401.9415, 377.51727, 439.01453, 417.37897, 475.85437, 456.81824, 512.33978, 496.28952, 361.75507, 375.3761, 399.66064, 416.00568, 436.90662, 455.84418, 473.82593, 495.31659, 359.33524, 414.36868, 397.14011, 454.72012, 434.66376, 494.56094, 472.00467, 534.4408, 318.10236, 412.64664, 356.8063, 453.3252, 394.89877, 493.82452, 432.52164, 533.59497, 315.47592, 452.15671, 354.23553, 492.89343, 392.45596, 533.23254, 430.48883, 573.1217, 273.35751, 450.72522, 312.77457, 492.10916, 351.56491, 532.73804, 390.1174, 572.90771;
  470.7326, 263.79999, 509.22552, 298.89929, 547.37537, 334.02209, 585.27155, 368.80829, 472.31897, 299.76361, 510.72116, 334.95712, 549.14349, 370.03671, 587.55707, 404.95709, 434.4313, 300.24063, 473.59781, 335.98407, 512.55029, 371.11197, 551.24438, 406.37775, 435.42337, 336.78177, 475.06894, 372.63684, 514.27264, 407.84595, 553.49048, 443.30197, 396.82526, 337.60739, 436.94376, 373.85794, 476.51517, 409.62534, 516.25244, 445.21692, 398.02649, 375.35187, 438.27673, 411.51343, 478.16785, 447.32104, 518.20404, 482.69376, 358.12976, 376.52869, 399.08099, 413.19516, 439.38034, 449.31772, 479.82944, 485.40948, 359.08261, 415.06607, 399.97125, 451.59503, 441.04941, 487.64389, 481.94193, 523.91785, 318.36972, 416.91943, 360.13687, 453.7749, 401.44473, 490.35443, 442.82202, 526.68237, 319.28351, 456.02899, 361.35321, 493.05569, 402.96078, 529.45428, 444.61786, 566.05286, 277.69092, 458.20593, 320.26328, 495.7926, 362.41708, 532.74658, 404.65424, 569.41071;
  446.14169, 259.55029, 491.47043, 286.95322, 535.85773, 314.0116, 579.97064, 341.01727, 454.84396, 294.72293, 499.96979, 321.92404, 544.6463, 348.96561, 589.06604, 376.01224, 417.58224, 302.47247, 463.55728, 330.04788, 508.9552, 357.40555, 553.81305, 384.19376, 426.41211, 338.19598, 472.44849, 365.59329, 517.89703, 392.78973, 563.26019, 419.73468, 388.45013, 346.51892, 435.32407, 374.3974, 481.32602, 401.61429, 527.06555, 428.73792, 397.0993, 383.06198, 443.99417, 410.73593, 490.42172, 437.68253, 536.54156, 464.85803, 358.25333, 391.95062, 406.06009, 419.92935, 452.97382, 447.29153, 499.64423, 474.55191, 367.12604, 429.28378, 414.80545, 457.19354, 461.93732, 484.36734, 509.1239, 511.74942, 327.47528, 439.02029, 376.06433, 466.9881, 423.8688, 494.50876, 471.36508, 521.67389, 336.40381, 476.97226, 385.19113, 504.96436, 433.10748, 532.18945, 480.95068, 559.62134, 296.00851, 487.06839, 345.39047, 515.22235, 394.02917, 542.96075, 442.60074, 570.28162;
  490.28659, 201.38626, 504.5, 245.84067, 519.12195, 290.94446, 533.85687, 337.53729, 473.44693, 229.8725, 487.85815, 274.63489, 501.95886, 320.789, 516.80261, 368.18881, 442.36169, 213.51088, 456.58408, 258.30093, 470.69302, 304.42703, 485.14655, 351.42661, 424.90378, 242.05743, 438.94138, 287.66129, 453.18741, 334.46991, 467.63858, 382.38516, 393.57932, 225.60036, 407.17584, 271.38202, 421.08478, 317.67792, 435.03778, 365.30258, 375.20117, 254.69022, 389.04239, 301.00104, 402.36661, 348.32397, 416.31589, 397.05621, 343.06619, 237.85004, 356.58194, 284.28955, 370.08841, 331.3812, 383.6521, 379.79633, 324.12704, 267.55573, 337.37766, 314.61502, 350.71085, 362.61957, 363.96378, 412.18604, 291.51053, 250.77708, 304.70157, 297.73792, 317.53207, 345.60974, 330.89099, 394.59109, 271.82568, 280.80847, 284.67288, 328.51733, 297.41977, 377.27625, 310.23029, 427.41312, 238.82301, 263.92554, 251.20895, 311.47079, 263.99762, 359.96179, 276.64542, 409.84894;
  482.92935, 217.7778, 491.36911, 263.83569, 499.42737, 310.86197, 507.39139, 359.27063, 462.55951, 243.60973, 470.45004, 290.54004, 478.35477, 338.47891, 486.16129, 387.93585, 433.67511, 223.29063, 441.38693, 270.10855, 449.14111, 317.60162, 456.88211, 366.64676, 412.32455, 249.52878, 419.80875, 297.10297, 427.1619, 345.64984, 434.42068, 395.81302, 383.12299, 228.9783, 390.22708, 276.52698, 397.60181, 324.66208, 404.54565, 374.26761, 360.62143, 255.59006, 367.58514, 303.64395, 374.46347, 352.99048, 381.53552, 403.73413, 330.87674, 234.58255, 337.53171, 282.68738, 344.33203, 331.68988, 351.00244, 382.18936, 307.49878, 261.79602, 313.85648, 310.7637, 320.21271, 360.64899, 326.60593, 412.08145, 277.35898, 240.71225, 283.50995, 289.40567, 289.66623, 339.07669, 295.71097, 390.18744, 253.06317, 268.29947, 259.06375, 317.68909, 264.67905, 368.79761, 270.29849, 420.69031, 222.71436, 246.93031, 228.11711, 296.44745, 233.62445, 346.59793, 239.06224, 398.32724;
  487.38852, 260.00287, 482.3028, 307.58228, 476.79971, 356.06247, 470.561, 406.11017, 460.05313, 279.92407, 454.16309, 328.27341, 447.98389, 377.82657, 441.43634, 428.91147, 437.66702, 252.52951, 431.77707, 300.47549, 425.44672, 349.36279, 418.72522, 399.98123, 409.61938, 272.85614, 402.67841, 321.61621, 396.14124, 371.47348, 388.72565, 422.96384, 386.58966, 244.91049, 380.11993, 293.52487, 373.13745, 342.98267, 365.64182, 393.96011, 357.2807, 265.35083, 350.25034, 314.47137, 342.5332, 364.94217, 334.59955, 416.97345, 334.34888, 237.25751, 326.99677, 285.98547, 319.35611, 336.00659, 311.16779, 387.53082, 303.70181, 257.78958, 295.81415, 307.25974, 287.46329, 358.16577, 278.77335, 410.73032, 280.50058, 229.27721, 272.49081, 278.72635, 263.98846, 329.2226, 255.23689, 381.09122, 249.07802, 250.21802, 240.45642, 300.15286, 231.50401, 351.48535, 221.96387, 404.64911, 225.71123, 221.31743, 216.79913, 271.33206, 207.43074, 322.10162, 197.86459, 374.55316;
  493.53342, 270.47, 484.90921, 317.88385, 475.98401, 366.05051, 466.02798, 416.00668, 464.71271, 288.9165, 455.28159, 337.15173, 445.53424, 386.1918, 435.27051, 437.0152, 444.34274, 259.89557, 434.92099, 307.58389, 425.12573, 356.33963, 414.58746, 406.6705, 414.32422, 278.56003, 404.55298, 326.90652, 393.94705, 376.41974, 383.15799, 427.6983, 393.92465, 249.3175, 383.7421, 297.32065, 373.13467, 346.54764, 362.0752, 396.97522, 363.03867, 267.55597, 352.18506, 316.52585, 341.14487, 366.65881, 329.22742, 417.98499, 342.17075, 237.88434, 331.23087, 286.56531, 319.91696, 336.03113, 308.03381, 387.11627, 310.08527, 256.58313, 298.629, 305.82471, 286.82318, 356.38626, 274.21014, 408.43396, 289.05307, 226.71758, 277.37805, 275.78, 265.32037, 325.71927, 252.77243, 377.1633, 256.20926, 245.54895, 243.99936, 295.02243, 231.3799, 346.00842, 217.942, 398.39636, 234.80405, 215.46585, 222.48372, 264.76175, 209.43398, 315.14856, 196.40111, 366.91321;
  517.99591, 358.61929, 481.63495, 396.23291, 444.78018, 434.62253, 407.1283, 473.64755, 481.57135, 359.79562, 444.41132, 397.97375, 406.68777, 436.69733, 368.05814, 476.46063, 481.38892, 323.09317, 443.93646, 361.03152, 406.11432, 399.62589, 367.57355, 439.00766, 443.63599, 323.8403, 405.50589, 362.34036, 366.8078, 401.40732, 327.34033, 441.54721, 443.58066, 286.41022, 405.15152, 324.59003, 366.03641, 363.57077, 326.63779, 403.31873, 405.04276, 286.61166, 365.78845, 325.3143, 325.78525, 364.87479, 285.32419, 405.38132, 404.56879, 248.30762, 365.11972, 286.94205, 325.08212, 326.08612, 284.52905, 366.21591, 364.78693, 248.11412, 324.4678, 287.15009, 283.68427, 326.87, 241.93788, 367.62296, 364.40756, 208.94664, 323.89764, 247.93999, 283.01559, 287.2894, 241.14188, 327.74118, 323.70898, 208.25475, 282.20267, 247.35432, 240.26788, 287.42001, 197.72366, 328.83862, 323.36581, 168.3479, 281.7822, 207.3744, 239.64629, 247.28851, 196.53931, 288.06339;
  453.0744, 248.47501, 437.75287, 300.47772, 422.70169, 352.2037, 407.35928, 403.66797, 419.91644, 267.71863, 404.46808, 320.16858, 389.07364, 372.51523, 373.61893, 424.66095, 401.72824, 233.42249, 385.61548, 287.07327, 370.12289, 340.29279, 354.59497, 393.58786, 366.69754, 252.96597, 350.55905, 306.97592, 334.75015, 361.07419, 319.09827, 415.42661, 346.83557, 217.40875, 330.34128, 272.74084, 314.30807, 327.64114, 298.36444, 382.90118, 309.79324, 237.06754, 293.27832, 293.04239, 276.9726, 349.08209, 260.82468, 405.13156, 288.62024, 200.17584, 271.61911, 257.25409, 255.12228, 314.06732, 238.47705, 370.94928, 249.20079, 220.27518, 232.16138, 278.15613, 215.40071, 335.94009, 199.03775, 393.87866, 226.30687, 181.60649, 208.867, 240.83374, 191.715, 299.83582, 174.94547, 358.54828, 184.77052, 202.19287, 167.36945, 262.18991, 150.07129, 321.95886, 133.00015, 381.89667, 160.03278, 161.96286, 142.22896, 223.25427, 124.65213, 284.17554, 107.47278, 345.13544;
  436.9003, 231.35027, 424.71207, 283.77466, 412.68689, 336.33096, 400.56552, 388.61444, 405.14426, 251.41724, 392.80551, 304.65796, 380.44296, 357.88522, 367.97137, 411.23792, 385.11923, 218.0526, 372.44165, 272.06189, 359.75534, 326.30789, 347.31113, 380.46173, 351.62738, 238.49413, 338.56485, 293.41837, 325.96112, 348.36523, 313.28616, 403.87805, 329.97583, 203.62503, 316.70267, 259.71307, 303.60532, 315.32495, 290.71533, 371.60574, 294.17725, 224.58379, 280.90555, 281.62045, 267.62704, 338.24936, 254.53697, 395.5416, 271.06915, 188.48726, 257.25677, 246.41772, 243.68248, 304.20535, 230.45058, 362.02435, 232.93571, 209.93646, 219.02197, 268.57224, 205.36522, 327.43936, 191.55042, 386.65442, 208.07054, 171.93167, 193.81204, 232.03467, 179.77223, 291.80502, 166.0338, 351.75705, 167.82915, 194.10316, 153.46803, 254.93213, 139.32939, 315.70828, 125.0777, 376.9469, 140.94534, 154.6588, 126.19427, 216.71346, 111.74084, 278.65302, 97.415474, 340.75983;
  391.85995, 197.29976, 386.69681, 249.30238, 381.21655, 301.63663, 375.65015, 354.70712, 363.53323, 218.62369, 357.63705, 271.62204, 352.15216, 325.142, 346.61472, 379.44006, 339.81659, 186.9619, 333.81223, 240.64456, 328.01782, 294.81876, 322.21936, 349.52646, 309.34592, 208.7327, 303.26431, 263.5643, 297.15686, 318.83322, 291.43823, 374.93115, 284.32663, 175.67529, 277.66364, 231.10318, 271.45886, 287.1586, 265.18219, 343.79401, 251.61855, 198.16391, 244.99666, 254.8407, 238.40369, 311.88474, 231.85887, 369.90607, 224.80098, 163.59232, 217.70399, 221.34497, 210.94688, 279.1889, 204.0334, 337.84744, 189.73143, 186.75282, 182.5658, 245.19508, 175.34689, 304.53345, 168.30823, 364.76074, 161.14796, 150.95827, 153.39284, 210.60136, 146.08676, 270.48721, 138.56992, 331.18414, 123.82195, 174.85985, 115.94688, 235.38594, 108.1993, 296.72183, 100.66128, 358.95932, 93.271095, 137.48837, 85.113647, 199.13742, 76.897484, 261.2482, 68.828262, 324.08057;
  381.06345, 188.49199, 377.48175, 240.05748, 373.93359, 291.83115, 370.14389, 344.57962, 353.38318, 209.82062, 349.67554, 262.19052, 345.86029, 315.26279, 341.89417, 369.42035, 328.91141, 178.59302, 324.68002, 231.66768, 320.70251, 285.31918, 316.86713, 339.58954, 299.4762, 200.35956, 295.22647, 254.56876, 291.07147, 309.28247, 286.73404, 365.15894, 273.31094, 168.03796, 268.82047, 222.8091, 264.31671, 278.21777, 259.70956, 334.56323, 241.72745, 190.31679, 236.84392, 246.2791, 232.17227, 302.96655, 227.25221, 360.76297, 214.11067, 156.46494, 208.96429, 213.43369, 203.86545, 270.59567, 198.64209, 328.82739, 180.17075, 179.74106, 174.60234, 237.36519, 169.13017, 296.16635, 163.79045, 355.96606, 150.74178, 144.59857, 144.957, 203.39417, 139.02711, 262.55798, 133.29031, 322.91351, 114.3311, 168.1304, 108.28155, 228.14742, 102.17402, 288.86063, 96.033974, 350.8649, 83.292786, 132.15508, 76.560165, 192.88043, 70.105377, 254.04872, 63.691025, 316.50974;
  459.15396, 40.994923, 460.01349, 96.56868, 460.51276, 150.61061, 460.72177, 203.69278, 432.63309, 67.648422, 433.39267, 123.08425, 434.26089, 176.86928, 434.6803, 229.85497, 404.50485, 37.453609, 405.67157, 94.269432, 406.71375, 149.48465, 408.19525, 203.48592, 377.14551, 64.565559, 378.82556, 121.07583, 380.05893, 176.06638, 381.59592, 230.27246, 347.68082, 33.833939, 349.54413, 91.900536, 351.37524, 148.04712, 353.08633, 203.00888, 319.47931, 61.421291, 321.72394, 119.26449, 323.9201, 175.37178, 326.16547, 230.53746, 288.61667, 30.268219, 291.17377, 89.431511, 293.58124, 146.51286, 296.44751, 202.89529, 259.31787, 58.394615, 262.36377, 117.20976, 265.44226, 174.67386, 268.60858, 230.70996, 227.0042, 26.602053, 230.22656, 86.660789, 233.82217, 145.31819, 237.03065, 202.60724, 197.26024, 55.135826, 201.0687, 115.30006, 204.95819, 173.74496, 208.8968, 230.92445, 163.16696, 22.694946, 167.42168, 84.082962, 171.55855, 143.99536, 175.77853, 202.427;
  466.31833, 52.088036, 466.69321, 107.82872, 466.91663, 161.77463, 466.96112, 213.88991, 439.42126, 79.342552, 440.10284, 134.52742, 440.57608, 188.0408, 441.04004, 239.90361, 411.21042, 49.396553, 412.30536, 106.03259, 413.47073, 161.12827, 414.49216, 214.40848, 383.67746, 76.799995, 385.20203, 133.49413, 386.91879, 187.90213, 388.44165, 241.15872, 353.91391, 46.470406, 355.95639, 104.53496, 358.02887, 160.77151, 360.08133, 214.987, 325.81708, 74.763832, 328.32098, 132.20142, 330.71014, 187.81644, 333.13208, 242.15993, 294.35324, 43.759651, 297.36819, 102.99302, 300.38657, 159.93028, 303.55316, 215.35867, 265.30377, 72.432381, 268.99271, 131.22403, 272.42801, 187.90155, 275.86209, 242.93407, 232.33109, 40.665676, 236.47223, 101.36475, 240.67171, 159.48935, 244.5834, 215.90749, 202.84108, 70.084938, 207.5062, 130.05531, 212.15814, 187.95082, 216.92801, 244.08527, 167.90608, 37.902344, 173.35851, 99.538475, 178.69391, 158.9845, 183.64352, 216.60133;
  479.504, 96.647499, 479.2619, 151.72157, 478.64038, 203.50046, 477.52237, 253.24046, 451.71997, 124.37761, 451.69855, 178.35165, 451.50739, 229.47928, 451.46063, 278.11038, 423.11441, 95.933769, 423.92966, 151.7691, 424.43701, 204.73511, 425.02206, 254.99904, 394.78818, 123.99132, 396.31339, 178.88472, 397.46115, 230.76619, 398.59705, 280.57773, 364.38257, 95.103027, 366.78223, 151.87431, 368.74588, 205.60724, 370.58542, 256.96573, 335.69797, 123.73912, 338.61923, 179.33194, 341.28406, 232.16731, 343.85321, 282.97211, 303.32187, 94.150963, 307.09799, 151.94757, 310.66226, 206.61293, 314.15112, 259.02545, 274.29263, 123.4136, 278.75208, 180.01755, 282.98383, 233.76755, 287.31851, 285.09085, 240.00095, 93.080582, 245.42703, 152.00023, 250.83974, 207.72069, 255.66261, 260.33426, 211.00368, 122.82453, 217.01593, 180.64865, 222.83496, 235.30768, 228.48395, 287.41647, 174.71895, 92.236557, 181.77841, 152.20627, 188.67345, 208.83762, 195.20578, 262.66507;
  450.90002, 236.45738, 441.16214, 291.53915, 431.61542, 345.83069, 422.41031, 399.1814, 418.39359, 258.96121, 408.81119, 313.491, 399.54877, 367.48737, 390.28854, 421.04099, 394.99231, 225.64944, 385.56299, 281.08176, 376.34586, 335.51645, 367.35696, 389.54126, 362.10999, 248.06026, 353.05438, 302.97037, 344.10004, 357.71423, 335.03812, 411.86288, 338.17752, 214.5681, 329.11148, 270.4137, 320.44165, 325.46744, 311.40317, 379.92029, 305.03214, 237.2227, 296.43326, 292.67056, 287.69708, 347.59561, 278.96924, 402.12308, 280.56204, 203.42915, 272.13211, 259.68884, 263.58698, 315.06723, 255.13057, 369.8717, 247.35675, 226.04727, 238.97716, 282.22797, 230.56371, 337.26706, 222.35643, 392.39111, 222.59032, 191.87091, 214.33847, 248.90007, 206.26675, 304.34247, 198.24406, 359.78278, 189.56859, 214.83664, 181.3979, 271.4267, 173.53574, 327.00104, 165.62521, 382.18005, 164.43367, 180.58609, 156.45828, 237.7343, 148.48344, 293.90112, 140.78087, 349.71869;
  424.11746, 267.22144, 415.43884, 321.63266, 407.02728, 375.6539, 398.33438, 429.93961, 391.87753, 290.09702, 383.20752, 344.5112, 374.66998, 399.07358, 366.00165, 453.77328, 368.10367, 258.04587, 359.44513, 313.13135, 350.7124, 367.96439, 342.11591, 422.90778, 335.4545, 281.16672, 326.49731, 336.22861, 317.84451, 391.32349, 309.09497, 447.09012, 310.98633, 248.81519, 302.21027, 304.28766, 293.45142, 359.82855, 284.48367, 415.36475, 277.42905, 272.00259, 268.59515, 327.6792, 259.76312, 383.58832, 250.73, 439.81586, 252.31064, 239.09766, 243.50851, 295.26523, 234.72238, 351.34967, 225.79576, 407.78506, 218.164, 262.64447, 209.31049, 318.9631, 200.3567, 375.41263, 191.27396, 432.36874, 192.94148, 229.25237, 183.83197, 286.36154, 174.68936, 342.90234, 165.78586, 399.92328, 158.17548, 253.03081, 148.99194, 309.98593, 139.95406, 367.12341, 130.9239, 424.60385, 132.26424, 219.32953, 123.17511, 276.83655, 114.0435, 334.16443, 104.7949, 391.71301;
  417.36523, 276.00433, 409.57877, 329.9415, 401.89896, 383.74469, 393.99622, 438.3334, 385.72867, 298.93298, 377.79086, 353.35519, 369.89093, 407.85336, 361.88596, 462.93729, 361.47607, 267.58313, 353.582, 322.23541, 345.53467, 376.85959, 337.52661, 432.14926, 329.11411, 290.84122, 320.93387, 345.90952, 312.89001, 401.13083, 304.54233, 457.13568, 304.29083, 258.97894, 296.01331, 314.45151, 287.83701, 369.85315, 279.36481, 425.89764, 270.86389, 282.48679, 262.47986, 338.1907, 254.09729, 394.32205, 245.78358, 451.06122, 245.25247, 250.04463, 236.93541, 306.34677, 228.41466, 362.57886, 220.07715, 419.28165, 211.08788, 273.84729, 202.45685, 330.31555, 193.97231, 387.35623, 185.24335, 444.63123, 185.19118, 240.9451, 176.46434, 297.94876, 167.62839, 354.91373, 158.9505, 412.51883, 150.54961, 265.03571, 141.33058, 322.57977, 132.52895, 379.98447, 123.68458, 438.27689, 123.84001, 231.8801, 114.53403, 289.61429, 105.76134, 347.16251, 96.721237, 405.57599;
  407.42346, 292.48819, 401.97983, 345.44141, 396.61725, 398.83151, 391.00775, 453.0441, 377.34546, 315.84003, 371.77805, 369.5657, 365.78381, 423.95422, 360.00418, 479.13507, 352.57092, 285.89993, 346.41269, 339.91147, 340.57074, 394.40765, 334.51776, 449.53406, 321.08951, 309.75427, 314.75775, 364.45129, 308.66656, 419.71573, 302.39761, 476.02005, 295.28085, 279.02863, 288.79971, 334.11328, 282.48795, 389.46988, 276.07043, 445.82532, 262.61249, 303.21719, 256.11197, 358.90875, 249.52344, 414.99786, 242.55548, 472.57358, 236.14415, 272.02707, 229.17793, 327.99643, 222.34113, 384.41656, 215.59648, 441.71216, 202.11536, 296.52634, 195.01804, 353.14746, 187.89084, 410.66656, 180.89713, 469.082, 174.90807, 264.74118, 167.50125, 321.7605, 160.17511, 379.2897, 153.03035, 437.54987, 139.87601, 289.54758, 132.18396, 347.56686, 124.67876, 405.90714, 117.19409, 465.1593, 111.98022, 257.13708, 104.14835, 315.2352, 96.339142, 373.61929, 88.22879, 433.08673;
  400.11172, 307.85321, 398.39938, 359.7662, 396.45435, 412.42343, 394.45273, 466.58032, 371.98718, 332.21906, 370.0473, 385.03546, 367.74466, 438.93033, 365.75061, 494.02533, 345.8183, 303.90494, 343.47421, 356.95343, 340.99881, 411.00681, 338.48419, 466.0484, 316.29837, 328.56195, 313.7641, 382.70828, 311.15579, 437.90906, 308.51511, 494.29587, 289.33319, 299.69138, 286.19327, 354.06396, 283.22281, 409.06586, 280.2236, 465.67502, 258.40738, 324.73529, 254.9763, 380.10394, 251.80049, 436.55023, 248.26221, 494.44641, 230.23882, 295.14059, 226.50357, 350.89795, 222.85464, 407.26956, 219.23141, 465.24252, 197.62933, 320.81342, 193.47865, 377.77753, 189.63043, 435.33521, 185.49718, 494.58966, 168.58356, 290.76248, 164.13098, 347.57486, 159.66774, 405.39157, 155.4101, 464.51288, 134.43884, 316.9928, 129.63658, 375.12567, 124.8531, 433.98044, 120.23862, 494.84766, 104.40578, 285.99933, 99.160889, 344.05078, 94.016907, 403.29678, 89.005531, 463.74628;
  394.83597, 325.77051, 397.70847, 376.00775, 400.41333, 427.94321, 403.1926, 481.36963, 369.87094, 350.73746, 372.44501, 402.39594, 374.61765, 455.58188, 377.30292, 510.31406, 341.64453, 324.86017, 343.90475, 376.82788, 345.89899, 429.60046, 348.16766, 484.12781, 315.0018, 350.38864, 316.71707, 403.27228, 318.61813, 457.87708, 320.63235, 514.18298, 285.96149, 323.59933, 287.20251, 376.74603, 288.57434, 431.34732, 290.1546, 487.56003, 257.41843, 349.80798, 258.39014, 404.39258, 259.39325, 460.30673, 260.84006, 518.34943, 227.16043, 322.40515, 227.73932, 376.96838, 228.29709, 433.01047, 229.11319, 490.79108, 196.66362, 349.21909, 196.6259, 405.28912, 197.18179, 462.87546, 197.41447, 522.73706, 165.65549, 321.13196, 164.9532, 377.3414, 164.87833, 434.92267, 164.76054, 494.29251, 133.02489, 348.86734, 132.27855, 406.44934, 131.69806, 465.70667, 131.15508, 527.12775, 100.69209, 319.91266, 99.453651, 377.59012, 98.174187, 436.95639, 97.21244, 498.05673;
  459.49023, 380.10318, 469.9249, 428.62195, 480.12143, 479.06586, 490.48615, 531.46582, 439.66238, 407.23651, 449.84698, 457.28387, 459.8992, 509.246, 470.16342, 563.28314, 409.3114, 385.17383, 419.01331, 435.26715, 428.81827, 487.06845, 438.75787, 541.04926, 387.7861, 413.09457, 397.35394, 464.73099, 407.13428, 518.06219, 417.02481, 573.85742, 356.08224, 390.34015, 365.37888, 442.29633, 374.85184, 495.49692, 384.27109, 550.85217, 333.28308, 419.15561, 342.23489, 472.67593, 351.21124, 527.54413, 360.50189, 584.97076, 300.44705, 395.70313, 309.17203, 449.20609, 317.55658, 504.33279, 326.32166, 561.35986, 275.36154, 425.62933, 283.7547, 480.87421, 291.86496, 537.63702, 300.51215, 596.91321, 241.18182, 401.70105, 248.97098, 456.8515, 256.94998, 513.64294, 265.03989, 572.70911, 214.30139, 432.66968, 221.61899, 489.45059, 229.37386, 548.13257, 236.99675, 609.52869, 178.79494, 408.03741, 185.77739, 464.90482, 192.85414, 523.59625, 200.18658, 584.59418;
  483.29672, 387.10394, 491.233, 438.59735, 499.00964, 491.31036, 506.59381, 545.06781, 461.85223, 415.74203, 469.56006, 468.40552, 476.94931, 522.15381, 484.44928, 577.5202, 432.16995, 392.16824, 439.46085, 445.11258, 446.79877, 499.00308, 454.21899, 554.29437, 409.01767, 421.53238, 416.17407, 475.57837, 423.4288, 530.80688, 430.80429, 587.69269, 378.2023, 397.33002, 385.1199, 451.80099, 392.24918, 507.21411, 399.17416, 563.77423, 353.57529, 427.59799, 360.4382, 483.03024, 367.17374, 539.95825, 374.27292, 598.33472, 321.50217, 402.74564, 328.1524, 458.8822, 334.62833, 515.56085, 341.05148, 574.18536, 295.05569, 433.86191, 301.26917, 491.41028, 307.78671, 549.38129, 314.10904, 609.76007, 261.45886, 408.41824, 267.50909, 466.15665, 273.64651, 524.71411, 279.91446, 584.80878, 233.41118, 440.53964, 239.35765, 499.33051, 245.11588, 559.71045, 251.23396, 621.50427, 198.50594, 414.64789, 204.0318, 473.88235, 209.66801, 534.20129, 215.43896, 595.90198;
  711.56274, 475.39136, 721.52667, 526.92065, 731.51569, 579.0921, 741.47052, 632.17493, 692.5025, 505.55396, 702.3988, 557.77161, 712.28937, 611.04987, 722.36884, 665.10229, 663.41669, 484.02856, 672.95166, 536.32825, 682.82758, 589.45123, 692.60516, 643.59619, 643.56573, 514.66748, 652.87378, 567.90515, 662.93994, 622.10034, 672.97186, 677.38702, 613.93719, 492.67307, 623.01855, 546.12201, 632.73407, 600.3139, 642.50171, 655.23407, 593.01959, 523.96265, 602.23499, 578.3363, 611.66907, 633.20215, 621.62305, 689.70258, 562.47717, 501.75824, 571.61084, 556.16711, 580.68152, 611.34344, 590.23828, 667.44257, 540.47192, 533.97711, 549.40344, 589.26483, 558.55865, 645.38293, 568.23065, 702.7395, 509.1347, 511.18369, 517.99536, 566.75531, 526.93799, 622.96411, 536.11096, 680.18359, 486.29004, 544.17145, 494.98679, 600.43799, 503.94089, 657.56293, 513.0838, 716.19659, 454.12125, 521.29803, 462.68338, 577.39398, 471.46033, 634.73114, 480.51056, 693.02832;
  721.63782, 470.12057, 732.53229, 520.86035, 743.93079, 572.15588, 754.96509, 624.67584, 703.4588, 500.04858, 714.40125, 551.38428, 725.4566, 603.68823, 736.69708, 657.54645, 674.44885, 479.13608, 684.91803, 530.54834, 695.83362, 582.79346, 706.84827, 636.39014, 655.30499, 509.36581, 665.96704, 561.76703, 676.86017, 615.04279, 687.94537, 669.97394, 625.54889, 488.48569, 635.88782, 540.57867, 646.38861, 594.06207, 657.15082, 648.20581, 605.65338, 519.42871, 615.92584, 572.65015, 626.3064, 626.94397, 637.48145, 682.56238, 575.14734, 497.80707, 585.0506, 551.13995, 595.29999, 605.22864, 605.74451, 660.87537, 554.03558, 529.39728, 564.00012, 583.86548, 574.16394, 638.93402, 584.67932, 696.07434, 522.91125, 507.5611, 532.34521, 561.93585, 542.38879, 617.21356, 552.53448, 673.81683, 500.70587, 540.04321, 510.45679, 595.32819, 520.30676, 651.57263, 530.32654, 709.40247, 468.79257, 517.83899, 478.39218, 573.15564, 487.86255, 629.65784, 497.62964, 687.18121;
  730.61957, 463.47479, 742.38892, 513.11664, 754.12421, 563.6355, 765.91296, 615.56653, 712.95526, 492.93164, 724.74341, 543.24115, 736.43024, 594.84399, 748.36804, 648.11169, 683.90717, 472.29819, 695.16455, 522.96594, 706.61945, 574.42694, 718.40302, 627.28821, 665.49506, 502.3085, 676.87091, 553.65704, 688.28662, 606.27246, 700.04407, 660.38611, 635.83478, 481.39084, 646.68903, 532.88263, 657.76892, 585.38306, 669.24628, 639.14508, 616.49774, 512.02032, 627.33386, 564.43292, 638.53912, 617.90912, 649.88757, 673.06921, 586.27509, 490.74216, 596.79102, 543.40912, 607.30676, 596.59967, 618.3031, 651.55896, 565.88568, 522.08881, 576.2041, 575.47937, 586.74707, 630, 597.6723, 686.32416, 534.94916, 500.64197, 544.84265, 554.16864, 555.19196, 608.66705, 565.76923, 664.34558, 513.50916, 532.44177, 523.49323, 587.06757, 533.70697, 642.5415, 544.19, 699.61627, 481.74222, 510.73203, 491.65311, 565.32141, 501.35797, 620.73199, 511.50354, 677.33588;
  813.33258, 469.358, 795.88019, 516.82684, 778.32666, 564.14905, 759.86139, 612.31512, 781.85669, 484.03912, 764.24335, 531.28705, 746.19196, 579.07104, 727.53815, 627.35614, 768.03625, 451.27441, 750.33105, 498.25906, 732.18768, 545.96167, 713.77954, 594.3606, 736.30579, 465.56714, 718.3465, 513.03186, 700.00452, 560.90808, 681.18536, 609.76758, 722.45123, 432.9263, 704.39307, 480.12283, 686.12195, 527.80743, 667.40857, 576.06079, 690.37476, 447.35147, 672.01398, 494.68512, 653.367, 542.63623, 634.31836, 591.3725, 676.5, 414.5, 658.17627, 461.73111, 639.46814, 509.32407, 620.43726, 557.57428, 643.93103, 428.62003, 625.17584, 476.1087, 606.29651, 524.21045, 586.86523, 573.17206, 629.94598, 395.80954, 611.20551, 443.06119, 592.21027, 490.85239, 572.96399, 539.29419, 597.1413, 410.13593, 578.17664, 457.50034, 558.82709, 505.75647, 539.12421, 554.47845, 583.08447, 376.91446, 564.03577, 424.34634, 544.85608, 472.12097, 525.00677, 520.83539;
  771.69305, 321.65082, 758.82404, 363.94489, 746.25891, 405.24463, 733.99103, 445.185, 744.78345, 339.34668, 732.30975, 381.18341, 720.05151, 422.50443, 707.69452, 462.33987, 730.27576, 314.17654, 717.61102, 356.96655, 705.55981, 398.74591, 693.17682, 439.88593, 702.76196, 332.11298, 690.53967, 374.69638, 678.62384, 416.42798, 666.79926, 457.30637, 687.7002, 306.2514, 675.13239, 349.83578, 663.38556, 392.36072, 651.76221, 434.03851, 659.92834, 324.52191, 647.70917, 367.90726, 636.04102, 410.23096, 624.86322, 451.90973, 643.98926, 298.44492, 631.82599, 342.65933, 620.34418, 385.70471, 608.80688, 427.96796, 615.28503, 316.81812, 603.55103, 360.66507, 592.29987, 403.80194, 581.27484, 446.06647, 598.35956, 290.0177, 586.80225, 335.11057, 575.45245, 379.26129, 564.64282, 421.90851, 569.36157, 308.68387, 558.46149, 353.54587, 547.61151, 397.25394, 536.83063, 440.09073, 551.88171, 281.21594, 540.64954, 327.28763, 529.87726, 371.99774, 519.33295, 415.40067;
  751.25836, 317.4606, 739.52808, 360.41016, 727.93549, 401.94562, 716.21478, 443.17551, 724.74969, 335.9639, 713.36969, 378.38751, 701.93549, 419.92505, 690.52509, 460.7236, 709.91058, 310.78995, 698.26135, 354.35654, 686.87921, 396.60635, 675.8186, 438.31516, 683.06287, 329.61459, 671.6189, 372.71951, 660.46222, 415.10104, 649.58881, 456.79446, 667.40778, 303.97699, 656.09857, 348.05341, 644.71588, 391.45111, 633.78546, 433.45709, 639.75934, 322.88812, 628.57556, 366.99863, 617.82568, 409.93118, 607.23999, 452.36835, 623.24695, 297.03342, 612.15118, 341.95993, 601.28412, 385.73914, 590.63123, 428.78232, 595.0896, 316.12894, 584.23535, 360.76605, 573.52344, 404.66339, 563.36517, 447.72516, 577.46027, 289.46567, 566.93439, 335.39697, 556.40881, 380.11456, 546.0553, 423.60266, 548.74939, 308.94812, 538.44055, 354.78967, 528.18433, 399.27368, 518.38647, 442.83521, 530.44409, 281.51663, 520.10437, 328.70795, 510.24414, 374.02112, 500.18213, 418.46384;
  535.30487, 238.1953, 548.39215, 292.20834, 560.86078, 347.28455, 573.55182, 403.37296, 515.54883, 268.09009, 528.26147, 323.49405, 541.0083, 379.97443, 553.80524, 437.59338, 482.26929, 243.28983, 494.99756, 299.02448, 507.75674, 355.97531, 520.40765, 413.88385, 460.79123, 274.13397, 473.57889, 331.36603, 486.28204, 389.66888, 499.33881, 449.03796, 426.14929, 248.79668, 438.49179, 306.49786, 451.27161, 365.18207, 464.22952, 424.83844, 402.86371, 280.80029, 415.33459, 340.07303, 428.05209, 400.05252, 440.99664, 461.54797, 366.24783, 254.40045, 378.69519, 314.27002, 391.17944, 374.81567, 403.75375, 436.60352, 340.82388, 287.82956, 353.15109, 349.00259, 365.97238, 411.1543, 378.61066, 474.73666, 302.21033, 260.74466, 314.67505, 322.57486, 326.9353, 385.29443, 339.46594, 449.18808, 274.8078, 295.42151, 287.12268, 358.70425, 299.58694, 423.00931, 312.14566, 488.76569, 234.10742, 267.57861, 246.33669, 331.56598, 258.67737, 396.3371, 270.96359, 462.42639;
  574.47711, 224.66917, 586.74957, 283.32275, 598.40692, 343.03094, 610.10565, 404.00894, 551.63666, 256.94083, 563.44086, 316.78702, 575.10669, 377.75449, 586.74915, 440.28534, 516.29248, 229.7547, 527.87964, 290.13049, 539.40186, 351.20016, 551.07062, 413.93356, 491.71216, 262.98584, 503.19205, 324.4505, 514.67303, 387.00241, 526.49628, 451.12949, 454.98276, 235.1884, 466.27582, 297.2023, 477.54385, 360.04602, 489.03461, 424.09967, 428.61716, 269.34656, 439.77527, 332.58572, 450.97815, 396.91168, 462.31137, 462.81113, 390.2963, 240.63261, 401.24631, 304.47806, 412.19135, 369.17468, 423.15524, 435.23059, 362.01385, 275.98376, 372.58786, 341.10034, 383.54269, 407.25955, 394.43796, 475.12405, 321.91727, 246.69203, 332.49454, 312.48285, 343.17084, 378.91406, 353.76654, 446.90436, 291.5455, 283.11725, 302.0452, 350.1257, 312.50723, 418.14587, 323.16089, 488.04044, 249.94627, 253.43335, 260.10468, 320.78564, 270.42874, 389.10233, 280.72986, 459.1416;
  608.46198, 215.99646, 619.30151, 278.32303, 629.91663, 342.25891, 640.53284, 407.56836, 582.58252, 249.90997, 592.97614, 313.61633, 603.35718, 378.8215, 613.91864, 445.80591, 545.55328, 220.89098, 555.65491, 284.89209, 566.2323, 349.94336, 576.31757, 416.51962, 518.12695, 255.5768, 528.14539, 320.68646, 538.15314, 387.16272, 548.45941, 455.44046, 479.9216, 225.78865, 489.79752, 291.27451, 499.49396, 357.78, 509.48639, 425.78577, 450.87958, 261.22958, 460.64734, 328.00995, 470.02444, 395.98596, 479.89636, 465.7655, 411.58566, 230.78548, 420.86798, 297.89319, 430.18033, 365.85034, 439.49115, 435.54633, 380.49142, 267.43616, 389.68375, 335.66699, 398.75357, 405.06393, 407.89658, 476.68655, 340.02124, 236.25427, 348.79419, 304.95697, 357.54742, 374.62695, 366.45798, 445.89575, 307.36646, 273.88293, 315.95892, 343.59598, 324.32977, 414.75, 333.01199, 487.98526, 265.44272, 242.28989, 273.69287, 312.25369, 281.8728, 383.45163, 290.20969, 456.46317;
  625.06433, 210.90111, 635.49493, 275.1915, 645.51923, 341.02188, 655.79578, 408.42834, 597.74078, 245.68079, 607.73932, 311.39215, 617.53717, 378.44266, 627.65869, 447.34787, 559.98901, 215.72441, 569.52258, 281.49411, 579.25092, 348.43216, 589.10455, 416.87894, 531.30792, 251.27466, 540.73993, 318.36646, 550.19794, 386.59061, 559.76367, 456.83801, 492.54565, 220.74135, 501.65466, 287.85464, 510.84863, 356.1152, 519.99579, 426.0376, 462.13812, 256.9519, 471.08371, 325.40604, 480.02612, 395.16653, 489.12607, 466.68365, 422.15085, 225.73709, 430.92999, 294.38385, 439.57529, 363.93875, 448.30524, 435.2576, 390.2764, 262.94745, 398.5784, 332.77774, 407.11804, 403.95624, 415.2518, 477.13864, 349.34171, 231.1667, 357.272, 301.28067, 365.3833, 372.32742, 373.56613, 445.29541, 315.70593, 269.29926, 323.42838, 340.53198, 331.33237, 413.24344, 339.32108, 487.66199, 273.77435, 237.1241, 281.22812, 308.47195, 288.53024, 380.99365, 296.25064, 455.44983;
  639.21039, 205.38887, 649.10431, 271.7077, 658.81824, 339.29718, 668.46301, 408.53189, 610.60736, 241.20471, 620.00726, 308.51462, 629.47906, 377.75177, 639.17438, 448.30075, 572.16846, 210.27042, 581.15405, 277.86084, 590.40857, 346.65735, 599.74078, 416.99237, 542.20306, 247.02916, 551.08997, 315.70535, 560.02783, 385.64767, 569.17133, 457.49295, 502.85388, 215.44858, 511.35751, 284.31552, 520.03131, 354.22873, 528.80786, 425.5545, 471.578, 252.61713, 479.81555, 322.59583, 488.0593, 393.86676, 496.81036, 467.0451, 431.08743, 220.54453, 439.07315, 290.79956, 447.24716, 361.87469, 455.48264, 434.73407, 398.1214, 258.76816, 405.79266, 329.85818, 413.58459, 402.45721, 421.45041, 477.09979, 356.98325, 226.14172, 364.31958, 297.65085, 371.7785, 370.02853, 379.32065, 444.19601, 322.49417, 264.95193, 329.65945, 337.36038, 336.73898, 411.30588, 344.14731, 487.29501, 280.30771, 232.22974, 287.23425, 304.65594, 293.978, 378.29929, 300.87857, 453.77661;
  651.12646, 201.55438, 660.41089, 269.52338, 669.50409, 339.11783, 678.57141, 410.28812, 621.04596, 238.28365, 630.03064, 307.55945, 639.01782, 378.4144, 648.00671, 450.78244, 581.82117, 206.51686, 590.56134, 275.80664, 599.18262, 346.27209, 607.96179, 418.55624, 550.92084, 243.84814, 559.25372, 314.2023, 567.57312, 385.85172, 576.09851, 459.82315, 511.00073, 211.59361, 519.11707, 282.09686, 526.98859, 353.62759, 535.09344, 426.74377, 478.57581, 249.53691, 486.3201, 321.16122, 494.08636, 393.82419, 501.86957, 468.664, 437.93204, 216.93196, 445.24579, 288.31042, 452.78271, 361.04709, 460.2424, 435.31018, 404.1189, 255.49034, 411.13983, 328.00415, 418.23898, 402.16391, 425.33182, 478.12659, 362.69003, 222.31482, 369.51822, 295.2037, 376.10492, 368.6745, 383.08212, 444.32239, 327.66391, 261.79028, 334.04355, 335.45517, 340.41779, 410.37476, 347.07889, 487.60495, 285.6398, 228.37175, 291.61887, 301.95822, 297.83295, 376.68637, 303.94382, 453.16403;
  662.41473, 200.52724, 671.06622, 270.42865, 679.7168, 341.72476, 688.17676, 414.82193, 631.28076, 238.12839, 639.50031, 309.12927, 647.74561, 381.68155, 656.07703, 456.08594, 591.60187, 205.48114, 599.5163, 276.38181, 607.37024, 348.61847, 615.49023, 422.36642, 559.58777, 243.56917, 566.90894, 315.63605, 574.59686, 388.83572, 582.30322, 464.2886, 519.30701, 210.62204, 526.53784, 282.55185, 533.72913, 355.38297, 540.93622, 430.07123, 485.88959, 249.15854, 492.76443, 321.99081, 499.79984, 396.10751, 506.71893, 472.45349, 445.00272, 215.66367, 451.60504, 288.33658, 458.33978, 362.34982, 464.905, 437.96951, 410.33835, 254.7673, 416.71115, 328.58191, 422.8251, 403.55112, 429.13422, 480.95502, 369.03955, 220.96315, 375.06985, 294.70761, 380.91559, 369.50665, 386.83084, 446.1167, 333.43573, 260.7059, 339.08572, 335.32645, 344.57626, 411.44882, 350.3526, 489.53412, 291.87234, 226.70645, 297.00076, 301.16238, 302.03165, 376.83441, 307.33899, 454.24252;
  673.3623, 202.47807, 681.25049, 274.00436, 688.92902, 347.17426, 696.66724, 422.02469, 641.06464, 240.80136, 648.39203, 313.52383, 655.72784, 387.64993, 663.27448, 464.07385, 601.14331, 207.4257, 607.9071, 279.92166, 615.13727, 353.57681, 622.2002, 428.93909, 567.74414, 246.15234, 574.46234, 319.52274, 581.14624, 394.30814, 587.97827, 471.14902, 527.36707, 212.2229, 533.58142, 285.4993, 540.09033, 359.86963, 546.4259, 435.83969, 493.03336, 251.27869, 498.90656, 325.53531, 505.17319, 401.01184, 511.28699, 478.45972, 452.05099, 217.06502, 457.90323, 291.02258, 463.69501, 366.19153, 469.45822, 443.12033, 416.90982, 256.76712, 422.17703, 331.60205, 427.60184, 407.68796, 432.83514, 486.15915, 375.7988, 222.30585, 380.79443, 297.00366, 385.7897, 372.79883, 390.79202, 450.46069, 339.42575, 262.24783, 344.23071, 337.89923, 348.85535, 414.8876, 353.55759, 493.85812, 298.21893, 227.664, 302.54245, 302.91348, 306.80017, 379.37885, 311.21304, 457.73975;
  696.24384, 210.9377, 702.22253, 285.8894, 708.20184, 362.34982, 714.14276, 440.52698, 661.27588, 250.5453, 666.88855, 326.35803, 672.41437, 403.74347, 677.97546, 483.25867, 620.70898, 215.27295, 625.935, 290.83795, 631.10162, 367.30176, 636.31213, 445.69571, 585.27698, 255.0827, 590.04968, 331.07736, 594.85663, 408.69269, 599.7207, 488.32492, 544.66406, 219.56314, 549.32227, 295.26593, 553.61945, 372.13779, 558.09662, 450.85217, 508.6131, 259.49567, 512.85553, 335.94727, 516.67029, 413.64682, 520.81335, 493.59314, 468.02695, 223.84328, 472.08109, 299.98489, 475.729, 376.87561, 479.44284, 456.02808, 431.39792, 264.01297, 434.69681, 340.67719, 438.12482, 418.7673, 441.44489, 498.99387, 391.09021, 228.34529, 394.20584, 304.60022, 397.34924, 382.00812, 400.20154, 461.1481, 354.07605, 268.7973, 356.54419, 345.44189, 359.40585, 423.81696, 362.05334, 504.185, 313.83527, 232.93381, 316.41678, 309.39569, 318.67471, 386.8671, 320.9183, 466.15454;
  727.21075, 219.53989, 731.02148, 298.6879, 735.19238, 379.27246, 738.9458, 461.88495, 689.15332, 261.22586, 692.69427, 340.78479, 696.21277, 421.98828, 699.7464, 505.30914, 648.03009, 224.05934, 651.13953, 302.71207, 654.29388, 382.84177, 657.27905, 464.67389, 610.17664, 265.36816, 612.86523, 344.51685, 615.65503, 424.99496, 618.39624, 507.66531, 569.93854, 228.37279, 572.41467, 306.7211, 574.77081, 386.17401, 577.05493, 467.32407, 532.24908, 269.51175, 534.36121, 348.08615, 536.44385, 427.93173, 538.3822, 509.92902, 492.6662, 232.61182, 494.70264, 310.53201, 496.32159, 389.34052, 498.16772, 469.95319, 455.29889, 273.59177, 456.90875, 351.668, 458.24301, 430.93298, 459.52875, 512.32666, 416.71039, 236.93044, 418.04498, 314.31964, 419.2149, 392.73596, 420.2229, 472.64853, 380.06628, 277.68323, 380.8035, 355.01169, 381.61469, 433.86096, 382.52322, 514.48669, 342.42798, 241.37444, 342.84064, 318.18591, 343.41708, 395.96313, 344.02368, 475.17105;
  817.24756, 208.61362, 805.27856, 291.2374, 793.63538, 374.69232, 782.2691, 459.60623, 770.82288, 246.52615, 758.97876, 328.20215, 747.42682, 411.05862, 735.85327, 495.12363, 737.63397, 203.23203, 725.88458, 283.54147, 713.94836, 364.32065, 702.22955, 446.53445, 693.87939, 240.19077, 681.91895, 319.41504, 670.04486, 399.51852, 657.97961, 481.28564, 662.72968, 198.18742, 651.13452, 276.04553, 639.10608, 354.29904, 626.97388, 434.01633, 621.0127, 233.93469, 609.12115, 310.89917, 597.15668, 388.75061, 584.93921, 467.88315, 592.03094, 193.08012, 580.13348, 268.9614, 568.21313, 345.04465, 556.32843, 422.37347, 552.14886, 228.20483, 540.34033, 303.08789, 528.09113, 378.48978, 516.00885, 455.38873, 525.38959, 188.79373, 513.44751, 262.26981, 501.29349, 336.2981, 489.33994, 411.32895, 487.82584, 223.03168, 475.63806, 295.38031, 463.5134, 368.76913, 451.27307, 443.46173, 462.92068, 184.89355, 450.74933, 256.04419, 438.59991, 327.95163, 426.54727, 400.93134;
  822.42218, 220.85628, 811.30945, 306.01071, 800.12531, 390.61563, 789.10632, 474.37338, 774.1004, 258.71893, 763.31915, 343.17987, 752.34247, 426.60571, 741.58331, 510.06757, 737.42389, 211.54691, 726.79095, 295.89008, 716.06183, 379.21793, 705.43085, 462.22098, 690.52686, 249.13815, 680.10272, 332.2598, 669.52332, 414.88675, 659.0564, 497.63342, 654.48993, 202.36873, 644.36926, 285.73251, 634.02332, 368.11157, 623.65454, 450.30801, 608.67297, 239.57471, 598.68866, 321.72421, 588.6712, 403.42184, 578.37158, 485.22073, 573.47223, 193.21858, 563.5473, 275.73947, 553.83435, 357.24011, 543.90839, 438.53088, 528.64923, 230.06697, 519.0401, 311.54669, 509.37537, 392.26096, 499.65253, 473.19348, 494.38263, 184.70627, 484.7807, 266.16901, 475.25421, 346.76669, 465.79126, 427.0004, 450.81732, 221.18274, 441.40497, 301.45624, 432.16629, 381.45853, 423.03299, 461.25632, 417.47714, 176.18443, 408.04413, 256.54929, 398.89026, 336.19949, 389.57126, 415.75537;
  522.53772, 211.55438, 528.79321, 265.29526, 535.112, 319.72937, 541.52838, 374.83844, 498.06012, 241.01527, 504.20618, 295.51648, 510.44858, 350.52698, 516.7937, 406.39713, 467.41599, 216.54802, 473.44772, 270.99451, 479.52518, 325.83304, 485.58798, 381.47635, 442.25793, 246.45033, 448.26804, 301.19696, 454.32718, 356.96509, 460.47006, 413.02774, 411.24149, 221.55142, 417.08691, 276.54492, 422.92932, 331.95377, 428.83081, 388.12878, 385.46002, 251.86813, 391.35617, 307.1828, 397.15842, 363.19714, 403.01892, 419.90421, 353.78708, 226.81093, 359.65622, 282.19824, 365.31494, 338.03323, 371.00162, 394.85327, 327.59006, 257.24628, 333.20746, 313.2067, 338.69952, 369.63531, 344.44101, 427.22116, 295.61731, 232.09547, 301.28165, 288.19614, 306.54514, 344.58051, 312.29919, 401.84549, 268.95276, 262.98752, 274.42102, 319.35437, 279.73871, 376.65027, 285.26025, 434.23798, 236.87712, 237.44133, 242.06087, 294.07819, 247.3019, 351.03442, 252.83311, 408.70819;
  529.43542, 225.38135, 534.22961, 277.46835, 539.1427, 329.98557, 544.3468, 382.72845, 505.74713, 254.34476, 510.55844, 306.29025, 515.51801, 358.55533, 520.42126, 411.89883, 477.12985, 230.40027, 482.03458, 282.6366, 486.80237, 335.02066, 491.74597, 387.88699, 453.50568, 259.16733, 458.32181, 311.51331, 463.01898, 363.79086, 467.7337, 416.93216, 424.83371, 235.48483, 429.62885, 287.90155, 434.44177, 340.13028, 439.02774, 393.02173, 400.92038, 264.23776, 405.65207, 316.39951, 410.39175, 369.09616, 415.09338, 422.15515, 372.16223, 240.52264, 377.28891, 292.92303, 381.67349, 345.17654, 386.4263, 398.09344, 348.38876, 269.25098, 353.15756, 321.57693, 357.73508, 374.24719, 362.39581, 427.36279, 319.6272, 245.40233, 324.64215, 297.7438, 329.09338, 350.31479, 333.66653, 403.17957, 296.07489, 274.22537, 300.46317, 326.72476, 305.08939, 379.22263, 309.8205, 432.24435, 267.67014, 250.50467, 272.17325, 303.1228, 276.7731, 355.46082, 281.50934, 408.39529;
  537.90088, 226.16611, 541.86591, 277.2178, 546.15698, 328.56113, 550.24335, 380.16888, 514.508, 254.03874, 518.68304, 305.04089, 522.85248, 356.46222, 526.96759, 408.40396, 487.03763, 230.46973, 491.27985, 281.85617, 495.37421, 332.73157, 499.48083, 384.32343, 463.99893, 258.40811, 468.01169, 309.48901, 472.07785, 360.44147, 476.01563, 412.3497, 436.65179, 235.1024, 440.89737, 286.29077, 444.75296, 337.12985, 449.09177, 388.50809, 413.67404, 263.04611, 417.73206, 314.04791, 421.64096, 364.95227, 425.60208, 416.68311, 386.37408, 239.92902, 390.47467, 290.65521, 394.47247, 341.49826, 398.50317, 392.73691, 363.27859, 267.5549, 367.46481, 318.25006, 371.39163, 369.13269, 375.34991, 420.57465, 336.49432, 244.19569, 340.66837, 295.15695, 344.43854, 345.92209, 348.37112, 396.85632, 313.91937, 271.99945, 317.52591, 322.65714, 321.58478, 373.29367, 325.56799, 424.24792, 287.1749, 248.92911, 290.94568, 299.3913, 294.8078, 349.9834, 298.88297, 400.79477;
  544.28851, 221.77919, 547.39233, 272.23956, 550.84082, 323.01038, 554.13098, 373.9151, 521.05505, 249.06636, 523.9621, 299.42273, 527.26245, 350.17712, 530.75092, 400.97864, 494.5123, 225.72453, 497.73984, 276.0296, 500.80896, 326.30978, 503.85001, 377.15271, 471.37027, 252.49486, 474.56772, 302.95508, 477.69357, 353.55066, 480.72849, 404.12225, 444.97617, 229.22063, 448.41656, 279.55551, 451.34534, 329.75439, 454.40079, 380.2713, 421.7533, 256.20737, 425.18137, 306.3317, 428.34235, 356.6774, 431.24646, 407.1554, 395.62289, 233.25064, 399.04816, 283.07855, 402.07596, 333.05136, 405.2337, 383.50003, 372.83359, 260.06128, 376.09198, 309.88821, 379.0567, 359.96616, 382.07101, 410.36731, 346.83167, 236.73463, 350.0907, 286.52579, 353.14984, 336.61978, 356.29071, 386.71567, 324.32617, 263.43964, 327.36035, 313.20459, 330.496, 362.96613, 333.56845, 413.23972, 298.8345, 240.36458, 301.65942, 290.05365, 304.55127, 339.77747, 307.85248, 389.73404;
  547.82648, 219.16292, 550.5285, 269.44913, 553.54773, 319.91074, 556.6955, 370.69678, 524.30579, 246.23985, 527.19446, 296.1882, 530.04553, 346.85757, 533.05298, 397.59949, 498.28082, 222.76253, 500.90982, 273.11859, 503.85794, 322.97586, 506.84286, 373.90546, 475.246, 249.3885, 477.84891, 299.7149, 480.65195, 349.86844, 483.36972, 400.65051, 449.08115, 226.11475, 451.7803, 275.99652, 454.62091, 326.24979, 457.34009, 376.63489, 425.84155, 253.10832, 428.65482, 302.65579, 431.33426, 352.90329, 434.0455, 403.24881, 399.83475, 229.51256, 402.68329, 279.45044, 405.49503, 329.28806, 408.3049, 379.51056, 376.93408, 256.15225, 379.65472, 306.12021, 382.25156, 355.91974, 385.23636, 406.10791, 351.21048, 232.99402, 354.03284, 282.65671, 356.63666, 332.33456, 359.5361, 382.45874, 328.66248, 259.38327, 331.19849, 309.07993, 334.03336, 358.92657, 336.52573, 408.80225, 303.42606, 236.32498, 305.99762, 285.94717, 308.57788, 335.36478, 311.20627, 385.07925;
  550.12347, 218.31137, 552.97858, 268.33279, 556.17151, 318.61536, 559.17053, 369.07803, 526.76563, 245.21596, 529.54852, 294.98416, 532.63391, 345.29074, 535.92914, 396.09253, 500.63284, 221.813, 503.55453, 272.0296, 506.56253, 321.94958, 509.62537, 372.20471, 477.67053, 248.62953, 480.51855, 298.47263, 483.35751, 348.60175, 486.29233, 399.24576, 451.46661, 225.54454, 454.32996, 275.38086, 457.11169, 325.03229, 460.12109, 375.38144, 428.44229, 252.22237, 431.25052, 301.98688, 434.04996, 351.90564, 436.96268, 402.14151, 402.52713, 228.73985, 405.23932, 278.46912, 408.26563, 328.23523, 411.09222, 378.77744, 379.48526, 255.48962, 382.45471, 305.02979, 385.12698, 355.02179, 388.03995, 405.21588, 353.99323, 232.54472, 356.55612, 281.97202, 359.42285, 331.62143, 362.32559, 381.66779, 331.27576, 259.03854, 334.0101, 308.40228, 336.68274, 358.12048, 339.48697, 408.14029, 306.06879, 236.12901, 308.58713, 285.39383, 311.18188, 334.90878, 313.96518, 384.35159]
