image_Width 640
image_Height 360
board_Width 5
board_Height 6
square_Size 25.5
Camera_Matrix[474.7362331173333, 0, 336.9159183412804;
  0, 471.6468943643084, 170.6371361334853;
  0, 0, 1]
Distortion_Coefficients[-0.01566076683042372;
  0.0357104158888431;
  0;
  0;
  -0.08833872766225771]
Avg_Reprojection_Error 0.314888
Per_View_Reprojection_Errors[0.28019917;
  0.44967288;
  0.19818461;
  0.29467013;
  0.38276646;
  0.40685123;
  0.19198237;
  0.18202227;
  0.45113716;
  0.19292201;
  0.17042875;
  0.25947335;
  0.26745564;
  0.31384489;
  0.47254837;
  0.19266668;
  0.36281428;
  0.35257787;
  0.33389163;
  0.22879216;
  0.32419845;
  0.33220911;
  0.34972548;
  0.34971929;
  0.20636864]
Extrinsic_Parameters[2.207555422093678, -2.048228107223151, -0.1080859952010718, 40.62094435034623, 73.33260321855202, 360.789048433888;
  -2.216539592317669, 2.078635769086842, -0.09240727600026857, 20.14190557401961, 72.17640392757302, 372.7575437049958;
  -2.272361180247045, 2.018221272514536, 0.1311032054852034, 119.3850071581076, 35.42916453516512, 374.4767117141862;
  -2.029561439470946, 2.329780197312408, -0.1309088811890147, 156.7180394398656, 71.32353060835041, 354.7940374957765;
  2.161170548181933, -2.067812507856568, -0.156846669117443, 119.3987014726747, 106.6528478173063, 354.4231871733994;
  -2.034526049547071, 2.222860971462937, -0.1389114357185829, -47.03816748883966, 114.6146948334256, 395.9530871062284;
  -1.822905949441938, 2.218394040891687, -0.4692549788733949, -71.11496218124536, 69.82364595544748, 406.7534420765976;
  -1.840013674763267, 2.183348239628519, -0.02926916333576621, -80.94606311742643, 52.74056300919217, 399.492580594925;
  -1.879374460670794, 2.338137671773356, -0.2114542896194836, -85.41789467646592, 46.25854901113043, 380.3979992950851;
  -1.902048264551992, 1.837245035781904, -0.1912914877911295, -80.70631178515856, 22.24467738680778, 443.2066772784367;
  2.172595318782434, -2.169735927893918, -0.1710806284375634, 68.16219121401049, 36.88503901308115, 370.2946576326414;
  -1.854716833027792, 2.222041344894552, 0.1331825238241107, 119.3121164304863, -1.980833165499189, 388.0074636307282;
  -2.232489827633352, 2.108121255172283, 0.1832059034759098, 148.2009846111977, 10.9652710708997, 337.6067166025671;
  -2.246475898661989, 2.099642886209543, 0.2668792413752563, 116.6571357019017, 51.06574477209318, 346.5391587673732;
  1.91787148597181, -2.316718188803017, 0.1101906705225305, 91.79341065257856, 56.16595928182423, 363.4465611171595;
  -1.880897930704148, 2.389843149135734, 0.01046735031978213, 82.98696801213033, 74.32016486831031, 382.8292460482621;
  2.121784764173963, -2.027561573667677, -0.0002923116874976438, 35.36239146209688, 100.2271916745972, 355.3048743921899;
  1.968496302583333, -1.926159591904376, -0.1287949651518368, 30.98049102869341, 98.89037069421121, 347.0129239907777;
  -2.022733026345347, 2.074570476176739, -0.004268946774133878, 5.709139239670919, 54.62290361990678, 408.5471554716304;
  -1.785663694662004, 1.997636217428231, 0.01527608409432074, 35.95185313007409, 8.331504103810202, 420.0352374124067;
  2.025538400499023, -2.283441340504955, -0.004482225439232357, -44.59940512833178, 50.3900628670865, 363.2816950558619;
  -1.801788098826704, 2.311220686636749, -0.01995238670679545, -54.9135166964586, 57.99020578937647, 371.8436115689929;
  2.203922777522437, -1.968241242763253, -0.4325770472939012, 150.6159430917231, 97.92162200083379, 384.0182043385843;
  2.144029952153157, -1.870487649681627, -0.7079129718281007, 140.7873609929145, 24.43572987230823, 359.6511850329885;
  2.257681590464413, -2.147018986695579, -0.3024513348520942, -43.98184975369845, 46.27629828271282, 373.4269976781134]
Image_points[390.09824, 266.16098, 392.71292, 232.83739, 395.29987, 199.81732, 398.06592, 166.91949, 400.56915, 133.63033, 356.75375, 262.89029, 359.36142, 230.25508, 361.97113, 197.46072, 364.90094, 164.64485, 367.21893, 131.89859, 323.95175, 259.47491, 326.80579, 227.44722, 329.40811, 194.58978, 332.12457, 162.43471, 334.54953, 129.9381, 292.21185, 256.52209, 294.96304, 224.5, 297.6174, 192.3826, 300.31329, 160.31131, 302.65436, 128.07307, 260.76929, 253.47655, 263.54434, 221.55141, 266.45026, 189.88313, 268.85226, 158.1299, 271.48016, 126.29833, 230.25256, 250.3343, 233.00705, 219.03699, 235.47, 187.49924, 238.17731, 156.10551, 240.97516, 124.60159;
  362.16949, 261.56705, 364.57355, 229.68149, 366.98071, 197.50246, 369.33765, 165.00986, 371.92792, 132.3484, 329.84772, 260.47324, 332.11646, 228.51988, 334.51151, 195.84317, 336.73682, 162.98575, 339.2536, 130.2254, 296.88995, 259.34564, 299.08038, 226.67375, 301.48685, 193.90121, 303.88452, 160.86731, 306.14355, 127.70513, 264.04944, 258.16522, 266.12607, 225.37451, 268.20145, 192.42336, 270.526, 159.03197, 272.8136, 125.68513, 230.24672, 256.84073, 232.42255, 223.64778, 234.64027, 190.45729, 236.64168, 157.19963, 239.11429, 123.31204, 196.26285, 255.47243, 198.2878, 222.20082, 200.44377, 188.69386, 202.60771, 154.95824, 204.83704, 121.11564;
  488.24875, 215.06821, 493.24365, 183.59718, 498.5976, 151.56511, 503.98331, 119.44208, 509.34589, 86.13279, 456.27136, 211.60532, 461.18158, 179.8483, 465.9606, 147.78596, 470.99658, 115.36124, 476.29413, 81.847282, 424.17627, 207.68658, 428.86444, 176.39362, 433.52359, 144.06598, 438.31073, 111.36501, 443.28012, 77.848259, 392.12268, 204.13664, 396.47955, 172.44484, 400.95175, 140.47491, 405.39117, 107.57756, 409.94186, 73.768356, 360.1636, 200.33327, 363.93298, 168.52806, 368.12482, 136.36784, 372.41696, 103.30551, 376.63202, 69.535461, 327.97058, 196.59865, 331.69617, 164.67804, 335.31763, 132.35066, 339.18842, 99.094467, 343.24954, 65.428246;
  546.40106, 265.41211, 541.41571, 231.69458, 536.29889, 198.10767, 531.13849, 164.55637, 526.12482, 131.18643, 513.84393, 270.86108, 508.70868, 236.66264, 503.70956, 202.63292, 498.93265, 169.09691, 494.03055, 135.50549, 480.76923, 275.96082, 475.82465, 242.01636, 471.0993, 207.9437, 466.45639, 173.93329, 461.45853, 139.9959, 447.62534, 281.75043, 442.83209, 246.98157, 437.93124, 212.91402, 433.20865, 178.94115, 428.45099, 144.24847, 413.93814, 287.01486, 409.04358, 252.07907, 404.20435, 217.78999, 399.45416, 183.61327, 394.84406, 149.23686, 379.8046, 292.48361, 374.93402, 257.62131, 369.97757, 222.89066, 365.41257, 188.40308, 360.7092, 154.00005;
  495.95352, 312.09973, 497.69003, 278.1788, 499.19302, 244.31746, 500.79828, 210.32846, 501.98044, 176.19685, 460.95282, 309.30328, 462.49829, 275.45239, 464.24576, 242.11996, 465.72009, 208.64841, 466.93274, 175.02066, 426.63235, 306.1582, 428.40436, 272.90323, 430.05392, 239.86815, 431.49329, 206.85689, 432.83722, 173.62993, 393.40848, 303.26431, 395.05066, 270.59177, 396.66315, 237.98489, 398.44513, 205.17494, 399.87094, 172.57426, 360.87125, 300.29361, 362.80389, 268.08908, 364.28854, 236.09473, 365.99872, 203.76297, 367.23819, 171.53386, 329.30957, 297.39636, 331.15228, 265.52676, 332.60489, 233.84891, 334.20776, 202.1557, 335.52682, 170.40382;
  280.49716, 307.01712, 278.12338, 276.89243, 275.5242, 246.59636, 272.74457, 216.06184, 270, 185.75647, 249.4404, 311.10342, 246.71709, 280.63196, 244.35785, 250.24495, 241.28934, 219.77324, 238.48033, 188.94331, 217.61052, 315.25876, 214.9781, 284.66956, 212.30977, 253.89122, 209.43703, 223.29022, 206.31998, 192.26059, 185.68288, 319.18069, 182.77916, 288.45828, 179.94073, 257.83514, 176.77505, 226.91907, 173.70604, 195.49933, 153.22275, 323.12732, 150.15544, 292.49524, 147.22186, 261.26157, 144.14307, 230.20724, 140.68729, 198.59822, 120.13088, 327.4288, 117.01115, 296.29916, 113.90133, 265.15305, 110.76343, 233.60368, 107.50481, 202.03677;
  253.98428, 251.68623, 248.29179, 222.54716, 242.55463, 193.82066, 236.54027, 164.67551, 230.85475, 136.1133, 224.50395, 259.0036, 218.53543, 229.04295, 212.55511, 199.39476, 206.79005, 170.02356, 200.83833, 140.37061, 193.49248, 266.47879, 187.39027, 235.96837, 181.28531, 205.57556, 175.44057, 175.27942, 169.2894, 144.77715, 160.73752, 274.32117, 154.52374, 243.23314, 148.7704, 211.77533, 142.45544, 180.82056, 136.15024, 149.63724, 126.15515, 282.59225, 120.12838, 250.67747, 114.00843, 218.52483, 107.73663, 186.65686, 101.57436, 154.8429, 90.300873, 291.21826, 84.00248, 258.32001, 77.720047, 225.69417, 71.436844, 192.94604, 65.036507, 160.25014;
  240.97795, 232.8019, 235.24165, 203.93265, 229.45885, 174.49545, 223.17888, 144.38593, 217.09558, 113.49361, 210.19415, 239.22879, 203.90283, 210.23692, 197.64111, 180.57149, 190.83437, 150.0722, 184.0358, 118.85313, 178.51096, 245.98236, 172.00549, 216.72029, 164.94138, 186.41867, 157.7681, 155.81053, 150.62698, 124.24092, 146.32362, 252.62531, 139.21664, 223.10239, 131.77536, 192.90556, 124.19501, 161.82011, 116.3982, 129.73135, 113.41177, 259.54221, 105.7671, 229.66171, 97.674103, 199.1125, 89.475006, 167.71692, 81.041817, 135.05377, 79.642731, 266.56155, 71.401794, 236.36362, 62.968822, 205.674, 54.201012, 173.64708, 45.415276, 140.90491;
  229.36383, 227.49066, 222.84888, 196.90672, 216.39694, 166.15874, 209.91435, 135.47021, 203.16678, 103.88247, 197.65041, 235.1591, 190.93726, 204.36591, 184.0137, 173.05415, 177.35117, 141.57854, 170.51697, 109.84889, 164.79199, 243.07497, 157.90675, 211.68967, 150.83792, 179.96147, 143.8427, 148.17267, 136.7317, 115.83704, 131.37886, 250.9619, 124.28206, 219.28763, 117.08987, 187.2316, 109.80057, 154.90544, 102.44666, 122.18993, 96.936417, 259.32996, 89.617798, 227.21973, 82.155434, 194.57552, 74.817154, 161.99086, 67.092705, 128.60001, 61.536053, 267.64804, 54.249958, 235.09241, 46.566849, 202.26469, 38.977528, 169.06256, 31.493444, 135.65483;
  250.39348, 194.27824, 251.60576, 167.74591, 252.99234, 140.99237, 254.30293, 113.05701, 255.73227, 84.346565, 223.10783, 195.79755, 223.79529, 168.46971, 224.79248, 140.77017, 225.89917, 112.29663, 227.00092, 83.001419, 194.34662, 196.88173, 194.73689, 169.09958, 195.38132, 140.81003, 195.8486, 111.55681, 196.49773, 81.134277, 164.11885, 198.05533, 164.13997, 169.73703, 164.16559, 140.55087, 164.11305, 110.61274, 164.45207, 79.436333, 132.1275, 199.35422, 131.72827, 170.29897, 131.07217, 140.36652, 130.76917, 109.28911, 130.37675, 77.239594, 98.560661, 200.78453, 97.583702, 170.97906, 96.596863, 140.00519, 95.661446, 108.33915, 94.565796, 74.968056;
  424.43353, 217.68712, 424.64407, 185.20432, 424.64584, 152.64375, 424.80118, 120.27911, 424.7345, 87.111816, 391.35745, 217.02313, 391.44415, 184.91556, 391.4877, 152.75975, 391.7019, 120.33444, 391.55121, 87.648781, 358.96457, 216.43033, 358.99338, 184.65234, 359.06061, 152.67433, 359.02295, 120.6287, 359.13889, 88.234497, 327.32693, 216.03052, 327.16705, 184.3911, 327.28268, 152.85107, 327.17984, 120.80984, 326.90848, 88.631126, 295.89816, 215.70409, 295.88385, 184.17813, 295.99908, 152.98901, 295.81747, 120.96609, 295.53461, 89.463058, 265.19641, 215.32011, 265.02158, 183.933, 264.98834, 153.05962, 264.69791, 121.59605, 264.65292, 89.948448;
  482.98114, 167.96405, 480.06952, 137.88374, 477.02612, 106.85448, 473.81793, 75.079773, 470.69739, 41.960308, 453.23926, 173.78297, 449.50952, 143.81104, 446.19122, 112.76996, 442.61835, 80.596313, 439.17645, 47.291477, 422.76312, 179.80569, 418.92303, 149.59499, 415.02432, 118.56251, 411.01028, 86.339806, 406.86307, 52.650356, 392.53244, 185.92642, 387.76541, 155.54414, 383.3934, 124.52029, 378.9325, 91.915146, 374.27164, 58.185329, 361.46808, 192.02037, 356.24652, 161.62708, 351.23532, 130.34651, 346.04416, 97.830894, 340.68732, 63.707588, 330.11362, 198.27411, 324.47986, 167.60345, 318.83646, 136.16452, 313.06104, 103.14511, 307.04581, 69.257957;
  545.0907, 185.74893, 548.83636, 150.52039, 552.92596, 114.88087, 557.0777, 77.793663, 561.31061, 40.365723, 509.05035, 183.80836, 512.45105, 148.43642, 516.05212, 112.71781, 519.651, 75.773071, 523.82391, 38.20686, 472.88834, 181.58572, 476.12204, 146.51842, 479.37125, 110.67537, 482.91724, 73.705528, 486.4577, 36.160187, 437.3255, 179.34489, 440.15866, 144.36235, 443.04068, 108.69432, 445.88544, 71.895226, 449.19565, 34.015961, 401.8255, 177.34253, 404.1879, 142.2058, 406.66211, 106.49208, 409.25122, 69.9086, 411.91983, 32.320362, 366.64828, 175.08131, 368.46106, 139.99643, 370.54544, 104.51775, 372.77353, 67.79982, 375.18933, 30.318068;
  496.57858, 239.88641, 500.66257, 206.09476, 504.78375, 171.43349, 509.20309, 136.07103, 513.62262, 99.942154, 460.99551, 237.21637, 464.43466, 203.50061, 468.29672, 168.99208, 472.23969, 133.94868, 476.34189, 97.560081, 425.84973, 234.39661, 429.01505, 200.93639, 432.35477, 166.63565, 435.88089, 131.72345, 439.43594, 95.464409, 391.28281, 231.67575, 394.01501, 198.28015, 397, 164.23843, 399.88293, 129.15991, 403.06378, 93.469322, 357.06625, 228.48531, 359.52371, 195.45154, 361.99973, 161.73103, 364.49249, 126.9162, 367.21082, 91.351135, 323.20197, 225.92572, 325.47919, 192.92947, 327.58783, 159.22423, 329.86411, 124.61238, 331.97464, 89.393463;
  456.13809, 243.37076, 448.99448, 210.47844, 442.32889, 178.63106, 435.36258, 147.53203, 428.23224, 116.98806, 423.21863, 249.51538, 416.9675, 216.94963, 410.49271, 184.71414, 403.79782, 153.56674, 397.04099, 123.01773, 390.74765, 255.83986, 384.72467, 222.93666, 378.63699, 190.97105, 372.31686, 159.71649, 365.9819, 128.98708, 357.96707, 262.09735, 352.39798, 229.25571, 346.99847, 197.26778, 340.87634, 165.70923, 334.9798, 135.00853, 325.64548, 268.04846, 320.21185, 235.15311, 314.86688, 203.52121, 309.36838, 171.91766, 303.7381, 141.20985, 293.11536, 274.09769, 288.05917, 241.70317, 282.922, 209.7113, 277.73672, 178.2047, 272.4873, 147.51505;
  439.87143, 262.12857, 432.81989, 231.92435, 426.21906, 201.67175, 419.24454, 170.78844, 412.27771, 139.63087, 409.25946, 269.87921, 402.32028, 239.93753, 395.1864, 209.35922, 388.08377, 178.36476, 380.84613, 147.23615, 378.56171, 277.8028, 371.34564, 247.51807, 364.20398, 217.06453, 356.88559, 186.33502, 349.60239, 154.6024, 347.94028, 285.81308, 340.5, 255.5, 333.03226, 224.95497, 325.495, 193.94583, 318.27524, 162.41064, 316.93881, 293.86011, 309.23901, 263.23062, 301.35959, 232.75064, 293.78513, 201.53917, 285.68219, 170.23077, 285.87747, 301.75833, 277.9455, 271.52493, 270.02783, 240.55095, 261.90057, 209.31187, 253.8123, 177.69479;
  383.76938, 302.9588, 385.42798, 268.95154, 387.23108, 235.43057, 388.87296, 202.40005, 390.18143, 169.49393, 349.95142, 300.56244, 351.84753, 267.07581, 353.92044, 233.87926, 355.75061, 200.87988, 357.52338, 168.61784, 316.83295, 298.35757, 319.11267, 264.86026, 321.15378, 232.00754, 322.99957, 199.63336, 325.1922, 167.65541, 284.67624, 295.56882, 287.10648, 262.98453, 289.40991, 230.58815, 291.61551, 198.29385, 293.8295, 166.44987, 252.98071, 293.49756, 255.61493, 260.83875, 258.27045, 228.81784, 260.70615, 196.99661, 263.18546, 165.55431, 222.09344, 291.10123, 225.1521, 258.88181, 227.76376, 227.03178, 230.55093, 195.80347, 233.0139, 164.92659;
  378.69693, 304.48355, 380.51422, 269.60349, 382.13297, 235.48582, 383.63159, 201.89613, 384.93674, 169.32756, 345.69028, 301.91931, 347.79749, 267.68585, 349.68781, 234.35081, 351.37842, 201.93217, 353.15314, 169.66806, 314.24039, 299.15158, 316.49234, 266.08319, 318.6098, 233.4431, 320.64661, 201.49753, 322.58142, 169.99715, 284.36841, 296.8537, 286.99698, 264.22256, 289.14133, 232.5222, 291.55597, 201.21504, 293.6676, 170.49731, 255.561, 294.57788, 258.64401, 262.79709, 261.16809, 231.83192, 263.62286, 201.01923, 266, 171, 228.22137, 292.39026, 231.49995, 261.14822, 234.31407, 230.67197, 237.0148, 201.05161, 239.67056, 171.53345;
  344.01505, 233.48462, 343.57388, 204.85667, 343.12415, 175.83292, 342.84656, 146.24582, 342.19363, 115.94127, 314.72803, 235.13351, 313.96793, 206.4429, 313.0799, 177.03876, 312.36725, 147.16714, 311.50623, 116.34849, 284.27972, 237.23235, 283.19733, 208.04921, 282.29565, 178.439, 281.36893, 147.98465, 280.30621, 116.96148, 253.61696, 239.40378, 252.18138, 209.7941, 250.89243, 179.83452, 249.50049, 148.8428, 248.26846, 117.3715, 222.21986, 241.35851, 220.45065, 211.39876, 218.76126, 180.92624, 217.09042, 149.65779, 215.47223, 118.00892, 189.76143, 243.40932, 187.61314, 212.94481, 185.8264, 182.36865, 183.81706, 150.52977, 181.63802, 118.16306;
  377.81995, 179.87993, 377.01428, 152.54715, 376.11713, 123.93194, 375.0307, 94.52668, 374.16458, 63.468231, 350.62897, 184.92339, 349.32416, 156.96272, 348.04645, 128.40678, 346.24408, 98.259079, 344.92783, 66.727844, 322.55511, 189.84094, 320.67191, 161.63406, 318.75208, 132.42693, 316.67194, 102.0898, 314.36252, 69.80275, 293.60846, 194.80826, 291.0694, 166.37775, 288.41873, 136.64012, 285.61832, 105.71088, 282.75842, 73.119247, 263.53592, 200.19473, 260.21643, 171.18959, 256.68127, 141.32782, 253.13518, 109.35632, 249.29785, 76.275757, 232.03996, 205.60471, 227.94054, 176.23048, 223.83932, 145.64101, 219.39804, 113.31736, 214.66293, 79.645012;
  278.25787, 235.75119, 275.0806, 203.11687, 271.96722, 170.40523, 268.435, 138.13326, 264.86298, 105.8155, 245.70633, 239.53764, 242.56113, 206.71727, 239.41852, 174.46524, 236.12865, 142.27087, 232.70432, 110.12321, 213.52824, 243.31087, 210.47147, 210.84746, 206.90193, 178.5, 203.96745, 146.34898, 200.4888, 114.23179, 181.60922, 246.77547, 178.60727, 214.47733, 175.61591, 182.40935, 172.46046, 150.30107, 169.07568, 118.36154, 150.04327, 250.3439, 147.36916, 218.21558, 144.38411, 186.0901, 141.25433, 154.45366, 138.21515, 122.62061, 118.94794, 253.70108, 116.30045, 221.57448, 113.35381, 190.15279, 110.5, 158.5, 107.70193, 127.05444;
  266.84171, 243.87987, 258.1716, 213.28047, 249.81168, 182.37082, 241.26691, 150.76004, 232.38429, 118.21301, 234.74991, 252.933, 225.81769, 222.16736, 216.93565, 190.90642, 207.82207, 158.65576, 198.58591, 125.89214, 202.23376, 262.21283, 192.87648, 231.34171, 183.36024, 199.49548, 173.78142, 167.32127, 163.92047, 134.01396, 169.15855, 271.5, 159.18491, 240.36435, 149.02335, 208.54944, 139.20671, 175.77423, 128.68695, 142.29605, 135.18416, 281.11798, 124.88229, 249.40384, 114.44885, 217.42409, 103.7552, 184.44617, 92.941284, 150.64536, 100.9626, 290.78732, 90.243721, 258.92764, 79.077072, 226.32033, 67.952904, 193.16426, 56.710274, 158.86111;
  523.05115, 290.53552, 527.6142, 260.233, 531.70441, 229.58414, 536, 198.75592, 540.02783, 167.37251, 490.42615, 284.47592, 494.3385, 254.67131, 498.31873, 224.68329, 502.28561, 194.12997, 506.01743, 163.51846, 458.77835, 278.74936, 462.38055, 249.10988, 466.10544, 219.93112, 470.03381, 189.96004, 473.47144, 159.53552, 428.20255, 272.87936, 431.7081, 244.14818, 435.20959, 215.06503, 438.79111, 185.6985, 442.3009, 156.03766, 398.85422, 267.26886, 401.96826, 239.02119, 405.1973, 210.56618, 408.71695, 181.60658, 412.16391, 152.36612, 370.33188, 262.11685, 373.46155, 234.09329, 376.64377, 205.97525, 379.72638, 177.64207, 383.00269, 148.96931;
  523.18091, 202.65329, 528.59778, 169.94217, 534.05408, 136.74707, 540.07996, 102.08704, 546.02765, 66.566498, 488.34082, 196.02715, 493.08292, 164.47377, 498.18961, 131.95914, 503.45071, 98.23909, 508.73807, 64.056084, 455.90921, 189.58289, 460.1315, 159.01534, 464.54437, 127.65759, 469.05322, 95.009644, 473.62506, 61.875187, 425.66617, 183.90527, 429.48065, 154.01396, 433.29022, 123.29873, 437.02539, 91.851585, 441.26746, 59.577042, 397.30194, 178.17743, 400.51981, 149.26842, 403.92975, 119.53133, 407.09616, 88.853226, 410.91156, 57.507164, 370.47711, 173.09398, 373.29626, 144.90114, 376.22647, 115.62957, 379.33691, 86.188492, 382.48611, 55.566841;
  281.50711, 229.07918, 282.13107, 197.26709, 282.90247, 165.04709, 283.39667, 132.49966, 284.13956, 99.05661, 249.98856, 226.59671, 250.35831, 195.38031, 250.9603, 163.30202, 251.51067, 130.9149, 252.02664, 97.789169, 219.25104, 224.22261, 219.52251, 193.03026, 219.56404, 161.56558, 219.94261, 129.29295, 220.12605, 96.625488, 189.23419, 221.94136, 189.30502, 190.92302, 189.27512, 159.76588, 189.05811, 127.69662, 189.20934, 95.423523, 159.9351, 219.64241, 159.77003, 188.92371, 159.42473, 158.05675, 159.13315, 126.26821, 158.87729, 94.278984, 130.95895, 217.04672, 130.69366, 186.8376, 130.04739, 156.13568, 129.9077, 124.94524, 129.50888, 93.11779]
