image_Width 640
image_Height 480
board_Width 4
board_Height 11
square_Size 24.8
FixAspectRatio 1
flagValue 14
Camera_Matrix[679.6924557964035, 0, 304.5414778736829;
  0, 681.8781639675232, 269.0716326196764;
  0, 0, 1]
Distortion_Coefficients[-0.4179176167471059;
  0.3642214639006498;
  0;
  0;
  -0.3291109345384988]
Avg_Reprojection_Error 0.32864
Per_View_Reprojection_Errors[0.12038044;
  0.13262266;
  0.12830716;
  0.18650442;
  0.14620066;
  0.41139898;
  0.11785075;
  0.14816232;
  0.14556409;
  0.41736811;
  0.42401472;
  0.45198882;
  0.6132127;
  0.33125398;
  0.20925546;
  0.18597318;
  0.27156368;
  0.6507566;
  0.2272806;
  0.42759764;
  0.31156003;
  0.2693384;
  0.42568207;
  0.65562302;
  0.51972049;
  0.47934097;
  0.73477107;
  0.468546;
  0.61549979;
  0.6499303;
  0.52811003;
  0.46376288;
  0.30350575;
  0.30772933;
  0.15510137;
  0.45978388;
  0.37085867;
  0.47602743;
  0.47482833;
  0.32716352;
  0.45194358;
  0.31196254;
  0.13601078;
  0.18515316;
  0.16622311;
  0.29921791;
  0.32374078;
  0.32595295;
  0.23621458;
  0.26424187;
  0.32183161;
  0.29488626;
  0.19645293;
  0.14549035;
  0.13144423;
  0.14742422;
  0.13224015;
  0.10874327;
  0.20223457;
  0.14273725;
  0.12755036;
  0.1373542;
  0.13876843;
  0.20554538;
  0.13618606;
  0.10777468;
  0.14712916;
  0.12284029;
  0.13440141;
  0.13706513;
  0.10743222;
  0.11509814;
  0.11685532;
  0.14378719;
  0.11621407]
Extrinsic_Parameters[-0.350066779848661, 0.07023724917745843, -1.582888371480216, -121.2632546821046, 143.7493351487076, 699.8155431324376;
  -0.3491850618135271, 0.07741765840938508, -1.582185869916243, -121.5788934548124, 144.8266551948345, 701.5991607109611;
  -0.3610843667617041, 0.07305478388421471, -1.584978099213628, -121.3914172445663, 140.8677820927503, 700.6456564465071;
  -0.3632333131068852, 0.1270142713697013, -1.581077468491249, -130.6608205078292, 158.6006428994766, 724.8098616262768;
  -0.4077580722406409, 0.2062858658061033, -1.595743446695418, -133.4377352370701, 186.9515731993717, 760.231344423092;
  -0.4205016686766189, 0.3641957721081293, -1.560531822081401, -89.63033254247961, 150.4816519126905, 771.5987978827038;
  -0.09234669177391058, 0.4450249946235234, -1.589176462829739, -53.71507310259468, 112.0501394030942, 790.7433182296172;
  0.2272869161545918, 0.1211942120360506, -1.549097653378453, -113.3753821685481, 150.3681404214724, 737.9926075275265;
  0.1616881782220042, -0.1686155606675769, -1.499510536501909, -103.0782197721698, 172.4375084886541, 584.5459298891492;
  -0.501085868450931, -0.08907302209412428, -1.492811338379346, -115.8054410819306, 59.5182823095461, 419.4557682158487;
  -0.3010953010994897, 0.1257599279476491, -1.646250796886567, -110.0571716245502, 37.48897739116986, 444.2069571188211;
  -0.03344314887144035, 0.2336368900356757, -1.724374430078507, -102.3489021356489, 41.06518434720546, 484.9637107172025;
  0.3100483107213624, 0.3620851086109106, -1.634752476804362, -122.0041645694544, 64.85370496776302, 542.5062015611808;
  0.5339927690799579, 0.3829282796246126, -1.480900740671425, -149.3868764216722, 89.66057904308164, 586.4999966793154;
  0.4024464936960404, -0.1137933295789355, -1.440687759432671, -171.4475895116044, 121.3139843773855, 560.4319811767659;
  0.3344215404345526, -0.3995238810754544, -1.396678375051007, -151.7392520329787, 104.8405159438557, 535.0693458613032;
  0.1214259948199048, -0.2221641364815973, -1.454417732043851, -138.1856049272013, 112.8025106790134, 535.2609854203625;
  -0.2523893365719566, 0.05703888230144395, -1.558932235071304, -100.3546320754627, 99.16804513653081, 522.388901482388;
  -0.4493042364213681, 0.2587065697199591, -1.620767886656455, -54.39498267677216, 97.89264901880743, 535.0938559222836;
  -0.6141295688239731, 0.1715635474105151, -1.642270985973713, -39.74190756168643, 108.6961419554651, 522.4071672123988;
  -0.7232375355511832, -0.2282221590000208, -1.547967370701, -86.70457754609291, 92.90698259348679, 491.3982773947257;
  -0.4629018502717156, -0.3519391757212759, -1.418844524677873, -125.8940060572761, 98.51368007327011, 528.403587106715;
  0.140517562369978, 0.3312927927775644, -1.83017069729439, -133.9410102344851, 167.5538299925036, 651.4920132553867;
  0.2415258778103242, 0.2107638930808334, -1.626623649896184, -200.8138450935725, 82.1351607556948, 641.6641226081193;
  0.1751131975064655, 0.05780268577946698, -1.413208421194938, -255.0269233166205, 27.2484931765769, 604.2948152036112;
  0.3909138860831761, 0.1531672952610577, -1.306899661237812, -253.2241137786986, -15.64119171180737, 630.363446574612;
  0.3129516964104386, 0.2106419183682557, -1.230657459982162, -199.5636149521378, -63.19430713717404, 615.2983664165051;
  -0.04425147495884622, 0.04792308350258236, -1.736140784029853, -70.29377618177919, -19.24473416939842, 579.8176998850211;
  -0.1880209576629803, -0.1213803700801655, -2.130939527549662, -24.53731072850283, 21.34459273476643, 592.9807626040031;
  -0.2058002466621775, -0.1630086076142779, -2.363455052447614, -22.13933265725422, 70.55005356701865, 644.7165664960309;
  -0.1614818256172566, -0.2129140037709797, -2.77030018453852, -2.635503039983228, 71.77534038558399, 683.9932730684689;
  -0.1552171201877972, -0.2341768054702382, -3.077799859229311, 35.61987118002434, 82.65602305281192, 698.4413759436294;
  0.1698695615725707, 0.2391699445797213, 2.912949321426445, 61.30714082906715, 62.86363935210213, 714.1324691918857;
  0.1635242820368966, 0.2997112750161953, 2.674871706501573, 78.42145548797949, 39.82590591238991, 732.9717412554645;
  0.1777950463117875, 0.2940022073395487, 2.493704497966417, 95.36667411811503, 34.56453264087537, 750.2011502086897;
  0.03882828171600439, 0.1309799308597782, 2.77116496375622, 83.25227176231773, 110.7254203671357, 765.2726943020783;
  0.01680658983671695, -0.006032689966581261, 3.110589171162385, 60.59814282231755, 173.0903402448225, 768.9025331974874;
  -0.06409588136417734, 0.03656616940685232, -2.758900139723221, 6.457079099509474, 204.724506215227, 760.8280482085461;
  -0.05889531099927962, 0.01831924668026175, -2.27210857024969, -86.6156405133201, 182.3927452937189, 753.9441358881597;
  -0.03785350474246765, 0.05828989929957286, -1.850674986306805, -155.3101949284374, 165.5777701269716, 753.9251738996895;
  -0.09267925613209055, 0.04981281101743895, -1.444437924171962, -200.3050148657828, 104.3492189428029, 751.5148602738923;
  -0.01111631977605176, -0.0008391108535171913, -1.0820072377997, -222.0263490890029, 27.73878715574686, 739.4368383053654;
  0.1954567242075057, -0.09170591027631875, -0.8628787329956589, -241.9371500438048, -14.43946063679874, 735.7325312288409;
  0.3952148193447316, -0.2319865434659883, -0.7398869236417575, -235.0578630151008, -52.63583267496161, 731.8758618695345;
  0.2779942755660561, -0.2816505703705742, -0.6320571796466566, -206.2641747887249, -66.61917075356723, 721.9305000573032;
  -0.09589866808583729, -0.2250756160028679, -0.7653246273196998, -183.2099447711663, -46.60315044524939, 711.0694280235159;
  -0.4037675063716195, -0.3269597374900679, -1.043276375001153, -174.4405603502258, -3.67022802873791, 699.6305791924257;
  -0.7233526813779313, -0.4188395546987843, -1.321893764749811, -176.1938920307352, 15.79156748519493, 696.5588880106112;
  -0.6984586582420816, -0.2290690589178172, -2.14792911882173, -156.7438261599814, 62.35899473378102, 714.6481974061674;
  -0.512123967737662, -0.1063177708854484, -2.364854804879311, -116.565059363847, 78.50609221311706, 748.7557463575005;
  0.05767856159541043, 0.2771491465275749, -2.355927910874867, -67.60365287948508, 119.7534348196828, 875.9298623759969;
  0.2867056296025152, 0.4222987799040691, -1.993298468656635, -92.67376335003226, 145.921782253568, 985.4958479681836;
  0.3802572731532151, 0.3424328021333581, -1.606026510650484, -178.4188052752565, 175.4927910491784, 1061.880850200654;
  0.2785406835072575, 0.06624620436364456, -1.412369506869476, -290.489777009618, 194.4150391549204, 1124.10991030297;
  -0.01085629966160862, -0.3529716543839312, -1.367510066516059, -368.2747984871722, 196.7542449006128, 1138.331457091158;
  -0.3182664088383302, -0.6380720645699598, -1.428515930361168, -459.8665111147342, 202.3232175306989, 1122.24436214106;
  -0.5204459811354354, -0.6243052601464623, -1.630882300473853, -510.6355659795765, 229.9613280117779, 1086.316879102788;
  -0.3730532132763839, -0.3755284713452516, -1.809782646339768, -458.1223728419955, 285.4172962804768, 1080.190049409506;
  0.06040988629457904, -0.2203389968091743, -1.796958987718312, -374.1016782803116, 346.6935745296091, 1111.414456032599;
  0.3667238486183406, -0.1276648102182484, -1.521820732970196, -310.843077865503, 325.7282772642669, 1073.24984537348;
  0.3464953641420049, -0.3966256404066044, -1.292063233512057, -259.0258389160904, 285.9100069929926, 992.2493352909438;
  -0.07956534426590317, -0.7523617635087164, -1.295117114166384, -194.1865968681946, 209.7688101439013, 917.8335405935683;
  -0.3882518576963329, -0.5784285658138076, -1.387210326036283, -173.8681940295073, 174.3240191158486, 870.0030471252062;
  -0.1973302234976233, -0.03835638669485102, -1.48813228502468, -124.5568907596793, 186.0559121280697, 885.4967504869233;
  0.01499137099979133, -0.07401478200959565, -1.388879740129179, -130.5958779253858, 174.629672584232, 887.6491667997852;
  0.1584787729509745, -0.4346848322507091, -1.291670556493166, -144.7592243554055, 149.8517047617745, 859.6367576888615;
  0.4302597019055518, -0.2521791653207518, -1.200049293718108, -131.3516611874829, 181.7141318755324, 880.7943220059176;
  0.2771176490028062, -0.1808372209294776, -1.268759120124028, -74.66137474292076, 238.4111732878273, 1011.590709828583;
  -0.2518010595261463, -0.0830823139660507, -1.39568752132924, -35.62726590410372, 250.6263884455243, 1107.855980290912;
  -0.7488411341987724, -0.2916213018930797, -1.44705745173006, 19.45508732532842, 253.7719463715166, 1085.760954259952;
  -0.6708668746254277, -0.6346705311203436, -1.529491324093377, 82.67963088521337, 231.0716560656782, 1014.565570517998;
  -0.1347507450499855, -0.3904381790563551, -1.427538242251864, 115.0802239064131, 219.9424508969782, 1005.772267179018;
  -0.07128121193741074, 0.1928668187727912, -1.518290049191722, 121.3244919870419, 241.4217968737173, 1051.072398325799;
  -0.3507843434527632, 0.3983170919550267, -1.807811984122191, 141.9147403017296, 258.7574551378597, 1054.233819554198;
  -0.6388370495181235, 0.1190066885995857, -1.961868211744739, 152.9446483376313, 234.1009946679718, 974.3567370469184]
Image_points[190.14494, 405.2164, 190.3503, 358.6796, 190.75383, 312.39468, 191.92378, 266.65982, 211.53812, 382.21118, 211.66582, 335.17828, 212.36893, 288.55603, 213.69933, 242.59987, 233.45067, 406.26047, 233.51819, 358.54456, 233.77232, 311.16016, 234.59727, 264.30557, 255.94429, 382.50775, 255.99025, 334.28745, 256.42941, 286.612, 256.92261, 239.57576, 279.12994, 407.00412, 279.15201, 358.12955, 279.21112, 309.673, 279.45947, 261.7309, 302.79898, 382.47086, 302.66971, 333.28647, 302.50821, 284.58914, 302.37848, 236.44138, 327.03143, 407.18802, 326.79395, 357.39053, 326.47476, 308.00067, 325.98279, 259.0947, 351.47101, 381.9657, 351.02139, 331.91406, 350.40466, 282.38705, 349.63651, 233.45319, 376.4278, 406.83234, 376.07758, 356.22107, 375.34293, 306.06195, 374.32227, 256.37274, 401.33258, 380.92691, 400.6572, 330.22702, 399.54449, 279.99619, 398.09756, 230.48531, 426.84763, 405.85089, 426.33545, 354.73041, 425.26617, 303.95493, 423.74606, 253.84755;
  190.15939, 405.91745, 190.3188, 359.45059, 190.66364, 313.19366, 191.8253, 267.45966, 211.43253, 383.02921, 211.59187, 335.97992, 212.26746, 289.31393, 213.60315, 243.53056, 233.19824, 407.17587, 233.25505, 359.46338, 233.5943, 312.04993, 234.43835, 265.20728, 255.70842, 383.38965, 255.73973, 335.32681, 256.09964, 287.63272, 256.63391, 240.52058, 278.86151, 407.90234, 278.81735, 359.11618, 278.88824, 310.67294, 279.1488, 262.7323, 302.37488, 383.41425, 302.17526, 334.31064, 302.18915, 285.65582, 301.92776, 237.42085, 326.49582, 408.13431, 326.32361, 358.42526, 326.04773, 309.09354, 325.64569, 260.1333, 350.91541, 383.03073, 350.51801, 333.01016, 349.96381, 283.53198, 349.16812, 234.46512, 375.81293, 407.8783, 375.42596, 357.39142, 374.79922, 307.24615, 373.83231, 257.5271, 400.62466, 382.11807, 399.91895, 331.42432, 398.94659, 281.21582, 397.61008, 231.66866, 426.1283, 407.04807, 425.62396, 355.90918, 424.57272, 305.24521, 423.09882, 255.0685;
  190.12065, 402.39017, 190.28766, 355.91296, 190.66505, 309.67242, 191.82173, 264.18561, 211.32858, 379.28305, 211.48799, 332.25174, 212.22353, 285.81955, 213.48289, 240.1396, 233.16272, 403.26465, 233.19951, 355.61816, 233.44078, 308.16223, 234.33662, 261.44699, 255.63249, 379.42462, 255.63078, 331.30734, 255.972, 283.62921, 256.54669, 236.71046, 278.81104, 403.79657, 278.7001, 354.96381, 278.69861, 306.48151, 278.87741, 258.65683, 302.39804, 379.14218, 302.13788, 329.94754, 301.88278, 281.2666, 301.72324, 233.28169, 326.5285, 403.77924, 326.21625, 353.96481, 325.901, 304.50702, 325.30707, 255.70517, 350.94028, 378.45105, 350.44562, 328.33585, 349.80939, 278.84549, 348.77063, 229.90901, 376.00436, 403.20468, 375.46359, 352.5939, 374.62054, 302.39255, 373.49326, 252.74617, 400.76297, 377.19608, 399.94101, 326.41846, 398.68591, 276.19217, 397.22308, 226.82204, 426.47586, 402.05743, 425.64172, 350.72714, 424.47784, 300.05661, 422.84387, 249.9276;
  185.81749, 413.43698, 185.77965, 368.70697, 185.98869, 324.02725, 186.85237, 279.57568, 205.76549, 391.72595, 205.67703, 346.28552, 206.20471, 301.12976, 207.30528, 256.27209, 226.47797, 415.24677, 226.30927, 369.21936, 226.44759, 323.26047, 227.14452, 277.61862, 247.68233, 392.67679, 247.56125, 346.09781, 247.82698, 299.66776, 248.30104, 253.51782, 269.75195, 416.65503, 269.6059, 369.44568, 269.54126, 322.3447, 269.72986, 275.42459, 292.18948, 393.37738, 291.99826, 345.58771, 291.89688, 298.00583, 291.63849, 250.68697, 315.29282, 417.73672, 315.09659, 369.35269, 314.84186, 321.13675, 314.39417, 273.09726, 338.75079, 393.59546, 338.46326, 344.77417, 337.93369, 296.17264, 337.21704, 247.77298, 362.81122, 418.20016, 362.57364, 368.92017, 362.00186, 319.67346, 361.1506, 270.65894, 387.04889, 393.40073, 386.52893, 343.62909, 385.68979, 294.08942, 384.51236, 245.00824, 411.87033, 418.16028, 411.50845, 368.00638, 410.69501, 317.93835, 409.49265, 268.25681;
  189.58238, 430.92068, 188.26289, 388.52466, 187.14325, 345.94937, 186.90842, 303.181, 207.20348, 410.36896, 205.85634, 367.25699, 205.19922, 323.83481, 205.21527, 280.35663, 226.59151, 432.70053, 225.33788, 389.12891, 224.31023, 345.19049, 224.04179, 301.09116, 245.48874, 411.4321, 244.31184, 367.0607, 243.53577, 322.30444, 242.91454, 277.52634, 266.26141, 434.22079, 265.22763, 389.3493, 264.13058, 344.17126, 263.4454, 298.80161, 286.50974, 412.16205, 285.46594, 366.53714, 284.43253, 320.5929, 283.45862, 274.40921, 308.40912, 435.41125, 307.36227, 389.25647, 306.23621, 342.86868, 305.10214, 296.12744, 329.88116, 412.50156, 328.70166, 365.56857, 327.51324, 318.42755, 326.19675, 271.14777, 352.67813, 436.00281, 351.75137, 388.79089, 350.50964, 341.22763, 349.09869, 293.3717, 375.11771, 412.24615, 373.96924, 364.38754, 372.68799, 316.11389, 371.14212, 267.75488, 398.97995, 436.09299, 397.96487, 387.92636, 396.81094, 339.27417, 395.29825, 290.49246;
  227.42125, 399.79688, 226.06337, 357.38931, 224.75565, 314.0318, 224.16052, 270.20239, 244.57251, 379.79123, 243.25746, 336.1579, 242.45125, 291.97055, 242.14919, 247.15927, 263.6937, 402.72809, 262.50568, 358.83923, 261.54938, 314.14096, 260.88733, 268.91922, 282.22162, 381.89365, 281.20465, 336.8381, 280.53009, 291.22516, 279.99866, 244.95543, 302.52484, 405.46066, 301.7088, 360.17551, 300.87268, 314.19223, 300.2713, 267.57944, 322.50293, 383.92358, 321.78485, 337.73621, 321.13867, 290.56104, 320.27744, 242.9277, 343.68567, 408.03568, 343.26132, 361.34103, 342.70367, 313.98532, 341.86517, 266.00461, 365.07242, 385.70691, 364.77277, 337.99637, 364.1189, 289.6127, 363.22214, 240.61255, 387.17416, 410.15891, 387.04977, 362.45392, 386.6524, 313.80881, 385.93903, 264.31406, 409.71609, 387.11783, 409.57333, 338.27631, 409.25967, 288.6109, 408.38318, 238.40056, 432.6044, 412.01486, 432.94064, 363.12076, 432.73746, 313.33868, 432.33566, 262.73349;
  258.974, 364.72046, 254.64928, 324.40021, 250.29178, 282.77823, 246.28348, 239.64313, 276.54791, 345.56442, 272.42126, 304.15063, 268.51477, 261.1489, 264.90628, 216.81621, 298.42587, 366.74997, 294.80588, 325.57742, 291.03122, 282.96329, 287.58636, 238.69325, 317.23001, 347.06146, 313.85178, 304.71249, 310.48672, 260.83127, 307.11533, 215.46542, 339.82025, 368.66541, 336.93478, 326.63058, 333.90137, 283.07846, 330.77783, 237.85574, 359.92154, 348.50018, 357.31961, 305.3273, 354.54904, 260.48901, 351.48853, 214.24393, 382.72974, 370.26538, 380.70459, 327.42047, 378.39908, 283.10687, 375.73203, 237.16113, 403.91324, 349.59396, 402.11969, 305.66562, 400.01141, 260.16431, 397.46481, 213.08763, 426.74573, 371.55911, 425.59052, 328.19141, 424.06686, 283.11832, 422.07742, 236.425, 448.75925, 350.50388, 447.87097, 305.99832, 446.49527, 259.8382, 444.60522, 212.04756, 471.56485, 372.58771, 471.36572, 328.74301, 470.62994, 283.15741, 469.36243, 235.8078;
  202.91042, 404.41849, 201.28543, 363.02676, 200.16524, 319.64893, 199.30936, 273.98651, 224.47153, 384.22263, 223.53926, 341.88962, 222.93137, 297.33237, 222.91284, 250.52052, 247.14412, 404.97742, 246.72035, 363.48581, 246.48077, 320.02679, 246.41733, 274.31189, 269.32257, 384.54227, 269.60709, 342.14502, 269.86182, 297.6279, 270.43933, 250.98839, 291.79968, 404.93961, 292.27994, 363.60205, 293.0603, 320.25803, 293.84396, 274.64911, 314.43079, 384.50079, 315.61353, 342.07425, 316.74216, 297.79684, 318.15179, 251.47226, 335.96896, 404.60028, 337.6268, 363.31509, 339.25092, 320.17114, 340.90527, 275.13528, 358.87204, 383.86121, 361.05136, 341.96152, 363.13736, 297.93671, 365.06161, 251.99162, 379.48141, 403.5979, 382.01279, 362.79724, 384.54886, 320.02347, 386.89511, 275.28888, 402.31714, 382.99783, 405.31912, 341.48999, 408.0571, 297.95856, 410.70737, 252.50035, 421.86951, 402.36044, 425.51065, 361.97659, 428.62033, 319.65408, 431.56177, 275.45807;
  189.91028, 461.45782, 191.76466, 408.22723, 194.25127, 353.14212, 197.32758, 296.52072, 218.23988, 436.12344, 220.69681, 382.24847, 223.73849, 326.58667, 227.15506, 269.86136, 244.26224, 463.02377, 246.91818, 410.44632, 249.85628, 355.98798, 253.12579, 299.99084, 272.6539, 437.61612, 275.72635, 384.3385, 278.9751, 329.56882, 282.49191, 273.5871, 297.76193, 463.72778, 301.18582, 411.83765, 304.62137, 358.25388, 308.04321, 303.21246, 325.74521, 438.21658, 329.39978, 386.01572, 332.97995, 332.15781, 336.70364, 277.13611, 349.37912, 463.43759, 353.45093, 412.67038, 357.37973, 359.98605, 361.19376, 306.06897, 376.68738, 438.00861, 380.90717, 386.8685, 384.87979, 334.27945, 388.50333, 280.51401, 398.6235, 462.37396, 403.31851, 412.70111, 407.51788, 361.35822, 411.36212, 308.68106, 424.76965, 437.2121, 429.53503, 387.28568, 433.63257, 336.04959, 437.17889, 283.62802, 445.21002, 460.54663, 450.47247, 412.20639, 455.10944, 362.32135, 458.71405, 311.06528;
  123.27895, 362.4169, 136.17552, 289.35226, 149.36063, 221.13141, 162.9082, 159.11476, 163.13974, 326.62982, 175.34093, 253.93906, 187.88657, 187.57251, 200.37097, 127.80145, 192.74507, 366.85324, 204.13657, 289.98315, 215.44666, 218.82565, 226.79561, 154.68733, 235.72554, 329.00104, 245.97479, 253.23792, 255.82552, 184.24529, 265.05286, 122.06406, 270.11276, 370.87106, 279.38333, 290.74323, 288.00494, 216.80682, 295.79999, 150.31764, 315.42776, 331.09207, 322.75674, 252.52592, 329.11694, 181.26825, 334.48587, 117.07945, 353.78461, 374.05002, 360.02618, 291.08456, 365.21774, 215.12093, 369.01175, 146.60583, 399.68158, 332.47748, 403.4762, 251.85449, 405.94168, 178.84886, 407.11932, 113.58685, 440.89023, 376.13147, 443.83124, 291.36563, 444.85138, 213.87825, 444.52985, 144.37776, 485.5834, 333.23215, 485.7373, 251.34094, 484.00644, 177.63515, 480.8493, 112.0954, 528.44818, 376.9498, 528.10474, 291.26297, 525.15704, 213.31689, 520.45856, 143.78105;
  139.88931, 325.61551, 137.21239, 251.9249, 135.60251, 181.17523, 135.41408, 114.37283, 170.90938, 285.18005, 168.00801, 211.07768, 166.46257, 141.02475, 166.0762, 75.647667, 206.71017, 320.3219, 203.13696, 243.23662, 200.13719, 169.79892, 198.30234, 100.99741, 240.56378, 277.73492, 236.51613, 200.93597, 233.17288, 128.6022, 230.24712, 61.061298, 280.4303, 314.14578, 275.6759, 234.33109, 270.95752, 158.30739, 266.49399, 87.514046, 316.62988, 269.76828, 310.98044, 190.62909, 305.22229, 116.24509, 299.33484, 47.175385, 359.38184, 307.02057, 353.10104, 225.04482, 346.1813, 147.29213, 339.02023, 74.701958, 396.76486, 261.33066, 389.21259, 180.3871, 380.82248, 104.67555, 371.98505, 34.859077, 441.29404, 299.10086, 433.41257, 215.82796, 424.26901, 136.83017, 414.20557, 63.668743, 478.39886, 252.76659, 468.81686, 170.86729, 457.88278, 94.755516, 446.12625, 24.686531, 523.63861, 290.76675, 514.26819, 206.81609, 502.78409, 127.76781, 490.01898, 54.663101;
  163.83578, 325.08572, 150.96175, 258.05759, 138.94621, 190.82576, 128.28772, 124.11201, 188.7674, 286.99728, 175.97163, 218.47142, 164.50851, 150.30489, 154.40474, 83.407166, 227.64545, 316.54669, 214.94824, 247.34795, 202.65851, 177.84152, 191.51125, 109.20263, 254.9774, 276.98178, 242.46335, 206.4505, 230.57089, 136.35747, 219.19101, 67.648132, 295.95749, 307.2265, 283.71002, 236.02939, 271.33923, 164.80064, 259.31107, 94.459969, 325.41959, 266.39621, 313.10104, 194.28854, 300.73096, 122.74634, 288.22366, 52.789623, 367.28128, 296.99997, 355.43024, 224.52876, 343.11615, 152.23233, 330.26691, 80.682564, 397.9227, 255.40656, 385.97272, 182.32095, 373.17133, 110.04607, 359.7511, 39.305546, 439.71976, 286.39343, 428.55576, 213.29047, 416.23459, 140.10133, 402.86075, 68.367699, 470.54855, 244.46472, 458.96271, 171.11188, 446.02859, 98.533051, 432.00006, 27.871365, 511.42148, 275.49506, 501.14053, 202.38399, 488.98218, 129.53781, 475.16586, 57.853909;
  155.10666, 349.01746, 143.05484, 294.15652, 131.12634, 235.63051, 120.0273, 173.11414, 178.72737, 319.9787, 167.53419, 262.76117, 156.92293, 201.34084, 146.96904, 136.40071, 214.16214, 345.35965, 204.08069, 289.4053, 194.03459, 229.51822, 184.50758, 165.63029, 240.11037, 315.50491, 231.13179, 257.20737, 222.3403, 194.74358, 213.78859, 128.85184, 275.63467, 341.03845, 267.88934, 284.3783, 260.03796, 223.47954, 252.25468, 158.78043, 303.66605, 310.67407, 297.01611, 251.63383, 290.29739, 188.57625, 283.42352, 122.23414, 338.26215, 336.22244, 332.93402, 279.03595, 327.41074, 217.87944, 321.60327, 152.83731, 367.64697, 305.49438, 363.49493, 246.28117, 358.95844, 183.10551, 353.95724, 116.53704, 400.95889, 330.84271, 398.07153, 273.66528, 394.81552, 212.57777, 391.00464, 147.72589, 430.96072, 300.09427, 429.09689, 241.1201, 426.64194, 178.13277, 423.36115, 112.08066, 462.20868, 325.06863, 461.87061, 268.57336, 460.72232, 207.7612, 458.59821, 143.50356;
  137.1443, 369.90182, 131.83519, 326.38394, 126.69663, 278.37677, 122.27391, 224.30788, 162.48051, 349.19598, 158.62376, 303.60382, 155.16962, 252.26646, 152.6291, 194.89337, 191.97577, 370.8252, 189.47005, 327.29428, 187.30019, 278.98669, 185.64937, 224.37218, 219.12439, 349.88712, 218.26898, 304.09448, 217.95857, 252.77034, 218.28065, 195.6609, 247.57742, 371.22406, 248.17841, 327.7811, 249.08577, 279.40228, 250.65175, 225.32449, 276.57736, 350.07922, 278.69501, 304.44171, 281.44867, 253.49239, 284.9205, 197.16014, 303.28076, 371.12997, 306.68781, 327.89621, 310.73672, 279.79596, 315.33102, 226.56653, 333.24945, 349.93698, 338.44156, 304.53992, 344.09427, 254.33861, 350.44891, 198.82161, 358.05136, 370.48322, 364.28046, 327.7149, 371.09998, 280.31131, 378.44434, 227.8074, 388.52213, 349.28238, 396.34021, 304.63141, 404.60413, 255.07541, 413.3902, 200.49763, 411.09311, 369.25842, 419.94809, 327.36539, 429.10101, 280.73239, 438.8187, 229.05534;
  107.41616, 408.88446, 110.13206, 355.45377, 114.12864, 298.87097, 119.46429, 239.33957, 136.67381, 384.06332, 140.73654, 329.49146, 145.8226, 271.76376, 152.15956, 211.45233, 162.64609, 411.41769, 166.84421, 358.68924, 172.02234, 303.00256, 178.01601, 244.2769, 192.26366, 386.57599, 197.58308, 332.90457, 203.72411, 276.22049, 210.59837, 217.05602, 217.1673, 413.14688, 222.73207, 361.42621, 228.90656, 306.73032, 235.75269, 249.37196, 246.80066, 388.43982, 253.32291, 335.89066, 260.25632, 280.48843, 267.85797, 222.84366, 269.95132, 414.11795, 276.67926, 363.48944, 283.84491, 310.08563, 291.51495, 254.289, 299.09256, 389.67792, 306.58923, 338.3461, 314.31531, 284.50299, 322.32401, 228.52708, 320.38052, 414.39224, 328.26019, 364.99399, 336.12521, 313.18484, 344.19669, 259.04999, 348.76172, 390.30005, 357.077, 340.36401, 365.19916, 288.20871, 373.25168, 233.95935, 368.15634, 414.05469, 376.918, 366.19443, 385.33627, 315.82379, 393.54367, 263.35379;
  120.1588, 396.76596, 127.03614, 337.32266, 134.94627, 277.40378, 143.7149, 217.6423, 151.86455, 370.30927, 159.3457, 311.26981, 167.40884, 252.03571, 175.90154, 193.54941, 176.40475, 402.02032, 183.36397, 344.13657, 190.96152, 285.81454, 198.85678, 227.49615, 207.04175, 375.88544, 214.31418, 318.52527, 221.87753, 260.99557, 229.80891, 203.91722, 230.35204, 406.33505, 237.36139, 350.25302, 244.66832, 293.65509, 252.01883, 237.09334, 259.63065, 380.62894, 266.75293, 325.16068, 273.84616, 269.49692, 281.23807, 214.04512, 281.17337, 409.78137, 288.17755, 355.5329, 295.12421, 300.9006, 302.10995, 246.15367, 308.78259, 384.60416, 315.78714, 331.07892, 322.53879, 277.39963, 329.14273, 223.77649, 328.54456, 412.37766, 335.45377, 360.13913, 342.18149, 307.42496, 348.55219, 254.72246, 354.45364, 387.83142, 361.16202, 336.33569, 367.41565, 284.64847, 373.22461, 233.06032, 372.47836, 414.34219, 379.39777, 364.06961, 385.68781, 313.46875, 391.30145, 262.73999;
  136.05972, 406.94565, 141.60907, 347.09595, 147.9402, 286.83939, 155.1469, 226.93336, 168.34227, 380.37543, 174.34621, 320.28674, 181.00426, 260.26385, 188.23837, 201.03139, 195.28647, 412.95981, 200.93948, 353.52985, 207.09999, 293.69485, 213.81429, 233.97049, 227.60857, 386.18063, 233.55534, 326.65396, 239.83296, 267.13406, 246.38544, 208.08299, 254.2112, 418.08365, 260.13815, 359.34207, 266.19061, 300.15497, 272.28244, 241.09901, 286.11237, 391.17914, 292.12204, 332.64905, 298.06787, 273.90103, 303.98938, 215.51874, 311.58313, 422.25436, 317.5455, 364.43661, 323.50601, 306.29187, 329.24884, 248.01793, 342.49103, 395.31674, 348.5798, 338.00644, 354.23505, 280.38919, 359.50934, 222.86099, 366.50281, 425.29913, 372.71329, 368.87717, 378.44806, 312.0062, 383.7482, 254.97507, 396.04468, 398.69354, 402.0293, 342.78345, 407.4079, 286.62949, 412.04059, 230.41895, 418.36023, 427.53195, 424.73624, 372.65219, 430.30911, 317.2562, 435.16653, 261.77069;
  177.00722, 395.7793, 178.42398, 332.99576, 180.47955, 270.45602, 183.49492, 208.87627, 207.24269, 365.4213, 208.77499, 301.6828, 211.12344, 238.67284, 214.10144, 177.51025, 236.89529, 398.59048, 238.40161, 334.0752, 240.09364, 269.82251, 242.43864, 206.77763, 268.95642, 367.14447, 270.38745, 301.88995, 272.07059, 237.39162, 273.79529, 174.51491, 300.34937, 400.6741, 301.77243, 334.81781, 303.14969, 269.30188, 304.36304, 204.74225, 333.67029, 368.31006, 334.92075, 301.88391, 335.81711, 236.09793, 336.42142, 171.94928, 365.86163, 401.86902, 367.37579, 335.15546, 368.17776, 268.59131, 368.36484, 202.96065, 399.91736, 368.67526, 400.90631, 301.55029, 401.09286, 235.04187, 400.42044, 170.1091, 432.02386, 402.22043, 433.46249, 334.95523, 433.91586, 267.93149, 433.21591, 201.78848, 465.80872, 368.37772, 466.75888, 300.99771, 466.30139, 234.28436, 464.49451, 169.14143, 497.49503, 401.53427, 499.05655, 334.38013, 499.24042, 267.21829, 497.54752, 201.25743;
  236.567, 391.62119, 233.53159, 330.04263, 230.7594, 268.87552, 229.00264, 208.98915, 261.9827, 359.65442, 258.73169, 296.73099, 256.23679, 234.82051, 254.40968, 174.85406, 291.70901, 390.36993, 288.37991, 325.97076, 285.16843, 262.23364, 282.58524, 199.90808, 319.42694, 356.54974, 315.87958, 291.05374, 312.52487, 226.64957, 309.10455, 164.25755, 351.87076, 388.26086, 348.31564, 321.27057, 344.35596, 254.98566, 340.44467, 190.33659, 381.85434, 352.73599, 377.80807, 284.73691, 373.25171, 217.97653, 368.17966, 153.34825, 416.23392, 385.216, 412.39493, 315.83643, 407.74069, 247.25996, 402.1188, 180.35327, 447.85248, 348.086, 443.28827, 277.84192, 437.54697, 209.05409, 430.81259, 142.71179, 483.76459, 381.04721, 479.78928, 309.68256, 474.02347, 239.24707, 467.02042, 170.58968, 516.45673, 342.49719, 511.22668, 270.57193, 504.30823, 200.2482, 495.93427, 132.61852, 553.2243, 375.85599, 548.797, 303.00235, 542.28845, 231.04846, 533.91907, 161.36542;
  254.58182, 407.67776, 251.98792, 345.85614, 249.89166, 286.05411, 249.05959, 229.05402, 279.95633, 373.50378, 276.97482, 311.05377, 274.96234, 251.42815, 274.00156, 195.32353, 309.77902, 402.6882, 306.20865, 337.86124, 303.02994, 275.47116, 300.87738, 216.51862, 337.33008, 366.3667, 333.20258, 301.2168, 329.78418, 239.32188, 326.47791, 181.11502, 370.37958, 396.50229, 365.75888, 328.76956, 361.06818, 263.95944, 356.78882, 202.78496, 400.05481, 358.02405, 394.5686, 290.37634, 388.9567, 226.24492, 383.20392, 166.24457, 435.86008, 388.79691, 429.83679, 318.49658, 423.3259, 251.45129, 416.43579, 188.41765, 466.78656, 348.35574, 459.60626, 278.35687, 451.71649, 212.45642, 443.30084, 151.30901, 505.06079, 379.53983, 497.49774, 307.02927, 488.78067, 238.24284, 479.23666, 173.95425, 536.67206, 337.2684, 527.42578, 265.60135, 516.98828, 198.38719, 505.83038, 136.61978, 576.65533, 368.8187, 567.32214, 294.56802, 556.36798, 224.50117, 544.07306, 159.73395;
  188.31943, 395.16898, 196.27933, 336.56174, 204.04208, 282.76749, 212.09148, 234.05342, 221.5739, 362.68674, 228.36522, 305.32437, 235.11655, 253.60228, 242.11319, 207.07823, 249.29007, 390.55655, 255.03281, 329.99957, 260.45636, 274.87747, 266.13199, 225.46593, 284.01608, 356.56134, 288.13651, 297.83344, 292.26886, 245.19626, 296.1015, 197.52298, 315.59534, 385.02017, 318.50613, 322.72974, 320.88068, 266.61014, 323.35596, 216.11061, 350.96555, 349.50186, 351.92975, 289.74353, 352.66809, 236.11501, 353.13736, 187.74167, 385.96075, 378.14581, 385.31079, 314.79102, 384.35281, 257.76013, 383.04294, 206.54707, 420.9967, 341.44818, 418.14612, 281.03003, 415.20282, 226.85921, 412.06174, 178.43396, 458.80893, 370.12091, 454.15457, 306.09491, 449.29678, 248.85335, 444.26584, 197.57692, 492.38013, 332.70117, 485.50909, 272.01859, 478.78406, 218.12247, 471.98566, 170.12535, 532.40332, 360.95639, 523.73328, 296.73434, 514.98688, 239.84743, 506.20795, 189.28966;
  148.73865, 391.90939, 161.04169, 336.66061, 173.07356, 284.59921, 185.20319, 236.30084, 183.46449, 367.58121, 194.82236, 313.1803, 206.11678, 262.53659, 217.17241, 215.67949, 207.44554, 399.80426, 218.05646, 343.23074, 228.4474, 290.19049, 238.71022, 241.05838, 242.80945, 374.59747, 252.3678, 319.21048, 261.7254, 267.76941, 270.60605, 219.664, 269.15726, 407.2504, 277.90891, 349.65872, 286.27872, 295.8797, 294.26709, 245.71201, 304.68704, 381.29318, 312.1228, 325.18793, 319.08365, 272.92734, 325.71213, 224.073, 332.53198, 413.95581, 339.21075, 355.78351, 345.34201, 301.34619, 350.85791, 250.50549, 367.48502, 387.31, 372.65106, 330.79782, 377.30283, 278.1106, 381.49326, 228.85672, 396.54053, 419.73456, 400.91971, 361.34076, 404.65073, 306.66901, 407.81607, 255.62709, 429.90085, 392.63916, 432.75867, 336.00812, 435.03036, 283.37668, 436.75958, 234.27081, 459.53751, 424.60504, 461.84946, 366.22757, 463.30582, 311.65778, 464.00427, 261.11169;
  171.328, 437.49353, 152.74402, 394.98843, 133.84282, 349.85278, 114.94974, 301.49899, 184.57927, 411.96622, 166.13869, 367.45755, 147.56537, 319.97455, 128.98433, 269.51633, 216.60153, 428.80463, 198.76445, 384.96469, 180.68181, 338.36768, 162.36649, 288.62006, 231.51529, 402.06854, 214.00461, 356.26077, 196.23422, 307.47141, 178.14841, 255.75862, 264.17508, 418.80728, 247.54501, 373.96719, 230.4254, 326.16702, 212.94038, 275.1843, 280.84158, 391.04858, 264.44748, 344.26657, 247.6682, 294.39478, 230.18747, 241.53641, 313.69876, 408.04224, 298.46591, 362.1709, 282.44092, 313.13129, 265.74832, 261.1669, 331.74826, 379.29413, 316.87686, 331.53372, 301.19809, 280.76642, 284.78592, 226.82617, 364.32462, 396.18793, 350.53598, 349.52515, 336.02652, 299.75772, 320.58185, 246.89153, 383.69016, 366.9516, 370.24667, 318.30737, 355.91724, 266.6813, 340.74857, 211.8261, 415.67065, 383.69986, 403.67749, 336.51279, 390.64679, 286.02448, 376.52637, 232.28596;
  102.06982, 353.07343, 93.081009, 305.58322, 84.664238, 255.53535, 77.441559, 202.94017, 121.46757, 328.33432, 113.10766, 279.1438, 105.75147, 227.39139, 99.425552, 173.06779, 149.78786, 350.70676, 141.80888, 302.31241, 134.41611, 251.50729, 128.00383, 198.21674, 170.64291, 325.37997, 163.5005, 275.57855, 157.08458, 223.04268, 151.37318, 168.35976, 199.38045, 347.82068, 192.71294, 298.96039, 186.50107, 247.70898, 180.94643, 193.74574, 221.68524, 322.09247, 215.83705, 271.85843, 210.46454, 218.94334, 205.55724, 163.87106, 250.15807, 344.49261, 244.91125, 295.47897, 239.95355, 243.8167, 235.29268, 189.60817, 273.56201, 318.53973, 269.13403, 268.06522, 264.98654, 215.08965, 260.97574, 159.87463, 301.53702, 340.88382, 297.79102, 291.74966, 294.06122, 239.9976, 290.52045, 185.86153, 325.60709, 314.77036, 322.63422, 264.43307, 319.60941, 211.52266, 316.59708, 156.39478, 352.80466, 336.88599, 350.57922, 288.11838, 348.14148, 236.52203, 345.63699, 182.52966;
  36.589069, 298.14532, 40.688541, 246.04881, 46.415726, 193.29991, 53.980961, 139.85426, 62.6516, 276.21362, 67.691521, 223.44403, 74.524887, 169.85457, 82.991646, 116.26408, 85.023445, 306.34677, 89.741554, 253.79532, 95.862282, 200.28625, 103.62573, 146.32579, 112.39285, 284.20889, 118.11486, 230.94264, 125.30653, 176.89005, 133.70668, 122.65132, 135.52957, 314.61075, 141.0276, 261.64752, 147.742, 207.80844, 155.64177, 153.39932, 164.28061, 292.33609, 170.67998, 238.8665, 178.131, 184.42618, 186.54547, 129.85162, 187.9183, 322.75073, 194.0378, 269.66846, 201.11818, 215.71381, 209.1535, 161.14615, 217.45033, 300.42526, 224.36433, 246.87181, 232.18636, 192.47626, 240.63589, 137.82487, 240.77406, 330.56058, 247.71957, 277.85254, 255.33365, 223.87932, 263.59259, 169.28589, 270.99548, 308.20111, 278.53314, 255.04153, 286.60291, 200.87192, 295.0965, 146.38991, 293.9241, 338.0589, 301.68857, 285.79526, 309.62799, 232.31474, 318.02664, 178.03032;
  48.67128, 253.33159, 55.220234, 206.04427, 62.945004, 156.75374, 72.580765, 105.22596, 75.136627, 235.05701, 82.878288, 186.76353, 92.192657, 136.23506, 103.12021, 83.579674, 95.050262, 263.61121, 102.88686, 216.41782, 112.05643, 166.87958, 122.67165, 115.144, 123.00267, 245.47479, 131.93985, 197.17293, 142.55168, 146.59726, 154.41548, 94.075729, 142.97693, 274.00946, 152.22752, 226.98241, 162.53905, 177.63676, 174.38422, 126.12059, 171.98315, 256.06354, 182.4808, 208.0452, 194.10074, 157.77708, 206.9433, 105.55719, 191.41347, 284.45096, 202.09038, 237.81511, 213.82942, 188.80917, 226.58806, 137.75273, 221.45361, 266.69745, 233.23273, 219.08693, 246.06021, 169.3902, 259.94199, 117.49048, 240.29579, 294.67294, 252.23982, 248.60362, 264.98947, 200.341, 278.97952, 149.74309, 270.73495, 277.25201, 283.72858, 230.31694, 297.53009, 181.30473, 312.24701, 130.19795, 288.51666, 304.72281, 301.74625, 259.55017, 315.81546, 211.94031, 330.49719, 162.21715;
  94.898918, 202.64619, 106.90157, 153.43346, 120.26752, 102.51978, 135.25578, 49.871262, 124.73473, 185.65225, 137.96748, 135.60437, 152.81473, 83.561073, 169.12956, 30.17021, 142.57658, 217.64355, 155.85101, 168.49007, 170.46776, 117.35342, 186.75819, 64.354446, 173.78194, 200.95381, 188.39528, 150.9595, 204.35645, 98.853943, 221.5762, 45.321918, 191.50429, 233.22101, 206.34093, 184.14488, 222.26216, 133.18752, 239.38304, 80.233833, 223.97765, 216.90356, 240.01122, 167.03557, 257.05365, 115.1038, 275.07324, 61.852924, 241.34663, 248.95235, 257.49896, 200.34373, 274.6387, 149.72998, 292.68112, 97.232445, 274.57321, 233.03401, 291.85233, 183.67345, 309.97791, 132.38574, 328.78766, 79.377686, 291.04749, 264.75662, 308.43039, 216.93088, 326.67587, 166.9664, 345.68002, 115.0262, 324.55881, 249.13329, 343.00839, 200.67824, 362.06149, 150.0959, 381.54129, 97.771187, 340.04944, 280.48358, 358.74738, 233.48474, 377.97186, 184.3624, 397.51636, 133.28928;
  221.93631, 245.9528, 213.46252, 189.5789, 205.2184, 134.95396, 197.53886, 82.523193, 246.02643, 212.70844, 237.24713, 156.73862, 228.8797, 102.88966, 220.65677, 51.628742, 278.96573, 236.35956, 269.98715, 179.3965, 261.19815, 124.28704, 252.28374, 71.627724, 303.14142, 202.77365, 294.0863, 146.62421, 284.76126, 92.418518, 275.27802, 40.807793, 336.62634, 226.67348, 327.44424, 169.6474, 317.91937, 114.28947, 307.91574, 61.378681, 360.83499, 193.22777, 351.1684, 136.89554, 341.03464, 82.709236, 330.41934, 30.941782, 394.09521, 217.31961, 384.47781, 160.29021, 374.27853, 105.05104, 363.40799, 52.049793, 417.75867, 184.12511, 407.65118, 128.01653, 396.62061, 74.099937, 384.99603, 22.427208, 450.30945, 208.23123, 440.46042, 151.58034, 429.58347, 96.797554, 417.8717, 44.108173, 472.67862, 175.56821, 462.28452, 119.92411, 450.62827, 66.602219, 438.07037, 15.486889, 504.16168, 199.89229, 494.29501, 143.8102, 483.00259, 89.574005, 470.42062, 37.556717;
  275.89777, 292.58279, 247.4422, 245.76027, 220.05049, 201.1263, 194.26141, 159.1136, 285.42148, 254.17134, 256.83228, 208.52351, 229.58684, 165.57268, 203.77167, 125.29398, 323.94122, 262.91235, 294.50299, 216.43828, 266.06073, 172.31177, 238.85138, 131.18323, 332.86212, 224.68765, 303.36224, 179.69208, 274.99106, 137.4048, 247.62157, 97.675598, 371.87918, 233.04741, 341.47552, 187.26172, 312.0498, 144.04349, 283.50238, 103.46548, 380.00153, 195.36086, 349.5925, 151.21666, 320.07913, 109.70934, 291.48859, 70.716667, 418.47653, 203.81715, 387.52585, 158.88145, 357.21649, 116.47839, 327.53311, 76.663422, 425.53149, 166.96777, 394.56195, 123.70798, 364.21207, 83.098518, 334.65125, 45.103828, 463.27896, 175.41527, 431.88028, 131.49532, 400.91449, 90.166229, 370.54614, 51.348595, 468.99884, 139.67761, 437.72043, 97.482086, 406.70618, 58.135677, 376.46719, 21.123901, 505.8147, 148.3399, 474.23856, 105.3926, 442.97961, 65.198387, 411.99899, 27.671106;
  280.73734, 342.61923, 245.06956, 306.45172, 210.81136, 271.59314, 178.30373, 238.2874, 280.90491, 306.29788, 245.40273, 270.96475, 211.53667, 237.17505, 179.40442, 205.17429, 317.31985, 306.11792, 280.96506, 270.44211, 245.84468, 236.21004, 212.33836, 203.74138, 317.06934, 269.93497, 281.02151, 235.20036, 246.3134, 202.36209, 213.008, 170.95905, 353.82104, 269.29395, 316.86807, 234.16666, 281.05185, 200.83453, 246.68054, 169.24023, 353.05246, 233.4893, 316.41772, 199.65077, 281.02737, 167.45232, 246.79019, 137.06639, 389.46036, 232.73122, 352.11423, 198.51601, 315.83508, 165.93466, 280.66544, 135.19498, 388.05084, 197.58655, 351.01093, 164.68277, 315.06451, 133.57956, 280.15256, 104.1648, 423.815, 196.89651, 386.29147, 163.67847, 349.71976, 132.11456, 313.9711, 102.44034, 421.63245, 162.89081, 384.45657, 130.90703, 348.19724, 100.92168, 312.88156, 72.731514, 456.72375, 162.33379, 419.08701, 129.86234, 382.3522, 99.520195, 346.58878, 70.960152;
  301.19971, 340.68976, 256.20157, 322.72464, 212.63982, 305.13071, 170.71152, 288.1572, 287.75226, 309.05695, 243.20615, 291.68326, 200.37386, 274.7692, 159.28676, 258.80606, 319.38983, 295.21979, 274.25092, 277.87646, 230.60107, 261.21347, 188.43846, 245.37482, 305.54532, 264.16287, 261.18863, 247.43953, 218.11928, 231.64276, 176.78023, 216.59628, 337.00339, 249.96828, 292.02036, 233.52296, 248.44496, 217.76428, 206.13728, 202.76817, 323.00266, 219.6604, 278.80026, 203.87926, 235.85616, 188.93826, 194.23289, 174.76653, 353.81335, 205.76366, 309.14304, 190.11566, 265.64661, 175.30327, 223.44516, 161.15965, 339.56079, 176.41928, 295.70084, 161.48972, 252.97789, 147.59468, 211.41234, 134.49437, 369.68539, 163.05, 325.39548, 148.23901, 282.33096, 134.24745, 240.34769, 121.1276, 355.1521, 134.90997, 311.61536, 120.92181, 269.44241, 107.93617, 228.26591, 95.904579, 384.64069, 122.12026, 340.9386, 107.92911, 298.31931, 94.892555, 256.75745, 82.779083;
  338.66666, 349.34332, 290.95193, 346.33585, 244.27357, 343.13693, 199.00055, 339.82269, 316.34848, 324.20648, 269.16693, 321.36255, 223.22751, 318.51181, 178.78989, 315.53024, 341.72601, 301.92242, 294.19812, 299.35898, 247.77715, 296.87622, 202.6114, 294.28287, 319.31879, 277.14978, 272.47754, 274.8822, 226.81546, 272.74277, 182.38271, 270.56598, 344.4754, 254.72821, 297.30096, 252.68665, 251.23006, 250.74895, 206.30142, 249.04436, 322.14172, 230.65182, 275.7605, 228.85191, 230.36215, 227.43199, 186.17557, 225.98515, 346.82245, 208.64178, 300.21219, 207.07195, 254.56476, 205.71829, 209.9503, 204.6696, 324.53546, 185.3615, 278.66986, 184.13307, 233.89383, 183.23637, 190.1396, 182.64058, 348.66452, 164.04611, 302.73389, 162.86929, 257.73236, 162.01512, 213.77226, 161.6825, 326.6026, 141.8933, 281.49948, 141.05458, 237.37959, 140.82503, 194.35469, 140.95813, 350.26166, 121.24928, 305.1153, 120.35279, 260.85309, 120.10368, 217.62666, 120.40582;
  362.34677, 329.17773, 316.65228, 338.89038, 271.52689, 348.20993, 227.53041, 357.04065, 334.78064, 311.25461, 289.52777, 320.93011, 245.19618, 330.35672, 202.04694, 339.39386, 352.90005, 283.53525, 307.59058, 293.55896, 262.99445, 303.36008, 219.45868, 312.79483, 325.40784, 266.0867, 280.74338, 276.16669, 236.9895, 286.01401, 194.16617, 295.55685, 343.22247, 238.6044, 298.47119, 248.85384, 254.54633, 259.00793, 211.48347, 269.00122, 315.9855, 221.87906, 272.03415, 232.17485, 228.83827, 242.35579, 186.52176, 252.50937, 333.40118, 195.08788, 289.43671, 205.42181, 246.2086, 215.98114, 203.79774, 226.32632, 306.6188, 179.1732, 263.41971, 189.6786, 220.99742, 200.19019, 179.46565, 210.83125, 323.57101, 153.2877, 280.52454, 163.85019, 238.1516, 174.52548, 196.60246, 185.23181, 297.39117, 138.47296, 255.11263, 149.07034, 213.67934, 159.91275, 173.03601, 170.91624, 313.96259, 113.58728, 271.80182, 124.02036, 230.50537, 134.87289, 189.94023, 145.97083;
  376.9169, 306.25519, 335.50031, 326.10571, 294.58633, 345.27875, 254.35469, 364.01651, 346.72784, 295.83203, 305.76279, 315.46457, 265.47354, 334.68112, 226.11938, 353.36887, 357.62103, 265.83896, 316.82602, 285.68024, 276.57928, 305.15137, 237.11957, 324.23056, 327.68396, 255.87471, 287.56448, 275.66107, 248.09578, 295.00998, 209.35338, 313.86346, 338.45673, 226.40271, 298.41678, 246.21831, 258.98807, 265.61832, 220.18439, 284.9664, 309.0372, 217.1929, 269.67584, 236.77245, 231.03214, 256.14166, 192.96088, 275.27652, 319.60995, 188.64874, 280.42618, 208.15271, 241.82207, 227.66396, 203.77991, 246.9194, 291.01633, 180.12538, 252.50581, 199.55951, 214.73929, 218.83772, 177.45517, 238.1239, 301.39026, 152.55685, 263.08734, 171.88171, 225.35928, 191.22725, 188.35294, 210.44656, 273.51135, 144.79536, 235.98582, 164.07309, 199.18901, 183.31659, 163.02248, 202.59909, 283.87955, 118.3269, 246.46011, 137.24649, 209.8119, 156.43172, 173.85022, 175.76071;
  390.36398, 300.35352, 354.31396, 326.74973, 318.38748, 352.67303, 282.97604, 378.03433, 359.49011, 295.87381, 323.78571, 321.95795, 288.38763, 347.67276, 253.66682, 372.76474, 364.54108, 265.16934, 329.01242, 291.43588, 293.76312, 317.26437, 259.07056, 342.69083, 334.16315, 261.03549, 299.08304, 286.98715, 264.45627, 312.59915, 230.30075, 337.78391, 339.22479, 230.87253, 304.25201, 256.83041, 269.74445, 282.51227, 235.67059, 307.93967, 309.39465, 227.11238, 274.99261, 252.81255, 241.06984, 278.19128, 207.52383, 303.3772, 314.48047, 197.87558, 280.24356, 223.43103, 246.47647, 248.85812, 213.08282, 274.10187, 285.49756, 194.63164, 251.75548, 219.89996, 218.63634, 245.13419, 185.94879, 270.08487, 290.62579, 166.38849, 257.20172, 191.50539, 224.17712, 216.67854, 191.66954, 241.61588, 262.55289, 163.66187, 229.66054, 188.53267, 197.35558, 213.46777, 165.65698, 238.25772, 267.80591, 136.39729, 235.04726, 160.9967, 202.95348, 185.73029, 171.3967, 210.53032;
  378.48032, 366.20358, 337.30106, 381.79233, 296.58508, 397.02176, 256.6727, 411.54257, 349.82544, 354.06787, 308.84549, 369.42279, 268.53497, 384.49112, 229.13365, 398.92297, 362.50314, 326.01746, 321.26547, 341.63089, 280.66833, 357.00562, 240.80396, 371.90201, 333.90189, 313.66699, 292.9711, 329.20319, 252.8822, 344.36969, 213.35544, 359.36069, 346.60471, 285.50415, 305.48468, 301.16611, 264.98334, 316.5199, 225.30902, 331.75705, 318.22101, 273.10831, 277.46548, 288.69461, 237.44572, 304.13321, 198.08272, 319.33167, 331.16382, 245.16716, 290.09723, 260.74234, 249.77388, 276.22543, 210.25528, 291.75775, 302.92081, 232.90524, 262.37762, 248.52454, 222.75258, 264.06027, 183.71307, 279.58707, 315.93484, 205.34604, 275.29105, 220.89398, 235.26541, 236.55838, 196.12071, 252.12979, 288.21262, 193.48198, 248.03729, 209.04193, 208.83945, 224.7318, 170.30455, 240.43463, 301.22565, 166.35011, 260.98056, 181.76143, 221.44383, 197.30376, 182.87036, 213.2023;
  357.90268, 419.0239, 314.52231, 420.55478, 271.54514, 421.5791, 229.1387, 422.07199, 335.33505, 398.97482, 291.97934, 400.40378, 249.08624, 401.19385, 206.85831, 401.60986, 356.53247, 377.09204, 312.80783, 378.61533, 269.504, 379.80286, 226.71999, 380.51367, 333.89172, 356.63092, 290.07913, 357.95517, 246.93845, 358.91357, 204.30801, 359.55539, 355.29282, 334.09793, 311.11917, 335.55203, 267.60004, 336.7822, 224.51526, 337.82901, 332.52335, 313.17282, 288.57275, 314.5163, 245.13988, 315.65131, 202.21033, 316.74847, 353.97522, 290.69666, 309.85202, 292.00708, 266.09207, 293.27838, 222.86194, 294.57819, 331.27518, 269.36011, 287.32001, 270.68079, 243.88942, 272.05411, 200.79353, 273.37619, 352.92703, 246.85541, 308.79071, 248.26656, 264.90479, 249.60852, 221.78508, 251.00403, 330.28287, 225.74379, 286.40195, 227.09673, 242.8876, 228.52881, 200.13733, 230.12773, 351.99026, 203.30734, 307.79309, 204.50281, 264.33105, 205.92686, 221.18629, 207.79945;
  311.52271, 447.54736, 271.04501, 431.67477, 230.87321, 415.33017, 191.36592, 398.30463, 298.84094, 420.50766, 258.23389, 404.33768, 218.14037, 387.55469, 178.89317, 370.29965, 327.02982, 409.12823, 286.13904, 392.98862, 245.5388, 376.42877, 205.68732, 359.46149, 314.44937, 381.33362, 273.48105, 364.9184, 233.06229, 348.06381, 193.22603, 330.95505, 343.14191, 369.45703, 301.97885, 352.98795, 261.10721, 336.31534, 220.81755, 319.3728, 330.69647, 341.03482, 289.49692, 324.39224, 248.79517, 307.56259, 208.50764, 290.56131, 359.58936, 328.9884, 318.23764, 312.3139, 277.22607, 295.59314, 236.59273, 278.59457, 347.25293, 300.14044, 305.98492, 283.36902, 265.11893, 266.51981, 224.5947, 249.74803, 376.28229, 288.07114, 334.93671, 271.24545, 293.78928, 254.42366, 253.08856, 237.68672, 363.97119, 259.08615, 322.76849, 242.24092, 281.85385, 225.57623, 241.38036, 208.94801, 393.08008, 247.06621, 351.87708, 230.08376, 310.82352, 213.32065, 270.20227, 196.85728;
  229.96048, 430.15472, 201.05046, 396.8313, 172.81831, 363.12286, 145.6042, 329.01202, 231.32762, 400.09637, 202.49806, 366.34485, 174.58615, 332.28516, 147.69583, 298.12067, 261.94669, 403.28088, 232.81654, 369.564, 204.34511, 335.58368, 176.77583, 301.30981, 263.68497, 372.66241, 234.76338, 338.60947, 206.4903, 304.3403, 179.06424, 269.96982, 295.0094, 375.58478, 265.81461, 341.46225, 237.16975, 307.17392, 209.1749, 272.88589, 297.14163, 344.33487, 268.13364, 310.11575, 239.72443, 275.78735, 211.87898, 241.33438, 328.80243, 347.11594, 299.49829, 312.86743, 270.7276, 278.52628, 242.44765, 244.10129, 331.27719, 315.57092, 302.20654, 281.21902, 273.56503, 246.85051, 245.45338, 212.63974, 362.94858, 318.30167, 333.79602, 284.02502, 304.99442, 249.74496, 276.51517, 215.42168, 365.45245, 286.81509, 336.54749, 252.48154, 307.93134, 218.27475, 279.69705, 184.25566, 397.20898, 289.5647, 368.25476, 255.21812, 339.49368, 220.94583, 311.04031, 187.06885;
  169.94453, 414.11288, 156.65852, 372.85657, 143.97437, 331.01926, 132.21573, 288.52692, 183.07074, 388.40894, 169.92868, 346.50662, 157.64417, 304.1008, 146.18851, 261.25772, 209.84712, 403.97464, 196.57501, 362.03528, 183.79776, 319.64063, 171.73134, 276.68085, 223.56383, 377.60181, 210.57733, 335.2598, 198.19487, 292.28961, 186.31287, 248.9614, 251.08574, 393.07071, 237.99373, 350.72003, 225.27527, 307.96552, 213.02194, 264.49753, 265.65927, 366.15198, 252.66203, 323.34274, 240.22847, 280.05966, 228.05699, 236.55811, 293.51328, 381.5853, 280.53491, 338.90018, 267.80231, 295.73843, 255.39954, 252.04529, 308.5329, 354.3313, 295.72266, 311.31287, 283.24033, 267.76822, 270.9101, 223.97227, 336.57349, 369.80106, 323.77768, 326.76965, 311.11053, 283.48389, 298.79166, 239.72992, 351.87976, 342.17566, 339.27707, 299.00333, 326.75165, 255.48434, 314.3877, 211.64233, 379.98865, 357.43695, 367.51465, 314.40771, 355.08182, 271.10385, 342.61255, 227.33307;
  130.02843, 361.25348, 134.26106, 317.90045, 139.26715, 274.19312, 145.36836, 230.0963, 152.20749, 342.9942, 156.8017, 298.95529, 162.44679, 254.78625, 169.09238, 210.60133, 170.6046, 368.12839, 174.97148, 324.17615, 180.19786, 279.81689, 186.36115, 235.32162, 193.71091, 349.49844, 198.5392, 305.09064, 204.26154, 260.31537, 210.69843, 215.46074, 212.85355, 374.76654, 217.58057, 330.513, 222.92273, 285.70566, 228.96997, 240.66269, 236.89384, 355.8573, 241.95273, 311.1311, 247.65793, 266.04477, 253.9362, 220.72629, 256.38599, 381.20825, 261.41147, 336.65466, 266.91702, 291.51877, 272.81796, 246.14012, 281.08276, 362.01938, 286.44565, 317.11441, 292.168, 271.77417, 298.30417, 226.1443, 300.87888, 387.27316, 306.11908, 342.59204, 311.66635, 297.43909, 317.6604, 251.80865, 325.96713, 367.91415, 331.43558, 322.85864, 337.29462, 277.5014, 343.29562, 231.84462, 345.85367, 393.02975, 351.34988, 348.34155, 357.06024, 303.14871, 362.95435, 257.60645;
  107.94691, 294.01868, 127.29893, 254.65591, 147.50677, 215.10799, 168.83452, 175.51387, 135.8046, 284.92334, 155.75806, 245.2496, 176.69719, 205.52534, 198.59323, 165.78444, 144.77382, 315.34598, 164.4821, 275.60229, 185.09633, 235.82446, 206.5412, 195.88066, 173.54834, 306.23447, 193.89441, 266.38388, 214.99843, 226.25127, 236.87758, 186.12532, 183.06082, 336.90048, 203.19467, 297.15234, 223.97449, 256.96848, 245.59061, 216.77304, 212.72234, 327.79138, 233.20871, 287.80664, 254.48119, 247.57648, 276.29544, 207.16629, 222.3334, 358.2132, 242.68922, 318.58698, 263.71414, 278.39468, 285.27216, 237.99017, 252.44147, 349.11795, 273.1691, 309.29172, 294.51154, 268.93063, 316.3577, 228.4888, 262.19839, 379.43631, 282.86887, 339.88821, 303.96967, 299.90436, 325.43845, 259.41687, 292.50122, 370.16592, 313.58444, 330.41263, 334.76038, 290.41779, 356.46576, 249.90352, 302.30017, 400.19052, 323.20929, 360.92068, 344.32553, 321.13181, 365.81662, 280.89102;
  90.337357, 256.31717, 117.32569, 222.34171, 145.21086, 188.18613, 173.93228, 153.84242, 120.22353, 253.45599, 147.65265, 219.43463, 176.10638, 185.19342, 205.26024, 150.98795, 123.38703, 284.21661, 150.43825, 250.38687, 178.44206, 216.46977, 207.21866, 182.28362, 153.48068, 281.24255, 181.08264, 247.59668, 209.44637, 213.71184, 238.461, 179.59239, 156.716, 311.85541, 183.99579, 278.5303, 211.94829, 244.91219, 240.5733, 210.97537, 187.02153, 308.96454, 214.6145, 275.74591, 242.83844, 242.12, 271.64148, 208.23476, 190.18805, 338.97626, 217.46138, 306.08597, 245.34888, 272.89597, 273.73318, 239.39978, 220.4248, 336.08655, 247.99428, 303.31155, 275.99939, 270.13226, 304.58359, 236.54033, 223.38683, 365.35028, 250.62236, 333.1218, 278.34903, 300.45981, 306.55411, 267.224, 253.38992, 362.28897, 280.72455, 330.10852, 308.4841, 297.35681, 336.58484, 264.37155, 256.15054, 390.81271, 283.22263, 359.31946, 310.77786, 327.13461, 338.34375, 294.38922;
  95.404945, 222.12657, 126.63721, 191.1691, 158.57953, 160.54553, 190.84879, 130.28741, 125.6255, 221.82509, 157.01442, 191.30989, 188.75652, 160.98532, 220.85417, 131.06441, 124.88847, 251.99258, 155.66307, 221.63493, 186.99036, 191.4612, 218.59457, 161.40047, 154.65576, 251.53766, 185.48674, 221.49245, 216.65271, 191.64682, 248.02412, 162.07063, 154.02249, 280.95944, 184.34991, 251.24731, 214.97914, 221.53258, 245.92772, 192.07942, 183.32614, 280.32999, 213.52882, 250.92619, 244.02522, 221.60925, 274.76129, 192.50415, 182.57454, 308.83249, 212.27736, 279.73642, 242.27887, 250.67386, 272.57394, 221.70477, 211.15002, 307.92044, 240.77946, 279.18237, 270.53519, 250.4594, 300.52927, 221.7527, 210.19817, 335.39334, 239.28499, 307.05374, 268.65894, 278.5755, 298.15094, 250.12509, 238.04596, 334.14923, 266.98105, 306.14841, 295.89847, 277.92169, 324.96927, 249.737, 236.9369, 360.51077, 265.46158, 332.97189, 293.97159, 305.24005, 322.5528, 277.27048;
  117.11272, 208.35625, 152.70467, 181.03204, 188.28041, 154.55469, 223.48294, 128.92567, 147.78981, 212.32712, 183.22269, 185.43765, 218.22237, 159.26929, 252.73787, 134.02089, 143.06729, 243.53728, 178.22508, 216.34917, 213.10811, 189.76797, 247.5016, 163.95851, 173.48112, 247.1763, 208.22328, 220.41823, 242.57007, 194.15538, 276.51587, 168.70126, 169.04143, 278.02347, 203.52879, 251.01306, 237.77231, 224.55141, 271.43509, 198.65154, 198.97096, 281.31656, 232.9749, 254.68744, 266.55527, 228.5367, 299.84952, 202.96225, 194.5943, 311.35901, 228.38762, 284.59497, 261.76025, 258.31784, 294.83749, 232.42458, 223.93974, 314.22308, 257.13184, 287.87479, 289.92078, 261.8306, 322.41046, 236.25539, 219.52856, 343.29819, 252.52426, 316.93124, 285.10315, 290.90469, 317.33533, 265.14697, 248.04623, 345.59061, 280.43674, 319.56644, 312.29398, 293.7934, 343.77585, 268.34927, 243.66068, 373.67538, 275.88577, 347.85785, 307.5343, 322.15414, 338.69855, 296.56705;
  133.62788, 225.71487, 167.56824, 195.28755, 200.79381, 165.75844, 233.41814, 137.58269, 166.06274, 226.59132, 199.67828, 196.14404, 232.5652, 167.01926, 264.55096, 139.12706, 164.63515, 258.73132, 198.56519, 227.48477, 231.77844, 197.34793, 264.05142, 168.4825, 197.54909, 259.57803, 231.09175, 228.59283, 263.74249, 198.65453, 295.46231, 169.80573, 196.5351, 292.45801, 230.38258, 260.74182, 263.41644, 229.92471, 295.47516, 200.03024, 229.68732, 293.35638, 263.02814, 261.77957, 295.41757, 231.11935, 326.73587, 201.44, 228.9478, 326.42926, 262.62787, 294.23083, 295.29791, 262.82825, 326.92142, 232.28899, 262.1431, 327.06863, 295.11096, 295.09811, 327.04221, 263.8938, 357.94394, 233.45938, 261.47351, 360.20364, 294.77533, 327.74719, 327.02432, 295.89609, 358.10715, 264.88367, 294.34921, 360.51111, 326.88144, 328.27679, 358.2439, 296.65524, 388.43552, 265.73129, 293.84427, 393.47467, 326.53613, 360.79922, 358.25488, 328.7829, 388.72971, 297.448;
  139.20912, 265.52029, 164.82428, 230.52841, 189.21449, 197.51811, 212.61357, 166.94862, 171.18207, 257.88577, 196.05643, 223.09114, 219.70326, 190.72408, 242.23911, 160.77269, 177.9964, 286.64127, 203.20717, 250.30785, 227.14847, 216.09459, 249.81857, 184.45622, 210.78862, 278.6774, 235.09824, 242.78644, 258.03995, 209.29248, 279.75073, 177.81911, 218.82616, 308.69138, 243.55229, 271.05997, 266.82327, 235.68024, 288.67154, 202.66237, 252.20546, 300.61276, 275.8884, 263.50208, 297.96286, 228.60567, 318.76108, 195.73906, 261.21384, 331.55588, 285.20285, 292.63843, 307.55774, 256.02878, 328.59424, 221.55127, 294.80804, 323.09473, 317.6741, 284.78131, 338.88416, 248.63474, 358.49164, 214.55623, 304.755, 354.7688, 327.81366, 314.74084, 349.28064, 276.96039, 369.2149, 241.43462, 338.33865, 345.81027, 360.0827, 306.4382, 380.09021, 269.23123, 398.57452, 234.44212, 348.88388, 378.12354, 371.10754, 337.0054, 391.37506, 298.28674, 409.96234, 261.88358;
  136.93045, 283.89752, 153.59003, 250.57146, 169.1823, 220.0085, 183.91122, 192.28857, 165.97234, 268.66751, 181.57542, 236.06454, 195.99733, 206.683, 209.64247, 180.08331, 179.11243, 287.94836, 194.69807, 253.6049, 208.98027, 222.30719, 222.49013, 194.00125, 208.88721, 272.41238, 223.1638, 238.96004, 236.23857, 208.78029, 248.17111, 181.06187, 224.11647, 292.4892, 238.18332, 257.07071, 251.07933, 224.80602, 262.93979, 195.62834, 254.34657, 276.47095, 266.93457, 242.19072, 278.38141, 210.959, 288.77975, 182.19966, 271.56424, 297.40378, 283.82303, 260.80899, 294.95212, 227.59344, 304.96136, 197.20123, 301.91714, 280.78885, 312.59711, 245.48636, 322.05298, 213.4035, 330.57083, 184.08478, 320.98102, 302.30783, 331.28848, 264.59747, 340.32004, 230.52362, 348.45837, 199.59142, 351.13101, 285.28909, 359.54578, 248.79596, 367.0397, 216.17497, 373.62366, 186.53583, 372.17194, 307.32089, 380.0791, 268.53745, 386.90012, 233.79698, 392.8035, 202.61168;
  158.46617, 327.03677, 142.74309, 294.76892, 128.28128, 265.0347, 115.62106, 237.9127, 166.89081, 296.7305, 151.01573, 266.01538, 136.93512, 237.89868, 124.29951, 212.1859, 192.52707, 298.5972, 175.2253, 267.08191, 159.42238, 238.05864, 145.5909, 211.66556, 200.83247, 268.16406, 183.56207, 238.33868, 167.9709, 211.04298, 153.63405, 185.97328, 228.02399, 269.20798, 209.11676, 238.55746, 191.98349, 210.37305, 176.23643, 184.70383, 236.24356, 238.79645, 217.25194, 210.00079, 199.90094, 183.47531, 183.93709, 159.18219, 264.63129, 239.29163, 243.99141, 209.51881, 225.13231, 182.39003, 207.72678, 157.48647, 272.25418, 209.06122, 251.62811, 181.29535, 232.59793, 155.73784, 215.09286, 132.56241, 301.82324, 208.90161, 279.49078, 180.25337, 258.83038, 154.22406, 239.94368, 130.45201, 308.63232, 179.32159, 286.24216, 152.60783, 265.75574, 128.50264, 247.04668, 106.313, 339.2327, 178.65581, 314.98886, 150.98193, 292.90796, 126.27336, 272.72134, 103.93088;
  199.79637, 339.35263, 173.76772, 310.08963, 149.53375, 282.68118, 127.29149, 256.83768, 200.50818, 308.39209, 174.82622, 280.34274, 151.07724, 254.04448, 129.13525, 229.44305, 228.25449, 306.668, 201.26518, 277.99988, 175.9873, 251.22318, 152.68356, 226.21049, 228.94458, 275.57407, 202.14415, 248.27998, 177.34288, 222.72789, 154.01982, 198.78246, 257.76669, 272.95517, 229.54988, 245.14644, 203.30759, 219.16505, 178.67159, 194.87364, 258.1225, 241.994, 230.32465, 215.51749, 204.289, 190.78203, 179.71031, 167.59787, 287.75064, 238.85576, 258.56119, 211.84363, 231.12042, 186.77629, 205.25856, 163.19341, 287.77539, 208.23987, 258.88898, 182.52881, 231.72565, 158.69882, 206.06056, 136.4675, 317.99594, 204.50981, 287.67432, 178.58185, 259.10782, 154.33083, 232.33937, 131.69858, 317.40637, 174.46909, 287.43091, 149.75296, 259.40311, 127.05301, 233.00063, 105.90228, 348.11633, 170.43279, 316.8107, 145.30991, 287.34473, 122.16764, 259.69244, 100.78682;
  253.01547, 361.85782, 224.68256, 335.724, 196.54724, 309.48114, 168.7049, 282.77908, 251.64046, 335.91663, 223.2083, 309.50797, 195.00352, 282.76895, 167.23438, 255.71373, 279.00992, 336.04297, 250.34819, 309.48236, 221.91595, 282.66153, 193.71393, 255.60097, 277.81015, 309.37674, 249.21333, 282.56766, 220.66231, 255.38332, 192.35587, 228.18423, 305.90945, 309.41013, 277.00671, 282.30435, 248.34485, 255.00668, 219.76262, 227.67198, 305.27725, 282.08435, 276.35715, 254.80179, 247.54634, 227.28532, 218.77391, 199.87039, 333.4747, 281.92548, 304.5668, 254.53397, 275.65906, 226.91833, 246.6962, 199.35341, 333.05716, 254.14713, 304.13004, 226.60474, 275.18298, 198.81499, 246.08569, 171.13768, 361.64841, 254.10626, 332.75238, 226.36162, 303.61087, 198.42004, 274.55917, 170.68172, 361.43698, 226.05228, 332.36298, 198.22604, 303.37378, 170.23178, 274.15485, 142.3141, 390.21844, 225.94403, 361.35229, 198.00125, 332.32675, 169.95535, 303.12976, 141.76566;
  241.90189, 369.2355, 224.95906, 343.06754, 207.73729, 315.77789, 190.10582, 286.87082, 248.41441, 349.64413, 231.44847, 322.73624, 214.30913, 294.35156, 196.5737, 264.28897, 271.6424, 356.28674, 255.18492, 329.59567, 238.30743, 301.66837, 221.1031, 272.14529, 278.85522, 336.25449, 262.39624, 308.8627, 245.65044, 279.85663, 228.30081, 249.45436, 302.38675, 342.99222, 286.5126, 315.72195, 270.07721, 287.1806, 253.30812, 257.29361, 310.18158, 322.53, 294.31531, 294.49884, 278.05923, 265.05594, 261.23813, 234.22057, 333.68237, 329.38489, 318.32837, 301.55679, 302.58212, 272.50003, 286.29172, 242.23253, 342.13843, 308.49554, 326.81381, 279.89612, 311.1163, 250.07213, 294.82205, 218.78848, 365.28189, 315.43567, 350.67465, 287.12363, 335.5343, 257.70947, 319.91269, 227.00673, 374.27606, 294.30624, 359.66086, 265.21167, 344.64096, 234.93303, 328.95227, 203.1636, 397.38803, 301.26154, 383.5563, 272.73965, 369.07175, 242.78926, 353.94244, 211.57422;
  192.93277, 379.51657, 188.11276, 353.54504, 183.38608, 326.38174, 178.85526, 297.39343, 206.02505, 365.82166, 201.51791, 339.22906, 197.23015, 311.05048, 193.0105, 281.061, 223.4325, 377.80115, 219.51961, 351.75256, 215.42789, 324.40604, 211.49501, 295.19595, 237.10179, 363.95969, 233.47795, 337.19101, 229.86711, 308.91779, 226.28627, 279.0386, 254.42017, 375.99646, 251.28932, 349.8176, 248.08481, 322.30249, 244.80247, 293.01669, 268.66232, 361.95523, 265.85831, 335.11633, 262.99652, 306.85739, 260.1452, 276.99701, 285.72217, 373.95883, 283.36472, 347.60831, 280.76221, 320.19202, 278.32422, 291.04559, 300.39908, 359.82083, 298.31967, 332.92648, 296.12637, 304.72632, 294.18481, 274.87122, 317.02307, 371.71173, 315.37836, 345.45789, 313.65509, 317.88034, 311.9248, 288.79712, 332.03189, 357.58145, 330.65137, 330.73584, 329.2218, 302.47647, 327.97992, 272.57016, 348.23361, 369.31967, 347.41974, 343.18741, 346.3739, 315.63641, 345.40634, 286.53714;
  135.40388, 382.70221, 137.55084, 355.97058, 139.93846, 328.49298, 142.83786, 299.94055, 150.72116, 371.44669, 153.16495, 344.3916, 155.95738, 316.37311, 159.20517, 287.22546, 163.69217, 386.51102, 166.26781, 359.9147, 169.10359, 332.47461, 172.21564, 303.88574, 179.19963, 375.15207, 182.10364, 348.15906, 185.32838, 320.26468, 188.87119, 291.33844, 192.14172, 390.20322, 195.12198, 363.66843, 198.46606, 336.37375, 201.94606, 307.97867, 208.00101, 378.80801, 211.33923, 351.98651, 214.76337, 324.32101, 218.67313, 295.56293, 220.62375, 393.62854, 224.04544, 367.23819, 227.65521, 340.14267, 231.52902, 311.89914, 236.67386, 382.26047, 240.35648, 355.57428, 244.17029, 328.02765, 248.46391, 299.50894, 248.95457, 396.90976, 252.80469, 370.75748, 256.8331, 343.74548, 261.00235, 315.79916, 265.06323, 385.52332, 269.19165, 359.0249, 273.52328, 331.67252, 277.88977, 303.27048, 277.31036, 399.93182, 281.40619, 373.95251, 285.7757, 347.16858, 290.28238, 319.45981;
  96.017242, 380.85043, 101.09225, 353.58322, 106.52173, 326.65436, 112.03114, 299.74982, 111.97046, 370.22565, 117.01829, 343.05621, 122.37962, 316.05048, 128.01245, 289.25977, 122.82655, 386.82593, 127.84282, 359.58371, 132.99359, 332.48257, 138.3965, 305.64258, 138.66824, 376.09314, 143.77702, 348.92883, 149.06815, 321.91611, 154.35657, 294.98993, 149.83514, 392.64322, 154.75751, 365.37878, 159.92511, 338.36261, 165.10101, 311.40454, 165.83423, 381.84204, 170.88686, 354.77747, 175.96587, 327.71408, 181.22205, 300.74948, 177.03281, 398.37885, 181.87431, 371.10651, 186.78441, 344.05139, 191.95927, 316.99646, 193.03564, 387.47876, 197.90518, 360.41843, 202.84981, 333.42789, 207.8754, 306.49509, 204.32707, 403.67825, 209.02121, 376.61819, 213.78906, 349.61261, 218.74768, 322.77441, 220.22461, 392.77469, 224.89572, 365.77585, 229.64647, 338.86423, 234.54878, 312.11639, 231.38461, 409.035, 236.078, 381.94775, 240.77141, 355.13483, 245.36896, 328.36044;
  46.15834, 383.04486, 51.218765, 358.68759, 56.189171, 335.1991, 61.374107, 312.63358, 61.581703, 372.88574, 66.499725, 348.78659, 71.318581, 325.82495, 76.245201, 303.63055, 72.276382, 387.42072, 76.906372, 362.83875, 81.514702, 339.20209, 86.226471, 316.47641, 87.722397, 377.14474, 92.128899, 352.87341, 96.543495, 329.67245, 100.97018, 307.0993, 99.083717, 391.75961, 103.22866, 366.97122, 107.41938, 343.15756, 111.51473, 320.14514, 114.49392, 381.32584, 118.45882, 356.90933, 122.39342, 333.45761, 126.28259, 310.57816, 126.09808, 395.88184, 129.7755, 371.00052, 133.52138, 346.97986, 137.23904, 323.80997, 141.49902, 385.32315, 144.99872, 360.8089, 148.42943, 337.17371, 151.93481, 314.13791, 153.48228, 399.94504, 156.74681, 374.90109, 159.94554, 350.77313, 163.11986, 327.3895, 168.81381, 389.24805, 171.72238, 364.57614, 174.68922, 340.82852, 177.58508, 317.91818, 181.19102, 403.93192, 183.90042, 378.68195, 186.56148, 354.42139, 189.34615, 331.10834;
  14.241402, 400.09488, 16.602129, 376.61469, 19.105017, 354.1712, 21.746864, 332.71365, 27.909006, 387.4158, 30.125151, 364.23013, 32.431026, 342.21176, 34.901672, 321.29648, 39.666565, 398.48352, 41.398067, 374.73257, 43.445606, 352.05362, 45.700573, 330.59003, 53.238377, 385.63489, 55.015614, 362.23883, 56.811512, 340.14084, 58.841164, 318.77493, 65.789314, 396.62119, 67.209015, 372.74475, 68.588463, 349.97025, 70.288414, 328.26279, 79.634369, 383.64154, 80.748642, 360.22931, 82.046036, 337.79849, 83.398834, 316.17282, 92.65583, 394.75082, 93.36586, 370.6579, 94.317184, 347.7439, 95.253685, 325.62463, 106.52288, 381.46243, 107.09689, 357.89746, 107.72966, 335.31525, 108.51857, 313.56009, 120.09995, 392.59927, 120.28291, 368.34354, 120.55284, 345.38571, 121.04792, 323.06857, 133.91914, 379.26395, 133.84291, 355.44153, 133.90028, 332.71411, 134.14063, 311.14517, 148.23749, 390.33102, 147.64888, 365.89386, 147.28326, 342.74002, 147.0954, 320.58038;
  41.216152, 433.44406, 37.725788, 407.0575, 34.38776, 381.12875, 31.610369, 355.84274, 51.704689, 417.42712, 48.011078, 391.04807, 44.790722, 365.43979, 41.994133, 340.44025, 66.051765, 427.94351, 62.108051, 401.1438, 58.452576, 375.13535, 55.378559, 349.70795, 76.60334, 411.56198, 72.662781, 385.02368, 69.141434, 359.17728, 65.915993, 333.87936, 91.684433, 421.93872, 87.418884, 395.12082, 83.49855, 368.89719, 79.903046, 343.2793, 102.52753, 405.30176, 98.245468, 378.71838, 94.176468, 352.69675, 90.403549, 327.15872, 118.11856, 415.83817, 113.40174, 388.7923, 109.01532, 362.33792, 104.92041, 336.45691, 129.15974, 399.04453, 124.33361, 372.15552, 119.95081, 345.97089, 115.76396, 320.27692, 145.27785, 409.38669, 140.09143, 382.16617, 135.30522, 355.55695, 130.75349, 329.5365, 156.25128, 392.2977, 151.09303, 365.35123, 146.25946, 339.07361, 141.64131, 313.3945, 172.967, 402.62485, 167.32191, 375.3226, 162.12798, 348.67352, 157.21535, 322.7258;
  92.977341, 465.68353, 85.665863, 439.0914, 78.669113, 412.16214, 72.019775, 384.9118, 102.22018, 449.68671, 95.034569, 422.93701, 88.264526, 395.72937, 81.772301, 368.18161, 118.89943, 460.31189, 111.63931, 433.50769, 104.6473, 406.51425, 98.008644, 379.05136, 128.44649, 444.11935, 121.31994, 417.12396, 114.49909, 389.88025, 107.93967, 362.12823, 145.33665, 454.6445, 138.22078, 427.72189, 131.28067, 400.60831, 124.56978, 373.03656, 155.19568, 438.20837, 148.24028, 411.21347, 141.33884, 383.77487, 134.8401, 355.99588, 172.2858, 448.66638, 165.12993, 421.66849, 158.34213, 394.45984, 151.61394, 366.82208, 182.26228, 432.11206, 175.32086, 404.99854, 168.5755, 377.5481, 161.96735, 349.6597, 199.41757, 442.45837, 192.53377, 415.39194, 185.53609, 388.17471, 178.84669, 360.48187, 209.6404, 425.75125, 202.74698, 398.60623, 196.02084, 371.1297, 189.45467, 343.30896, 226.9032, 436.00104, 219.96745, 408.8923, 213.19153, 381.64575, 206.61037, 354.00497;
  120.45027, 462.90051, 119.16248, 436.15335, 118.10544, 408.77811, 117.40896, 379.90396, 134.19884, 449.26648, 133.1769, 422.43622, 132.46451, 394.24298, 132.13464, 364.98285, 148.92941, 462.04309, 148.19403, 435.58145, 147.41164, 408.1886, 147.07108, 379.61157, 162.93024, 448.49289, 162.46266, 421.63049, 162.05632, 393.79526, 162.06563, 364.66635, 177.55908, 461.14294, 177.09686, 434.68277, 176.95297, 407.46356, 176.90384, 379.14532, 191.67778, 447.35336, 191.51001, 420.7865, 191.73607, 393.12964, 192.19926, 364.34729, 205.93555, 459.90579, 205.92953, 433.60773, 206.14188, 406.62442, 206.66072, 378.67569, 220.10481, 446.11246, 220.49818, 419.72726, 220.97466, 392.23199, 221.7381, 363.87964, 234.07184, 458.20078, 234.41887, 432.32236, 235.06473, 405.60846, 235.845, 377.83093, 248.25835, 444.63229, 248.92055, 418.39108, 249.68344, 391.29456, 250.95274, 363.01932, 261.70743, 456.54437, 262.61362, 430.91241, 263.51251, 404.34967, 264.59711, 376.83612;
  137.18694, 454.53043, 143.259, 424.40396, 149.8376, 393.85779, 156.57887, 362.38678, 155.05775, 442.10934, 161.37477, 411.98224, 167.96988, 381.1915, 174.77838, 349.67786, 166.56528, 459.28662, 172.81546, 429.69873, 179.3455, 399.4899, 186.02846, 368.63788, 184.15767, 446.75003, 190.58414, 417.19492, 197.19331, 386.96088, 204.06657, 356.10776, 195.43051, 463.53787, 201.76587, 434.41635, 208.26071, 404.81985, 214.96143, 374.54953, 212.59943, 451.15784, 219.13165, 422.02206, 225.7132, 392.45148, 232.69154, 362.18286, 223.37744, 467.31958, 229.84129, 438.79578, 236.37729, 409.79529, 243.16072, 380.10489, 240.24658, 455.04532, 246.75922, 426.5256, 253.39801, 397.5239, 260.34427, 367.85461, 250.56279, 470.81049, 256.86566, 442.83859, 263.47397, 414.38275, 270.26184, 385.25928, 266.91281, 458.57678, 273.45407, 430.65506, 280.06464, 402.21683, 286.72833, 373.04282, 276.4523, 474.04208, 283.25815, 446.52179, 289.72339, 418.56274, 296.36624, 389.93967;
  166.2037, 419.08856, 171.49411, 386.94965, 176.75214, 356.04715, 181.81705, 326.47787, 185.09467, 407.35489, 190.04219, 375.84705, 194.78073, 345.78574, 199.3519, 316.90826, 198.91483, 427.72934, 203.46371, 395.89081, 207.94614, 365.22528, 212.17383, 335.86465, 217.14386, 415.82617, 221.32037, 384.69113, 225.33701, 354.84711, 229.36099, 325.98895, 230.97983, 435.8121, 234.86058, 404.30807, 238.71315, 373.95319, 242.24611, 344.72458, 248.41087, 423.8605, 251.90952, 393.13046, 255.34471, 363.45752, 258.75281, 334.66241, 262.02429, 443.36084, 265.30359, 412.24231, 268.47397, 382.22421, 271.5466, 353.14246, 278.73422, 431.41, 281.71329, 400.99792, 284.50092, 371.64618, 287.23865, 343.10739, 292.12936, 450.33313, 294.77261, 419.70209, 297.3996, 390.08826, 299.87622, 361.28745, 307.96753, 438.3132, 310.42227, 408.39035, 312.5925, 379.44037, 314.67331, 351.37936, 321.07492, 456.83432, 323.38974, 426.64557, 325.41565, 397.49768, 327.17587, 369.19785;
  172.92317, 401.35736, 179.06049, 368.63156, 185.15236, 337.45374, 191.05186, 307.87042, 194.19205, 387.85126, 199.84137, 355.71194, 205.33189, 325.29877, 210.66257, 296.27832, 209.76978, 407.4296, 215.0193, 374.55026, 220.16914, 343.15799, 225.11819, 313.37057, 230.67853, 393.66226, 235.47174, 361.44717, 239.96393, 330.83978, 244.48865, 301.38, 246.97008, 413.10513, 251.27769, 380.15558, 255.40651, 348.65784, 259.47461, 318.64508, 267.39465, 399.23901, 271.23026, 366.95157, 274.8656, 336.17047, 278.4256, 306.43851, 284.00711, 418.61099, 287.40067, 385.56656, 290.66858, 354.0376, 293.81003, 323.67062, 303.93555, 404.46185, 306.7984, 372.1799, 309.57822, 341.3194, 312.24597, 311.43866, 320.72714, 423.59094, 323.18231, 390.66132, 325.6171, 359.103, 327.77527, 328.74677, 339.86032, 409.34033, 341.92429, 377.035, 343.77142, 346.259, 345.57867, 316.65787, 356.92313, 428.28177, 358.56281, 395.34549, 360.06677, 363.91458, 361.43619, 333.91492;
  211.31706, 408.99683, 214.52936, 372.26706, 217.75839, 335.43994, 221.37949, 298.46765, 230.97206, 392.57782, 234.0914, 355.61758, 237.58914, 318.46909, 241.18463, 281.39767, 247.53029, 412.84888, 250.65831, 375.88559, 254.02069, 338.73782, 257.54724, 301.44061, 267.47891, 396.13852, 270.7919, 358.94293, 274.14413, 321.55371, 277.60187, 284.03476, 284.44284, 416.56766, 287.74466, 379.25623, 291.05463, 341.85397, 294.42892, 304.30991, 304.90237, 399.58148, 308.22003, 362.16153, 311.44049, 324.47894, 314.72028, 286.77948, 321.94812, 419.85712, 325.31137, 382.41553, 328.64481, 344.87524, 331.80759, 307.07388, 342.56497, 402.6676, 345.94467, 365.09402, 349.078, 327.37143, 352.25186, 289.46869, 359.6994, 422.84286, 363.10364, 385.25012, 366.38779, 347.6084, 369.49988, 309.82095, 380.31628, 405.37503, 383.55502, 367.80624, 386.73407, 330.02341, 389.80188, 292.19672, 397.4082, 425.4538, 400.8735, 387.87302, 404.0939, 350.31744, 407.18747, 312.47989;
  207.14888, 400.02252, 213.08691, 364.05939, 219.35571, 327.50027, 225.97267, 290.3671, 228.35155, 385.57022, 234.47157, 349.27811, 240.94467, 312.47934, 247.71751, 275.13092, 243.47279, 406.87064, 249.6409, 370.87372, 256.0358, 334.37387, 262.63037, 297.31189, 264.74725, 392.21542, 271.20145, 356.02121, 277.73129, 319.3031, 284.44632, 282.05014, 279.90305, 413.33975, 286.33145, 377.44373, 292.84885, 341.05356, 299.57101, 304.14267, 301.41589, 398.55017, 307.88831, 362.55637, 314.55411, 326.03024, 321.25681, 288.90717, 316.16931, 419.37387, 322.81894, 383.68893, 329.46265, 347.57837, 336.16315, 310.79218, 337.54233, 404.55899, 344.32709, 368.81146, 351.004, 332.46689, 357.70682, 295.58194, 351.99301, 425.09775, 358.79648, 389.66815, 365.6192, 353.74057, 372.27448, 317.32339, 373.17429, 410.15512, 380.02884, 374.70807, 386.7088, 338.69836, 393.43555, 302.1839, 387.19415, 430.33765, 394.26108, 395.34103, 401.10364, 359.77075, 407.65836, 323.60233;
  192.72369, 385.23642, 201.26311, 348.14127, 209.97211, 311.53842, 218.71552, 275.25555, 214.67125, 371.27142, 223.22932, 334.56271, 231.66066, 298.35016, 240.01682, 262.59595, 228.15108, 393.87524, 236.31314, 357.43478, 244.56653, 321.31201, 252.67494, 285.47153, 249.4642, 379.96829, 257.5928, 343.88385, 265.46573, 308.21094, 273.53424, 272.83084, 262.51108, 401.90366, 270.44427, 366.08813, 278.31299, 330.57983, 286.08466, 295.30597, 283.31168, 388.01874, 290.94339, 352.62415, 298.55719, 317.49161, 306.23602, 282.70352, 295.92154, 409.46402, 303.45612, 374.31387, 310.88132, 339.41898, 318.3219, 304.73083, 315.75677, 395.57751, 323.07028, 360.92865, 330.44391, 326.48343, 337.52884, 292.27567, 327.81192, 416.42331, 335.06107, 381.99127, 342.21216, 347.79568, 349.13776, 313.78534, 346.93295, 402.60318, 353.9729, 368.70175, 360.74026, 334.92819, 367.36566, 301.28995, 358.54697, 422.90924, 365.54324, 389.20148, 372.17599, 355.69211, 378.58304, 322.31433;
  205.62915, 406.12628, 217.78883, 372.19846, 230.48947, 337.61411, 243.3091, 302.18558, 228.27556, 393.40793, 240.78423, 359.59204, 253.41286, 324.92291, 266.26202, 289.51813, 238.42436, 413.96271, 250.74622, 380.78595, 263.29886, 346.98306, 275.88733, 312.31216, 260.53256, 401.36053, 272.97757, 368.24658, 285.54346, 334.44351, 298.29819, 299.89536, 270.10248, 421.23495, 282.42395, 388.83142, 294.85437, 355.8067, 307.44131, 322.05353, 291.5025, 408.68259, 303.85345, 376.43054, 316.31039, 343.45868, 329.06998, 309.89044, 300.31512, 427.88919, 312.51431, 396.28543, 324.90552, 364.12051, 337.44498, 331.2529, 320.9346, 415.48523, 333.23074, 384.00024, 345.61606, 351.89825, 358.18439, 319.15643, 328.99255, 434.02261, 341.17419, 403.19336, 353.40958, 371.80865, 365.81012, 339.77765, 348.8725, 421.73071, 361.07828, 391.02673, 373.18405, 359.7644, 385.38348, 327.89316, 356.29178, 439.58304, 368.46356, 409.63425, 380.47928, 379.05804, 392.45609, 347.74924;
  255.60812, 425.87115, 264.784, 395.83865, 274.11359, 365.2507, 283.55322, 333.83524, 275.28259, 414.3205, 284.68481, 384.24655, 293.99301, 353.42719, 303.31305, 321.92169, 285.50623, 432.29825, 294.85556, 402.68863, 304.17157, 372.57251, 313.52548, 341.62939, 304.73691, 420.66934, 314.15469, 391.09677, 323.60062, 360.80893, 332.97668, 329.85257, 314.55792, 438.25464, 324.0217, 409.22174, 333.43219, 379.53119, 342.80713, 349.15555, 333.51044, 426.6817, 342.91965, 397.60403, 352.36771, 367.8765, 361.87103, 337.52979, 342.67218, 443.78503, 352.21851, 415.17407, 361.69815, 386.04202, 371.12762, 356.28448, 361.16226, 432.31052, 370.69275, 403.68314, 380.16107, 374.59485, 389.59149, 344.71063, 369.80533, 448.86404, 379.33551, 420.86005, 388.82602, 392.30228, 398.24792, 363.03073, 387.69711, 437.47955, 397.27142, 409.50104, 406.75339, 380.88626, 415.93137, 351.54276, 395.80981, 453.65164, 405.50766, 426.19592, 414.8884, 398.08939, 424.21957, 369.38184;
  282.94843, 420.35437, 288.37024, 391.19324, 293.73709, 362.19849, 299.14548, 333.1973, 300.26575, 408.3945, 305.61777, 379.13901, 310.93582, 350.07782, 316.2038, 321.25433, 312.27002, 425.54547, 317.62726, 396.27393, 322.79495, 367.11591, 328.05164, 338.04736, 329.58124, 413.37302, 334.93912, 384.07474, 340.12695, 354.93021, 345.17963, 325.74048, 341.76141, 430.6037, 347.05212, 401.1319, 352.29538, 371.87125, 357.26971, 342.71487, 359.20993, 418.28946, 364.3577, 388.96686, 369.47128, 359.65103, 374.27762, 330.37415, 371.30875, 435.30191, 376.58444, 405.93988, 381.66223, 376.64401, 386.51019, 347.25427, 388.68018, 423.03705, 393.80426, 393.56522, 398.78424, 364.26236, 403.3497, 334.95734, 400.70779, 439.90683, 405.905, 410.46039, 410.87192, 381.23499, 415.57181, 351.80707, 417.93127, 427.38501, 422.9834, 397.98425, 427.67661, 368.6777, 432.215, 339.37476, 429.81378, 444.19965, 435.03104, 414.88657, 439.82236, 385.64786, 444.34586, 356.28244;
  316.46024, 424.93515, 320.40506, 398.36819, 323.88388, 372.62979, 327.40518, 348.24155, 332.97058, 411.52255, 336.40735, 385.24496, 339.68579, 360.0961, 342.88257, 335.97787, 345.9375, 425.16171, 349.32312, 398.16873, 352.40576, 372.30624, 355.24088, 347.61163, 362.5668, 411.48447, 365.27002, 384.9382, 368.06525, 359.57687, 370.52667, 334.99048, 376.25778, 425.07053, 378.91333, 397.89038, 381.29309, 371.81354, 383.58563, 346.79691, 392.60022, 411.27637, 394.99307, 384.51797, 396.98013, 358.64377, 398.729, 333.84644, 406.72562, 425.01569, 408.83374, 397.43954, 410.5737, 371.16907, 412.28214, 345.63431, 423.1463, 410.92276, 424.68402, 383.69943, 426.09668, 357.72156, 427.16315, 332.68787, 437.50143, 424.57047, 439.01172, 396.79053, 440.21738, 370.22305, 441.04431, 344.5683, 453.59131, 410.16696, 454.58002, 382.8797, 455.25754, 356.82471, 455.6954, 331.65439, 468.58099, 423.99426, 469.33572, 395.89841, 469.81143, 369.21515, 470.14487, 343.63327;
  358.67599, 421.01874, 355.78207, 395.14142, 353.02231, 370.68427, 350.25131, 347.83597, 373.05215, 406.64447, 369.78091, 381.52039, 366.66733, 358.08145, 363.54086, 335.86279, 390.58868, 418.32199, 386.9324, 392.68494, 383.28732, 368.57794, 379.69568, 345.92599, 404.46967, 404.05612, 400.3255, 379.26758, 396.36459, 355.97379, 392.44943, 333.73901, 422.4136, 415.41711, 417.78436, 390.2052, 413.32047, 366.28506, 408.93478, 343.62875, 435.47183, 401.30707, 430.63745, 376.78262, 425.7048, 353.65225, 420.97369, 331.41019, 453.40027, 412.3812, 448.03519, 387.53598, 442.81369, 363.83954, 437.6124, 341.26331, 465.77451, 398.36826, 460.10782, 374.14859, 454.50989, 351.21216, 449.05493, 329.21381, 483.73792, 409.30804, 477.56656, 384.66556, 471.58481, 361.26172, 465.70618, 338.9845, 495.24356, 395.33249, 488.84711, 371.39407, 482.61865, 348.81558, 476.42432, 327.19388, 513.1684, 406.0766, 506.41196, 381.66336, 499.69879, 358.64572, 493.08105, 336.82138;
  380.5047, 414.63898, 382.65106, 382.79034, 384.77673, 351.47238, 386.70752, 320.69638, 396.96649, 400.24838, 398.93478, 368.8176, 400.71545, 337.99094, 402.36801, 307.69492, 411.19629, 417.49307, 412.99911, 386.10303, 414.68402, 355.19431, 416.17581, 324.75043, 426.95874, 403.20029, 428.52692, 372.21011, 429.97162, 341.79709, 431.36847, 311.71924, 440.92926, 420.0881, 442.34662, 389.1485, 443.70679, 358.69733, 444.94339, 328.66202, 456.01331, 405.83871, 457.26865, 375.36038, 458.3909, 345.35577, 459.54742, 315.63855, 469.47153, 422.40265, 470.61835, 391.91559, 471.72287, 361.87778, 472.72794, 332.21344, 483.83975, 408.25479, 484.92719, 378.20752, 485.78738, 348.67154, 486.57587, 319.30374, 496.89127, 424.41391, 497.80511, 394.44247, 498.67209, 364.84509, 499.30536, 335.68277, 510.56927, 410.46417, 511.37482, 380.85135, 511.99146, 351.82373, 512.3927, 323.01672, 523.10663, 426.21518, 523.97656, 396.69336, 524.52063, 367.62338, 524.7757, 339.05014;
  380.92462, 421.51645, 383.19077, 391.68097, 385.21481, 361.16907, 387.11151, 329.78644, 397.67581, 407.71713, 399.99899, 377.58133, 402.05191, 346.57397, 403.99298, 314.62396, 411.83862, 423.57281, 414.50275, 393.68317, 416.80573, 363.11435, 418.91586, 331.5267, 428.61902, 409.61288, 431.32864, 379.39319, 433.71329, 348.30667, 435.81921, 316.41058, 442.79752, 425.39737, 445.67883, 395.388, 448.28329, 364.80896, 450.68109, 333.32556, 459.65607, 411.28778, 462.64487, 380.96344, 465.18829, 349.98203, 467.54669, 318.12787, 473.32928, 426.84015, 476.58502, 396.99185, 479.49393, 366.39056, 482.17828, 334.8721, 490.2468, 412.66681, 493.50421, 382.56796, 496.4342, 351.55164, 499.12625, 319.64688, 503.49124, 428.18143, 507.0408, 398.30313, 510.24969, 367.82196, 513.17316, 336.42691, 520.26868, 413.89474, 523.90424, 383.84949, 526.97821, 352.84164, 529.84167, 321.10419, 533.15991, 429.121, 537.01605, 399.51627, 540.55524, 369.01718, 543.65179, 337.71167;
  393.01096, 431.13593, 385.58557, 402.19208, 377.82605, 372.80887, 369.91159, 342.73392, 403.6915, 414.11374, 396.0787, 384.73141, 388.26938, 354.67151, 380.19992, 323.90295, 421.7814, 426.08243, 414.45773, 396.66022, 406.77859, 366.67487, 398.86148, 335.91388, 432.8241, 408.61102, 425.40326, 378.61887, 417.62836, 347.95676, 409.29935, 316.76859, 451.40356, 420.72141, 444.19635, 390.62576, 436.51804, 360.10611, 428.5293, 328.84042, 462.88867, 402.63977, 455.52206, 372.0928, 447.7146, 341.00082, 439.34668, 309.24466, 481.52832, 414.73813, 474.47723, 384.16977, 466.90057, 353.1712, 458.75861, 321.45526, 493.39526, 396.34644, 486.16867, 365.27261, 478.44263, 333.65683, 469.98859, 301.44522, 512.08569, 408.44775, 505.24225, 377.41714, 497.80002, 345.91565, 489.72336, 313.6395, 524.18945, 389.59375, 517.14832, 358.10995, 509.41925, 325.92737, 501.10666, 293.20056, 543.10681, 401.75479, 536.36676, 370.34412, 529.03833, 338.27191, 521.00946, 305.52588;
  407.98465, 427.5849, 395.77982, 397.46201, 383.69443, 367.79834, 371.77356, 338.56622, 416.2222, 405.66919, 403.80914, 375.65793, 391.61966, 346.12503, 379.65149, 316.93509, 436.95853, 414.02435, 424.34674, 383.58243, 411.81412, 353.62717, 399.48651, 324.14664, 445.30219, 391.66071, 432.51373, 361.33835, 419.84213, 331.37787, 407.25668, 302.00729, 466.72235, 399.71619, 453.64197, 368.96591, 440.74826, 338.72125, 427.80804, 309.07147, 475.16513, 376.96771, 461.83597, 346.27042, 448.7327, 316.21298, 435.51178, 286.60461, 496.89343, 384.8923, 483.45474, 353.83154, 469.94055, 323.38193, 456.51608, 293.47183, 505.31485, 361.58142, 491.61157, 330.68411, 477.85675, 300.52322, 464.05905, 270.82101, 527.26801, 369.48041, 513.45941, 338.27322, 499.55643, 307.53857, 485.41788, 277.56625, 535.43854, 345.86948, 521.35834, 314.83405, 507.1445, 284.54004, 492.88602, 254.92419, 557.86627, 353.57367, 543.51282, 322.10797, 529.15021, 291.4985, 514.65009, 261.60849]
