image_Width 1280
image_Height 720
board_Width 4
board_Height 11
square_Size 24.8
Camera_Matrix[998.7775508946239, 0, 653.8576466416272;
  0, 1003.363673485296, 346.5948561464309;
  0, 0, 1]
Distortion_Coefficients[0.01587657389934175;
  0.004506591662394635;
  0;
  0;
  -0.08564099412983672]
Avg_Reprojection_Error 0.269296
Per_View_Reprojection_Errors[0.16137123;
  0.20750076;
  0.25099716;
  0.24665886;
  0.23152056;
  0.23138;
  0.22803326;
  0.29861856;
  0.26627868;
  0.27468166;
  0.16007647;
  0.24607542;
  0.30014583;
  0.28530818;
  0.31874767;
  0.2551122;
  0.25197271;
  0.28052217;
  0.4093084;
  0.27210498;
  0.31430241;
  0.25674143;
  0.2748926;
  0.24582191;
  0.34146756]
Extrinsic_Parameters[2.127776079886009, -2.161905351106745, -0.1630800419315377, 153.7066947836266, 108.3238711943037, 900.0638481789675;
  2.131298748000789, -2.15751457995357, -0.1903389799367336, 149.8758582064678, 116.6135522431417, 903.1668049343299;
  -2.059985319678586, 2.097896674563936, 0.7393230972184577, 495.3662825621296, -70.86842477935487, 934.9598407575899;
  -2.074304973075666, 2.117616921816507, 0.7947891194577906, 483.798436619141, -77.89513617358573, 924.1749329781115;
  -2.087602064165558, 2.136103006431536, 0.8526030797400517, 467.3618519990258, -81.39030566202669, 908.4833955318763;
  2.098742823998784, -2.15710096468532, -0.911412291058519, 437.4001278008608, -81.18528399256246, 887.3825240879364;
  -2.038493368013222, 2.17654992735001, 0.05803008020228508, -88.01823577697545, -30.5403985191358, 812.5560885591004;
  -1.96968204331215, 2.158590644339608, -0.08441168766744513, -126.2305627180312, -23.86308508745193, 806.4259652020115;
  -1.899046841447289, 2.145543418772121, -0.2150594170570832, -162.2941249596556, -24.6572688349783, 813.3783074881119;
  -1.861595228912237, 2.133566161864237, -0.2518203865549821, -175.9478137552202, -17.37335806303648, 810.8891638234011;
  -1.818755036862983, 2.09286120880111, -0.2944028506514502, -176.3842680281164, 0.2195599154983365, 808.8465338440901;
  -1.813506377548157, 2.080748494573895, -0.3462827985989575, -166.2892102456488, 0.6512291818771767, 822.4593190211552;
  -1.803906508095606, 2.041422824889559, -0.3720148528776244, -144.5034637526637, 17.42479836875502, 839.5309634876575;
  -1.833625854288881, 2.012571080106173, -0.3223858576747929, -113.4765703596267, 60.01386238941575, 836.467617233943;
  -1.825409521021147, 1.979272769439788, -0.3301709488643223, -109.3868316278631, 81.54486835360984, 841.2418510990719;
  -1.862101711126574, 1.94240316301979, -0.3776219866885807, -199.8192819930268, 94.25242513427946, 796.8387011151694;
  -1.878450779126949, 1.942676914723712, -0.3952770605896256, -188.2679440680879, 75.76376362912913, 800.0727120984833;
  -1.887776561965366, 1.964164605470823, -0.4163171462679275, -153.6760999658173, 10.97487871971829, 811.4962074167796;
  -2.023593405148921, 2.051884731945397, -0.1730111791851474, 1.819519731629476, 4.975470647922752, 791.9858728783294;
  -2.114182283618088, 2.070759010892265, 0.04199467607047503, 34.9802458208916, 35.26211266926359, 780.1676867982568;
  -1.954726744767898, 2.100582118320562, -0.2675491190575673, 160.1185700840254, 90.36946486343173, 832.6140661869522;
  -2.126369520655527, 2.289618509693657, 0.1445015102607876, 249.0581823566877, 99.7594425979902, 738.9548570405095;
  2.112882036483188, -2.243128929108451, -0.2777366801838076, 248.615166517308, 111.1053999622698, 708.4359283336048;
  -1.808872225276156, 2.335825772719971, -0.1971490206511433, 12.69750891010413, -21.68515206690109, 735.4303473351279;
  1.843573245155725, -2.423472802970279, 0.3771065682482736, 45.32216204380643, 6.916643047456493, 731.4266690812492]
Image_points[824.56995, 467.49026, 823.63397, 411.90427, 822.69312, 356.8873, 821.91455, 301.39508, 796.2467, 439.81934, 795.28851, 384.71515, 794.46582, 329.72778, 793.48145, 274.38882, 769.0069, 467.46973, 768.0788, 412.49423, 767.26855, 357.54224, 766.54633, 302.77863, 741.27161, 439.88202, 740.48804, 385.13794, 739.70355, 330.77744, 738.8031, 275.92072, 714.58887, 467.19205, 713.70685, 412.64554, 712.91034, 358.49765, 711.95099, 303.95792, 687.23016, 439.9368, 686.43506, 385.84595, 685.50708, 331.60782, 684.6618, 277.16083, 661.01044, 467.06348, 660.24042, 412.94217, 659.22266, 359.1188, 658.35931, 305.10901, 634.14545, 439.94226, 633.2901, 386.17386, 632.41797, 332.62613, 631.45532, 278.51611, 608.37946, 466.94293, 607.53644, 413.19171, 606.54584, 359.89407, 605.70367, 306.1619, 581.95099, 440.09784, 580.73895, 386.95703, 580.07245, 333.67365, 579.49896, 280.13928, 556.23877, 466.80637, 555.19653, 413.67477, 554.22681, 360.6731, 553.78363, 307.5524;
  819.65564, 476.19437, 818.82837, 421.07214, 818.12439, 366.00879, 817.74475, 310.76184, 791.56586, 448.61707, 790.9458, 393.66296, 790.27826, 338.82309, 789.76404, 283.51035, 764.57269, 475.95993, 763.92987, 421.05762, 763.17017, 366.51712, 762.60767, 311.68906, 736.91711, 448.21832, 736.41974, 394.00659, 735.75482, 339.52756, 735.07129, 284.55518, 710.24091, 475.28613, 709.67078, 420.98624, 708.8548, 366.78473, 708.27393, 312.55777, 683.35529, 447.909, 682.6684, 394.07083, 681.9057, 340.19086, 681.21375, 285.67758, 657.16895, 474.59894, 656.54254, 420.83008, 655.71338, 367.41748, 654.87732, 313.28906, 630.50818, 447.5827, 629.83032, 394.14386, 629.10071, 340.82516, 628.42664, 286.88229, 605.00366, 474.09308, 604.21472, 420.75662, 603.65613, 367.71021, 602.47668, 314.23065, 578.72656, 447.39703, 577.73358, 394.58194, 577.05914, 341.16354, 576.60931, 287.97043, 553.39203, 473.71237, 552.30713, 420.84836, 551.30145, 368.33939, 550.8847, 315.15637;
  1184.6301, 270.17709, 1192.1605, 218.77864, 1200.0679, 165.3071, 1207.8967, 109.271, 1159.0793, 244.5537, 1166.1023, 192.52673, 1173.4106, 138.01094, 1180.7582, 80.688965, 1127.0068, 269.48553, 1133.391, 218.75523, 1139.8888, 165.82639, 1146.6045, 110.60232, 1101.5626, 244.00992, 1107.3209, 192.47693, 1113.2855, 139.01192, 1119.5281, 82.54583, 1070.4088, 268.46228, 1075.5558, 218.32726, 1080.7377, 166.36285, 1086.337, 111.68082, 1044.9613, 243.21571, 1049.6178, 192.66504, 1054.4431, 139.87018, 1059.4918, 84.07299, 1015.3412, 267.29199, 1019.3582, 217.9346, 1023.4005, 166.75757, 1027.661, 112.91637, 990.06799, 242.44141, 993.59381, 192.42644, 997.13629, 140.68613, 1000.8575, 85.806709, 961.84448, 266.41809, 964.71106, 217.61964, 967.57318, 167.04825, 970.61353, 114.17159, 936.73395, 241.87462, 939.02478, 192.9411, 941.37195, 141.60098, 943.91809, 87.281021, 909.72784, 265.41797, 911.50226, 217.7164, 913.25891, 168.05769, 915.18738, 115.42761;
  1178.2402, 261.75031, 1185.0747, 209.52484, 1191.8033, 155.00841, 1198.8171, 98.22448, 1151.9093, 235.60544, 1158.0328, 182.64648, 1164.3491, 127.39094, 1170.6205, 69.38562, 1119.7004, 260.79065, 1125.1193, 209.29253, 1130.8068, 155.72588, 1136.4945, 99.581306, 1093.3451, 234.93205, 1098.2418, 182.97346, 1103.1628, 128.74373, 1108.546, 71.506866, 1062.4677, 259.89496, 1066.6396, 208.98532, 1070.9929, 156.55043, 1075.6477, 101.2851, 1036.368, 234.27586, 1039.9174, 183.17581, 1043.8899, 129.83582, 1047.939, 73.639153, 1007.0403, 258.74197, 1009.9301, 208.85243, 1013.1858, 157.11203, 1016.5651, 102.99521, 981.21185, 233.44026, 983.78436, 183.30447, 986.40057, 130.86319, 989.2403, 75.840851, 953.52112, 257.50449, 955.48535, 208.517, 957.43549, 157.77861, 959.4444, 104.64407, 928.10913, 233.01021, 929.41205, 183.69748, 931.00391, 132.123, 932.66943, 77.788734, 901.52466, 256.58331, 902.24542, 208.77542, 903.03546, 158.79991, 904.1778, 106.03238;
  1169.1633, 256.38687, 1175.1647, 202.99423, 1181.131, 147.38255, 1187.0742, 89.221626, 1141.6906, 229.82184, 1146.911, 175.73048, 1152.339, 119.46592, 1157.9484, 60.213551, 1109.4963, 255.51816, 1113.9387, 202.87759, 1118.5017, 148.63959, 1123.5458, 91.340942, 1082.2736, 229.09973, 1086.0684, 176.22511, 1090.1941, 120.88777, 1094.587, 63.057556, 1051.4376, 254.41539, 1054.7728, 202.75299, 1058.1021, 149.32974, 1061.7776, 93.467903, 1024.6428, 228.31491, 1027.4446, 176.55168, 1030.2592, 122.35879, 1033.1995, 65.58654, 995.7912, 253.24307, 997.91272, 202.44638, 1000.0019, 150.31451, 1002.3898, 95.479759, 969.36896, 227.50441, 970.99384, 176.71272, 972.46167, 123.88721, 974.3869, 68.189789, 942.23578, 251.83961, 943.11597, 202.26033, 944.151, 151.017, 945.15131, 97.481682, 916.31177, 227.03773, 916.66327, 177.31511, 917.09045, 125.3718, 917.99347, 70.605644, 890.1051, 250.98024, 890.05707, 202.55263, 889.98322, 152.41255, 890.20935, 99.260719;
  1147.7295, 254.40491, 1152.4362, 199.86198, 1157.1366, 142.72862, 1162.1461, 82.796074, 1118.745, 227.35979, 1122.9589, 171.84348, 1127.1694, 114.26218, 1131.5845, 53.356239, 1086.6859, 253.78525, 1089.9332, 199.91483, 1093.4946, 144.10493, 1097.0767, 85.525269, 1058.4069, 226.47244, 1061.1254, 172.58777, 1063.9889, 116.18539, 1067.1991, 56.870346, 1028, 252.41376, 1030.2253, 199.68861, 1032.2872, 145.40784, 1034.6368, 88.253105, 1000.4995, 225.86534, 1001.9714, 173.06146, 1003.4141, 118.16413, 1005.2427, 60.156414, 972.10455, 251.0675, 972.8761, 199.61063, 973.70117, 146.49878, 974.81268, 90.729187, 945.01544, 225.23921, 945.474, 173.46875, 945.53632, 119.93733, 946.14667, 63.488308, 918.44092, 249.84479, 918.34076, 199.58438, 917.97772, 147.62015, 917.70984, 93.296005, 891.94232, 224.60301, 891.22247, 174.23837, 890.37634, 121.7262, 889.96899, 66.473587, 866.93701, 248.65134, 865.43549, 199.97739, 864.00854, 149.02072, 863.10535, 95.528725;
  545.69568, 308.72342, 541.18439, 247.45541, 536.4267, 185.02042, 531.67908, 121.24751, 512.62909, 280.30759, 507.5885, 218.30962, 502.62051, 155.04256, 497.51178, 90.294067, 484.13385, 313.16327, 478.9426, 251.42043, 473.81793, 188.47491, 468.45996, 124.58913, 450.49579, 284.23856, 444.83167, 221.88428, 439.33478, 158.52274, 433.80988, 93.530006, 421.74197, 317.36066, 416.0726, 255.16792, 410.24298, 192.21227, 404.19193, 127.77323, 387.44354, 288.43369, 381.39325, 225.69832, 375.0126, 162.13385, 368.66241, 96.67514, 359.09634, 321.37784, 352.7305, 259.10629, 346.28656, 195.84966, 339.4455, 131.21619, 324.13019, 292.37744, 317.51202, 229.60677, 310.27014, 165.62086, 303.33398, 99.869339, 295.69412, 325.73715, 288.69128, 263.13718, 281.54654, 199.47633, 274.06577, 134.71599, 260.00497, 296.42664, 252.43912, 233.43588, 245.04805, 169.15573, 238.02098, 103.34344, 231.29208, 329.94125, 223.30737, 267.33694, 215.39677, 203.35956, 208.08984, 138.24962;
  497.20248, 316.56583, 491.32681, 254.94441, 485.29742, 192.41055, 479.4989, 128.40445, 462.99747, 288.7706, 456.78284, 226.20859, 450.46457, 162.70259, 443.83444, 97.875351, 434.67227, 322.7438, 428.12299, 260.25912, 421.58899, 197.01439, 414.80692, 132.35367, 399.27115, 294.4342, 392.46826, 231.16518, 385.48608, 166.95818, 378.29596, 101.2599, 370.21518, 328.82071, 363.08026, 265.60794, 355.80164, 201.63002, 348.47784, 136.18472, 333.91776, 300.34714, 326.43121, 236.35236, 318.65054, 171.31773, 310.82938, 104.83232, 304.53723, 334.95718, 296.83276, 271.13245, 288.73398, 206.55609, 280.63495, 140.25183, 266.96866, 306.09695, 258.82791, 241.56531, 250.42136, 175.88507, 241.84889, 108.47598, 237.28728, 341.43579, 228.81177, 276.81305, 220.03651, 211.44847, 211.27139, 144.40761, 198.65611, 312.31927, 189.36014, 247.01007, 180.47493, 180.4823, 171.86089, 112.68554, 168.18987, 347.99878, 158.68373, 282.74417, 149.18927, 216.63945, 140.32301, 148.91783;
  454.02588, 315.85858, 446.47412, 254.77666, 438.71646, 193.11201, 430.83914, 130.4274, 419.25888, 288.95496, 411.32379, 227.08951, 403.19397, 164.39828, 394.83585, 100.15536, 391.6969, 323.58072, 383.56958, 261.48105, 375.22879, 198.62788, 366.81641, 134.49275, 355.33975, 296.18564, 346.84384, 233.09615, 338.38892, 169.16621, 329.38947, 103.95528, 326.75757, 331.74124, 317.88901, 268.24878, 309.13516, 204.15237, 299.98468, 139.05215, 288.82556, 303.72269, 279.75424, 239.66473, 270.4267, 174.40276, 260.98129, 107.87713, 259.41971, 339.8847, 250.11292, 275.36108, 240.51305, 210.27299, 230.86868, 143.88422, 220.01183, 311.71655, 210.28537, 246.26474, 200.25194, 180.02872, 190.1188, 112.21116, 189.81543, 348.36475, 179.75061, 282.7453, 169.48471, 216.45737, 159.10997, 148.78439, 148.72493, 319.80405, 138.12927, 253.07088, 127.52241, 185.51851, 117.41134, 117.03606, 117.36118, 357.3873, 106.36084, 290.62714, 95.394524, 222.9603, 84.96846, 154.24387;
  436.43704, 324.82974, 428.03162, 263.64542, 419.47183, 201.83322, 410.53076, 138.82306, 401.2699, 298.46088, 392.33896, 236.32852, 383.341, 173.25793, 373.90475, 108.93313, 373.89066, 333.70453, 364.89105, 271.125, 355.48898, 208.03717, 346.01154, 143.72195, 336.78378, 306.65057, 327.43213, 243.26651, 317.60345, 179.01558, 307.84634, 113.33941, 308.45749, 342.97504, 298.54041, 279.06152, 288.59473, 214.6879, 278.55118, 149.0341, 269.51489, 315.52335, 259.33408, 250.76497, 248.9111, 184.98174, 238.32016, 117.98294, 240.05983, 352.30048, 229.54861, 287.34396, 218.91359, 221.7036, 208.0351, 154.50842, 199.39441, 324.46948, 188.51831, 258.5101, 177.31691, 191.42737, 166.02489, 122.84875, 169.04823, 362.45065, 157.68927, 295.94357, 146.3248, 228.92747, 134.75569, 160.40308, 126.4936, 333.97028, 114.64024, 266.5769, 102.92103, 198.07309, 91.617188, 128.55429, 94.86718, 372.75406, 82.5653, 305.04141, 70.342056, 236.33594, 58.649025, 166.62297;
  435.83218, 346.86002, 427.03708, 285.55502, 418.28165, 223.66859, 408.97433, 160.40005, 400.46478, 320.73657, 391.289, 258.58115, 381.91541, 195.28641, 372.06821, 130.44405, 373.5325, 356.60226, 363.97769, 294.02362, 354.35269, 230.4512, 344.32486, 165.66203, 336.06357, 330.00061, 326.07532, 266.21124, 316.0329, 201.40085, 305.65726, 135.10019, 307.59933, 366.87888, 297.29761, 302.72101, 286.94052, 237.60455, 276.17737, 171.31149, 268.09384, 339.70264, 257.33026, 274.38077, 246.41071, 208.00719, 235.27673, 139.96136, 238.33008, 377.47171, 227.34213, 311.81628, 216.08476, 245.24577, 204.65309, 177.11415, 196.82063, 349.77316, 185.09872, 283.03732, 173.28404, 214.92276, 161.31958, 145.08298, 165.9971, 388.66727, 153.9715, 321.3132, 141.77292, 253.16397, 129.33791, 183.46404, 122.02547, 360.53589, 109.54972, 292.02432, 96.882141, 222.15892, 84.308426, 151.02501, 89.586952, 400.54437, 76.627831, 331.65027, 63.614788, 261.58267, 50.708115, 190.27502;
  451.64471, 347.40915, 443.60522, 287.33401, 435.17062, 226.47009, 426.69379, 164.53709, 417.74582, 321.57471, 409.09628, 260.3649, 400.26672, 198.33257, 391.034, 134.993, 391.23465, 356.67407, 382.30002, 294.86746, 373.32007, 232.52176, 364.04544, 168.95749, 355.0011, 330.10638, 345.79645, 267.32761, 336.36386, 203.65132, 326.5795, 138.61819, 326.88382, 366.11053, 317.42288, 302.90366, 307.62549, 238.98642, 297.65286, 173.64316, 288.60672, 339.06854, 278.53317, 274.86237, 268.42569, 209.40572, 257.98886, 142.49318, 259.25662, 376.23999, 248.90094, 311.34857, 238.45457, 245.73921, 227.81346, 178.67247, 218.66846, 348.79388, 207.9175, 282.64246, 196.94386, 215.37868, 185.75754, 146.84448, 187.95203, 386.8313, 176.85315, 320.17087, 165.68175, 252.90639, 154.02417, 183.98915, 145.16788, 358.81702, 133.51672, 290.87466, 121.7934, 221.96954, 109.95742, 151.68155, 112.89262, 398.04721, 100.77309, 329.84604, 88.643082, 260.47903, 76.593842, 189.7643;
  481.62543, 367.87204, 475.04062, 308.7103, 467.84189, 248.93044, 460.65353, 188.01669, 449.59564, 342.28799, 442.37064, 282.1745, 434.8587, 220.97559, 427.11829, 158.68089, 423.5397, 376.71655, 416.11737, 315.94638, 408.58212, 254.59424, 400.57932, 192.07545, 389.267, 350.5853, 381.44467, 288.83478, 373.44244, 226.10455, 365.0199, 162.06992, 361.7124, 385.95407, 353.46918, 323.67459, 345.36398, 260.7027, 336.81934, 196.4193, 325.13037, 359.38211, 316.60397, 295.80087, 308.02377, 231.35274, 299.01703, 165.47292, 296.23352, 395.76608, 287.30463, 331.76086, 278.4783, 267.16498, 269.25439, 201.02507, 257.49765, 368.59787, 248.14754, 303.40805, 238.77684, 237.10962, 229.23062, 169.35062, 227.1349, 406.10654, 217.48178, 340.3558, 207.94518, 273.88354, 197.80959, 205.88319, 186.33023, 378.36359, 176.26051, 311.32083, 166.0415, 243.22456, 155.38864, 173.53154, 154.12679, 417.27621, 143.72183, 349.88318, 133.11194, 281.22916, 122.43385, 211.20442;
  518.03387, 418.84705, 513.44238, 359.91812, 508.60461, 300.15128, 503.49432, 239.28584, 487.13989, 393.62579, 482.0025, 333.50934, 476.72754, 272.48312, 471.15726, 209.76633, 460.24567, 427.89462, 454.89673, 367.3663, 449.58636, 306.07556, 443.73196, 243.47559, 427.15088, 401.88324, 421.42093, 340.3136, 415.63953, 277.63953, 409.45883, 213.37679, 398.69925, 437.10675, 392.74756, 375.0737, 386.71097, 312.3508, 380.37845, 248.06992, 363.74225, 410.4953, 357.15198, 347.36569, 350.78769, 283.23059, 343.7623, 217.16685, 334.00549, 446.78, 327.3136, 383.17908, 320.44589, 318.78931, 313.39496, 252.8589, 296.66403, 419.67224, 289.32245, 354.88257, 282.1398, 289.04056, 274.45245, 221.24403, 265.62271, 456.99911, 258.13165, 391.82224, 250.56615, 325.7113, 242.47745, 257.91953, 226.23906, 429.45718, 218.07204, 363.28537, 209.98624, 295.25546, 201.15398, 225.48206, 193.55258, 468.0087, 185.09419, 401.3161, 176.43085, 333.22232, 167.54372, 263.39902;
  523.75824, 444.00775, 520.11749, 385.86304, 516.57611, 326.44324, 512.18671, 266.04211, 493.63177, 419.21213, 489.55988, 359.87054, 485.36163, 299.18207, 480.61975, 236.93871, 466.689, 453.30008, 462.32065, 393.62781, 457.98035, 332.74408, 453.15213, 270.52216, 434.41544, 428.08444, 429.8945, 366.81122, 424.9664, 304.68732, 419.68283, 240.88681, 406.01819, 463.19449, 400.7948, 401.61258, 395.85379, 339.32037, 390.52939, 275.29858, 371.58426, 437.1601, 366.07104, 374.23816, 360.7067, 310.43439, 354.81436, 244.71375, 341.79282, 473.09323, 335.87863, 410.03976, 330.11469, 346.01675, 324.1001, 280.27402, 305.14978, 446.48862, 298.84216, 382.20105, 292.55182, 316.48221, 285.85184, 248.86327, 273.90305, 483.98798, 267.13889, 419.04538, 260.64737, 353.20615, 253.56325, 285.60834, 234.94836, 456.85062, 227.99034, 390.81299, 220.72617, 323.11917, 212.79062, 253.38759, 202.06511, 495.38574, 194.62993, 429.08127, 186.93301, 361.32431, 178.88591, 291.41641;
  403.0806, 465.34116, 400.48178, 403.53568, 397.82687, 341.04868, 394.66385, 277.66852, 370.39835, 437.9288, 367.33008, 374.98148, 364.18652, 311.16867, 360.86191, 246.0677, 339.33389, 473.33948, 336.18954, 409.57043, 332.8764, 345.2135, 329.4198, 279.88251, 303.89536, 445.22375, 300.41299, 380.11792, 296.85495, 314.50089, 293.04037, 247.13431, 270.89352, 481.75897, 266.96619, 415.99133, 263.23956, 349.67661, 259.37759, 282.10754, 232.90532, 452.79065, 228.7585, 385.6539, 224.79768, 317.85913, 220.31827, 248.47113, 198.01755, 490.59869, 193.61174, 422.56561, 189.11279, 354.27191, 184.61467, 284.59598, 157.4453, 460.56039, 152.66306, 391.62247, 147.77582, 321.49075, 142.78122, 249.84514, 120.5416, 499.89612, 115.44382, 429.81924, 110.21529, 359.37427, 104.89537, 287.26248, 77.371201, 469.37256, 71.822701, 398.02319, 66.141808, 325.48685, 60.52145, 251.38712, 38.550438, 509.84906, 32.496895, 437.95459, 26.363901, 364.90381, 20.465046, 290.18039;
  418.43192, 441.5004, 416.65265, 379.71964, 414.49609, 317.47501, 412.15454, 254.36488, 386.44226, 413.34125, 384.27728, 350.41586, 381.76657, 286.83847, 378.97662, 222.09781, 355.51944, 447.98727, 353.04456, 384.2269, 350.58481, 320.07065, 347.84909, 254.9059, 320.95789, 418.98834, 318.14145, 353.95856, 315.48862, 288.48523, 312.48209, 221.51164, 287.87259, 454.86847, 284.94958, 388.97223, 282.00241, 322.74316, 278.86212, 255.38934, 250.77103, 424.84561, 247.5269, 357.80798, 244.40007, 290.18222, 240.99397, 221.19432, 215.79041, 461.79907, 212.336, 393.86368, 208.92566, 325.5835, 205.20538, 256.09613, 176.09282, 431.1178, 172.40599, 361.94049, 168.55849, 291.92215, 164.71678, 220.5112, 139.2043, 469.23697, 135.1611, 399.272, 131.28107, 328.69165, 126.78516, 256.80527, 96.930305, 437.68192, 92.459953, 366.38489, 88.215614, 293.99823, 83.611443, 220.15384, 57.790176, 477.31097, 53.022869, 405.25568, 48.205856, 332.13464, 43.555946, 257.77084;
  464.24933, 359.72208, 462.27563, 298.5332, 460.07617, 236.87704, 457.69983, 174.80676, 433.34225, 330.48523, 430.95358, 268.21463, 428.59973, 205.43579, 425.7825, 141.57428, 403.64243, 363.66745, 401.26965, 300.44531, 398.58142, 236.92621, 395.85037, 172.69313, 370.49774, 333.55203, 367.57281, 269.20398, 364.83191, 204.52255, 361.76996, 138.57466, 338.53494, 367.8544, 335.66132, 302.42996, 332.73795, 237.09319, 329.78232, 170.68861, 302.96341, 336.56522, 299.6915, 270.49039, 296.77179, 203.46582, 293.42798, 135.36266, 269.2103, 371.70407, 265.96613, 304.57993, 262.63382, 237.01962, 259.35867, 168.50807, 231.09277, 339.78516, 227.60838, 271.52567, 224.09428, 202.41408, 220.5127, 132.13399, 195.49889, 376.23087, 191.7843, 306.896, 188.12811, 237.10315, 184.20465, 166.25227, 155.01793, 343.4335, 151.06274, 272.71411, 147.00755, 201.29974, 142.89473, 128.91328, 117.16336, 381.20346, 112.78954, 309.41113, 108.54395, 237.16306, 104.5416, 164.16226;
  656.03461, 353.18076, 655.97125, 290.34781, 655.90649, 226.58954, 655.76111, 162.06129, 625.65997, 322.55524, 625.52142, 258.72702, 625.02917, 194.04999, 624.54932, 128.06647, 595.09149, 354.96655, 594.49976, 290.92642, 593.9743, 226.42674, 593.40924, 160.43613, 563.30841, 323.67133, 562.56921, 258.80881, 561.78693, 193.07408, 560.95032, 125.88375, 531.58301, 356.64822, 530.6228, 291.63589, 529.66211, 225.95047, 528.57947, 158.9109, 498.4259, 324.79205, 497.2074, 258.94452, 496.07697, 192.15225, 494.62701, 123.63553, 466.07593, 358.23492, 464.58902, 292.23718, 463.04999, 225.46017, 461.4563, 157.15845, 431.46872, 325.78918, 429.63284, 259.02274, 427.86951, 191.0224, 425.87943, 121.1945, 398.20313, 359.94241, 396.29208, 292.78571, 394.19144, 225.02136, 391.87805, 155.43495, 362.38281, 327.19153, 359.96252, 259.16052, 357.48257, 189.76122, 354.93781, 119.00915, 328.02994, 361.98129, 325.31915, 293.66718, 322.56558, 224.43158, 319.73218, 153.6844;
  698.46338, 392.10672, 700.6969, 328.72168, 702.87946, 264.3822, 705.11218, 198.49321, 668.14929, 360.25613, 669.95154, 296.17236, 671.95892, 230.87843, 673.75232, 163.83559, 635.43115, 391.82346, 637.0976, 327.84497, 638.81506, 263.01147, 640.40717, 196.62277, 604.27521, 359.65372, 605.70044, 295.01682, 607.10547, 229.18736, 608.28113, 161.67831, 571.3493, 391.35379, 572.3407, 326.92661, 573.37408, 261.74261, 574.48767, 194.58734, 539.19415, 358.7327, 540.02435, 293.65213, 540.85846, 227.43867, 541.51154, 159.33519, 506.3396, 390.51196, 506.79205, 325.68585, 507.06747, 260.01251, 507.52582, 192.58878, 473.44656, 357.68683, 473.58517, 292.38229, 473.57855, 225.61769, 473.55203, 156.80656, 440.42456, 389.9491, 440.17828, 324.73309, 439.79486, 258.5, 439.29022, 190.57704, 406.73199, 357.07132, 406.01709, 291.23044, 405.21249, 223.84283, 404.82098, 154.59758, 373.29434, 389.46841, 372.02512, 323.82794, 370.88141, 257.14706, 370.1535, 188.45668;
  845.89075, 455.2662, 842.86194, 396.03268, 839.84662, 336.48315, 836.57062, 276.22379, 817.90155, 428.93567, 814.79248, 368.93982, 811.5, 308.5, 807.80658, 247.17403, 792.56769, 462.2612, 789.12726, 401.83527, 785.77893, 341.17422, 782.31299, 279.58868, 763.04456, 435.27625, 759.62299, 374.18124, 756.32867, 312.70529, 752.50293, 250.11731, 736.41852, 469.29794, 732.73291, 407.71127, 729.32458, 345.92331, 725.71124, 283.41614, 705.43835, 441.82855, 701.76178, 379.504, 698.48816, 316.91156, 694.64008, 253.14835, 677.90912, 476.5665, 674.01941, 413.73889, 670.26642, 350.94049, 666.7298, 286.97888, 645.78394, 448.64886, 641.81183, 385.34341, 638.06604, 321.28085, 634.1626, 256.17221, 617.17017, 484.22665, 613.12622, 420.21591, 609.12286, 356.05774, 605.05005, 290.86426, 584.07019, 456.0361, 580.08887, 391.25311, 575.68121, 326.00098, 570.78412, 259.50174, 554.42065, 492.29108, 550.27869, 427.23724, 546.05261, 361.66229, 541.05035, 294.9422;
  990.89551, 482.17471, 987.45734, 415.5643, 983.88159, 348.32666, 980.16974, 280.09961, 955.27893, 451.35538, 951.59155, 384.42545, 947.75208, 316.83542, 943.76953, 248.1884, 923.29919, 486.8031, 919.44617, 420.21252, 915.53351, 353.25272, 911.57965, 285.12976, 887.50159, 455.59012, 883.45215, 389.09634, 879.50977, 321.86105, 875.33142, 253.40121, 855.74249, 490.77985, 851.49988, 424.5625, 847.33282, 358.01385, 843.13641, 290.38812, 819.94965, 459.74634, 815.62701, 393.55063, 811.37524, 326.69354, 806.89789, 258.68213, 788.81226, 494.72549, 784.29974, 428.81149, 779.88635, 362.74878, 775.43451, 295.48782, 753.14685, 463.80002, 748.57635, 398.01718, 743.97485, 331.63403, 739.21442, 263.8251, 722.70074, 498.7774, 717.7616, 433.34079, 712.93469, 367.31326, 708.11395, 300.38373, 687.19397, 468.16077, 682.29114, 402.89587, 677.34259, 336.50354, 672.16162, 268.93448, 656.77686, 502.89145, 651.5611, 437.9874, 646.48761, 372.36752, 641.39124, 305.45041;
  1004.8284, 504.40796, 1002.2938, 434.85309, 999.67078, 364.70917, 996.9472, 293.3754, 967.29602, 470.89639, 964.49817, 401.46655, 961.63141, 331.24344, 958.42078, 259.569, 932.83636, 506.34036, 929.82794, 437.5611, 926.82666, 368.18463, 923.68884, 297.67404, 895.80194, 473.05963, 892.60272, 404.44614, 889.3219, 335.10193, 885.91931, 264.263, 862.06805, 507.9577, 858.67743, 439.91248, 855.3269, 371.552, 851.8999, 301.91476, 825.6333, 474.92233, 822.15558, 407.29132, 818.36414, 338.7966, 814.66785, 268.80789, 793.21674, 509.33261, 789.39911, 442.24323, 785.55103, 374.75308, 781.68518, 305.88516, 757.26282, 476.71344, 753.29047, 409.86984, 749.23901, 342.38641, 745.2182, 273.09097, 725.77307, 510.87085, 721.58527, 444.44943, 717.38257, 377.87656, 712.97162, 310.02673, 690.42273, 478.83679, 685.95233, 412.90878, 681.6106, 345.84573, 677.36279, 277.58466, 659.57947, 512.60986, 654.98602, 447.50876, 650.37531, 381.41281, 645.9068, 313.94937;
  671.0968, 317.04224, 654.8205, 251.24637, 638.30963, 184.82451, 621.401, 117.73869, 630.98572, 292.2193, 614.26379, 225.59004, 597.37183, 158.56073, 580.07263, 90.459435, 607.08496, 333.79623, 590.09735, 267.0192, 573.11157, 199.71831, 555.63531, 131.7404, 565.60962, 308.74503, 548.37781, 241.19356, 530.92242, 173.10548, 513.04926, 103.92383, 540.67511, 351.14636, 523.27795, 283.33118, 505.65381, 215.18108, 487.63089, 146.03922, 497.82941, 325.69806, 480.09436, 257.45895, 462.00201, 188.39781, 443.54984, 118.06782, 472.34985, 368.68716, 454.21222, 300.16721, 436.06873, 231.0419, 417.45392, 160.858, 428.31885, 343.28577, 409.85406, 274.0806, 391.09756, 204.03331, 371.90128, 132.64166, 401.983, 386.99472, 383.36194, 317.36319, 364.50998, 247.44357, 345.1687, 176.31894, 356.65067, 361.2457, 337.33917, 291.0072, 318.03412, 219.99918, 298.48352, 147.96631, 329.48703, 405.9299, 309.95337, 335.24619, 290.12769, 264.07874, 270.5412, 192.03371;
  716.3327, 356.59045, 696.76813, 292.95715, 677.75861, 231.59697, 659.086, 171.80363, 674.32678, 332.66302, 655.47174, 269.78287, 636.95679, 208.95877, 618.89087, 149.52217, 651.30896, 373.52313, 632.36304, 309.02734, 614.16486, 246.85524, 596.31268, 186.35693, 608.81158, 349.46805, 590.75244, 285.83179, 573.13342, 224.04221, 555.95374, 163.71101, 584.70605, 391.02682, 566.7384, 325.8833, 549.29254, 262.87054, 532.21637, 201.16194, 542.08972, 366.923, 524.87189, 302.49814, 508.01682, 239.53413, 491.48526, 178.46059, 517.04401, 409.03903, 499.79434, 343.12708, 483.19373, 279.15335, 466.91373, 216.46698, 474.33676, 384.7113, 457.89871, 319.31052, 441.74139, 255.73111, 425.92181, 193.32632, 448.06284, 427.30933, 431.78192, 360.38837, 416.02194, 295.54724, 400.41565, 232.11507, 404.99213, 402.39462, 389.24081, 335.72229, 374.09726, 271.38391, 359.59357, 209.23515, 377.38766, 445.74768, 361.82263, 377.43555, 346.79199, 311.33124, 332.5675, 247.91661]
