image_Width 640
image_Height 360
board_Width 5
board_Height 6
square_Size 25.5
Camera_Matrix[481.5991946236377, 0, 336.9620045529209;
  0, 478.3494631742452, 173.4330519410786;
  0, 0, 1]
Distortion_Coefficients[-0.003462416139249731;
  -0.006616429955736139;
  0;
  0;
  -0.04265957142948389]
Avg_Reprojection_Error 0.330926
Per_View_Reprojection_Errors[0.15451849;
  0.26312608;
  0.26265645;
  0.28272155;
  0.46971893;
  0.32142875;
  0.31505823;
  0.19766282;
  0.33740693;
  0.2940895;
  0.30435422;
  0.3898595;
  0.36380795;
  0.3640039;
  0.34716845;
  0.22085525;
  0.41238907;
  0.37540084;
  0.15939674;
  0.15179642;
  0.29176089;
  0.25953868;
  0.18422268;
  0.19594283;
  0.45475969;
  0.47408652;
  0.5412485;
  0.24589601;
  0.18341164;
  0.18937573;
  0.39894632;
  0.17388178;
  0.27237955;
  0.25824091;
  0.27176917;
  0.25134313;
  0.39706963;
  0.27086672;
  0.46039903;
  0.36409137;
  0.29784504;
  0.24005838;
  0.36091134;
  0.4858945;
  0.39886311;
  0.46752182;
  0.19163872;
  0.35361177;
  0.3684963;
  0.33633754;
  0.32531074;
  0.36413932;
  0.32279831;
  0.31480017;
  0.25983;
  0.33057424;
  0.24633454;
  0.22265916;
  0.23527594;
  0.22678424;
  0.21555923;
  0.31082433;
  0.30690071;
  0.41731858;
  0.32298052;
  0.65368634;
  0.30212221;
  0.37635326;
  0.35906702;
  0.36140183;
  0.40292135;
  0.46597281;
  0.27691919;
  0.21057387;
  0.27525064]
Extrinsic_Parameters[2.164801356737936, -2.23907060846082, -0.0006494883519674927, 85.03908962140312, 49.31961698307913, 397.5968753957381;
  2.20759094403116, -2.047233891014937, -0.1141834028467709, 40.54133650495678, 71.17516449262229, 366.0586654889588;
  2.239238685282631, -2.059951650698973, -0.08900659226032745, 37.0244793267487, 71.47147361348223, 368.0422444773044;
  2.269058937838439, -2.079944836652947, -0.05587136314339614, 33.51101574200029, 71.46805373628901, 370.020145555269;
  -2.215515216946255, 2.078410552353212, -0.0901659968787758, 20.12092753953672, 69.99299491739586, 378.2546585746352;
  -2.218941372431319, 2.07198350872998, 0.2034477814024073, 26.87273113895382, 28.39738574889951, 374.5224012096789;
  -2.174833790197395, 2.054541679814911, 0.1523382595468433, 34.44883389633774, 24.71574528041698, 374.3269149934002;
  -2.271083363347738, 2.01700469035655, 0.1301050695874848, 119.3540413750263, 33.22876082110084, 380.2256519936919;
  2.151130953331814, -1.98469682497624, -0.2999147795512928, 149.6324737035346, 46.83596429080769, 351.3062403614617;
  2.206553533679478, -1.951139437903158, -0.372363996133101, 149.9309224443196, 54.21579138163959, 349.0951662790772;
  -2.026162841664708, 2.326959430294963, -0.1326897976545052, 156.6411185225753, 69.21729734156975, 360.3326275399743;
  2.095913394782272, -2.252245975675126, 0.004388693309950237, 142.6616102873619, 86.19643679941991, 359.1961671201043;
  2.103917547990816, -2.221534709083883, -0.02842610870231247, 139.4324863871764, 89.44305153680622, 359.2554284786485;
  2.160067370219158, -2.065777442441581, -0.1603432799907499, 119.2805566329179, 104.5037857110058, 359.7363828220467;
  2.253017937088796, -2.021564626402769, -0.2095859835161347, 101.0129280360901, 114.8614783046408, 363.6011149044891;
  1.924900141803909, -2.420195762439418, 0.327368652576428, 7.377766200917618, 102.5531040550096, 391.2620057912473;
  -2.033179089578685, 2.222747155311997, -0.1403387096242194, -47.07548872011656, 112.3097373292789, 402.0366863083204;
  -2.044253559051113, 2.205960533443335, -0.1809662899871858, -55.82985279232732, 108.7298157523821, 403.2917660826705;
  -1.813000069776501, 2.201229130446385, -0.4727177452100372, -73.62590919857759, 78.90850685713674, 412.7426312519868;
  -1.820216007752427, 2.217634198411135, -0.4708902617550504, -71.00604371078173, 67.45466524874716, 412.3691175842837;
  -1.857057632445316, 2.335444915056042, -0.4192695037429605, -51.77735775168318, 31.93075670986611, 413.4863349100474;
  2.058898760913113, -2.28508806314411, -0.1222244400139755, -44.46096356103674, 34.87925360600396, 380.0713061754931;
  -1.836100052195754, 2.179657747346286, -0.028548376357839, -81.0502689636689, 50.39915886772957, 405.7409510805164;
  -1.854821259552266, 2.240982005619652, -0.002360028126077179, -74.11699992878307, 43.45876901437281, 402.1929334916384;
  -1.899121813989083, 2.358910158199649, -0.1736402114706939, -81.49733009115845, 41.15345954615387, 384.330004241777;
  -1.878527598639158, 2.339515368837859, -0.2149072287467163, -85.36731942920949, 44.00895839088516, 385.9704809093105;
  -1.857036554118313, 2.315263224139395, -0.2569801137889056, -89.61230470153426, 46.69402985984126, 388.3704761151341;
  -1.711768894134298, 2.158871425430379, -0.5982827765033302, -108.2767742961089, 41.25157561975288, 409.7982998792864;
  -1.896917816552271, 1.832708941136992, -0.183901707398503, -80.7297702459325, 19.63022913606976, 449.4095436841486;
  -1.900763264663157, 1.878176531848681, -0.1976928450391449, -73.87663225131119, 17.8820677169216, 447.7932188318036;
  -2.006933141715384, 2.183167394668406, -0.1080377670799355, -20.39910676921357, 8.262387390019962, 422.1773068001756;
  2.173143876723791, -2.169426739814083, -0.1738192337382573, 68.10528428501853, 34.68359645052485, 375.8447271834629;
  -1.995101997252479, 2.159678337676195, 0.1202422614297507, 95.68522727122418, 16.17762812062922, 395.806324503109;
  -1.867844663791976, 2.190471978790701, 0.1329485508388626, 114.718130964778, -0.01466854047191802, 395.8352502449254;
  -1.8528658693008, 2.220354543598467, 0.1343773596783421, 119.2690617720978, -4.257977580072035, 393.8659662923336;
  -1.840667848724429, 2.251485398925156, 0.1474607346263663, 123.6330060753424, -8.471191336130199, 391.786333254378;
  2.326795251747458, -2.069298198900676, -0.2453631976375774, 131.6986640235683, 9.193001980613174, 341.7628848709443;
  -2.232068274392789, 2.107241996229208, 0.1833594285719089, 148.1814993336325, 8.967828600023111, 342.8848941448613;
  2.147324351564659, -2.058827021550168, -0.3908229655410766, 140.727720728717, 43.09120485874829, 333.7725884612555;
  -2.272571708429867, 2.104650228410706, 0.3127677087229357, 118.3019538465771, 49.18711791963614, 349.4419810149523;
  -2.245381186390002, 2.097995021498029, 0.2688275968076855, 116.6244582688424, 49.03027690506308, 351.908570848038;
  -2.182429002199638, 2.097608276561893, 0.1830558151843853, 115.4647623599695, 48.69783797079856, 357.0182991642959;
  1.808730251090865, -2.567245320513184, 0.2603147521387868, 128.711767788864, 38.40663846711446, 371.7496091621059;
  1.919160129140319, -2.318138683591096, 0.1075956170353166, 91.75326587140414, 53.99131182255167, 368.9623964653127;
  2.073020235178485, -2.180027234803308, -0.001107884827075871, 67.61612829319829, 69.50853077018779, 365.3252690626983;
  2.164963727148005, -2.169487851550088, -0.03321360894404987, 57.28767191900347, 75.52175915152959, 366.0294178428089;
  -1.878515718707606, 2.387344779542489, 0.01279473358465423, 82.94244443409328, 72.06741006410556, 388.615324012137;
  2.041616545238364, -2.015190768557765, -0.03636309767450192, 46.1927000626656, 97.61806429664398, 355.1928698259046;
  2.076931063564016, -2.013953558261307, -0.02216842904013988, 40.42106437440651, 97.79148368738605, 357.0516709578188;
  2.121881816278584, -2.0266381217186, -0.008240564923594977, 35.27091125771216, 98.0594111369996, 360.468660210644;
  2.211367363069407, -2.061768252823459, 0.009644820749449955, 26.00788510847969, 97.88097096988689, 367.2429611140929;
  1.900635380897068, -1.948145849357055, -0.1791272944498167, 47.06241619477344, 92.52934758507202, 347.5985871620305;
  1.970926157270103, -1.925891201672174, -0.1383877661800474, 30.87437076081717, 96.82103649440833, 352.330212226952;
  2.043061304642981, -1.919849041430511, -0.08064813653421514, 16.13227338787675, 100.4832712845677, 358.7140220717628;
  2.163769591958094, -1.969941221710029, 0.02836432142060737, -4.342441047995582, 100.598449258349, 374.5018919713791;
  -2.020048844785177, 2.072797491126682, -0.001379432346426499, 5.663118640339524, 52.23464227208107, 414.6004701763146;
  -1.977037139316607, 2.068143482625051, -0.01533188542419846, 9.742861621142486, 45.99076663953041, 416.5144503376822;
  -1.939656550863747, 2.065198786754017, -0.03090524627838098, 13.85907379134627, 39.97418345423903, 417.9261844786291;
  -1.782335285920246, 1.995408147306958, 0.02035341242346767, 35.8836410084007, 5.871465042276986, 425.8935149238259;
  -1.779427487722021, 1.999602198409796, 0.02973216323040099, 39.44789128005743, 1.035396428082797, 425.2460263235643;
  -1.776342625250826, 2.00329706981766, 0.04389333094675845, 42.77871920046468, -3.406759911971001, 424.1527984975139;
  2.024477362940002, -2.281206000213283, -0.009542628877239365, -44.62979599668199, 48.22275011871934, 368.551105640655;
  2.100274631667105, -2.275984625655945, -0.03840152769637498, -55.00358204268703, 52.42629117798506, 372.9762926138376;
  -2.07604196460886, 2.146421304319245, 0.08004135009374142, -78.64187336130313, 61.55643303612057, 388.1545909426269;
  -1.799241466938729, 2.309149127130839, -0.0200325404835241, -54.999419813846, 55.8228732342819, 377.6706462499637;
  -1.937653544862747, 2.434047374739545, -0.1465126563244057, 2.896693807320348, 69.5290194388889, 360.1647288563082;
  2.17381725691814, -1.922127935984143, -0.5436167307691302, 39.27571529782697, 110.8898031584384, 367.3426896740876;
  2.204978201855463, -1.968306722118367, -0.4424694656787234, 150.4856449505745, 95.61718409023433, 389.9502219761598;
  2.229835557031279, -1.947929454983461, -0.4681426180815699, 161.3586413899349, 89.61194503403506, 394.229264442918;
  2.161524433776583, -1.898580336959076, -0.6528099873667939, 141.283672306625, 31.54620333743539, 367.4447113172558;
  2.147915520567062, -1.872980554567677, -0.714401509347948, 140.8371955398062, 22.27601965054844, 365.6402814813899;
  -2.16135370692883, 2.091228470271725, 0.2465455096040331, 63.26506691042156, -3.962609878381558, 379.1582301826273;
  -1.853601147893362, 1.805857069734074, -0.01655453571180734, -9.497680908591354, 2.734811536545593, 393.3600613858714;
  2.257481126473347, -2.145727127201141, -0.3082157143854237, -44.06113359778841, 44.0821027373643, 379.1505685477051;
  -2.167412344411513, 2.034352715035802, 0.3614701422027916, -21.17262177794748, 49.06823481717051, 386.5285188184298]
Image_points[439.98761, 232.63075, 438.99142, 202.03741, 437.68784, 171.49982, 436.43011, 141.06, 435.16788, 110.59251, 409.00201, 233.91827, 407.94235, 203.11971, 406.71826, 172.62422, 405.51041, 142.04105, 404.46796, 111.49254, 378.10001, 234.73453, 376.93311, 203.91495, 375.91867, 173.54947, 374.94547, 142.98427, 373.69302, 112.49207, 347.23895, 235.79269, 346.31818, 205.13876, 345.2406, 174.77797, 344.16946, 143.99167, 343.26242, 113.61417, 316.64096, 236.49464, 315.79959, 206.05568, 314.66043, 175.82872, 313.65842, 145.32954, 312.68661, 114.78402, 286, 237.5, 285, 207, 284.15567, 176.67528, 283.10989, 146.02319, 281.9567, 116.03825;
  390.09824, 266.16098, 392.71292, 232.83739, 395.29987, 199.81732, 398.06592, 166.91949, 400.56915, 133.63033, 356.75375, 262.89029, 359.36142, 230.25508, 361.97113, 197.46072, 364.90094, 164.64485, 367.21893, 131.89859, 323.95175, 259.47491, 326.80579, 227.44722, 329.40811, 194.58978, 332.12457, 162.43471, 334.54953, 129.9381, 292.21185, 256.52209, 294.96304, 224.5, 297.6174, 192.3826, 300.31329, 160.31131, 302.65436, 128.07307, 260.76929, 253.47655, 263.54434, 221.55141, 266.45026, 189.88313, 268.85226, 158.1299, 271.48016, 126.29833, 230.25256, 250.3343, 233.00705, 219.03699, 235.47, 187.49924, 238.17731, 156.10551, 240.97516, 124.60159;
  385.12216, 265.89539, 387.97742, 233.17232, 391.00082, 200.32263, 393.97324, 167.41078, 396.76492, 134.15605, 351.84332, 262.61377, 354.88727, 229.95389, 357.80048, 197.31308, 360.67804, 164.69189, 363.51523, 131.98888, 319.36197, 259.31723, 322.24448, 227.06389, 324.98071, 194.49754, 327.95142, 162.49973, 330.92688, 129.65576, 287.38568, 256.31476, 290.25998, 223.9632, 293.18036, 191.7298, 295.80139, 159.5562, 298.70554, 127.34253, 255.48737, 253.08264, 258.51035, 221.02724, 261.44531, 189.2065, 264.16391, 157.18907, 267.05737, 125.29296, 224.49252, 249.93579, 227.5, 218.26405, 230.43791, 186.50012, 233.16805, 154.89813, 236.09363, 123.05924;
  380.15756, 265.40326, 383.29611, 232.71893, 386.38861, 200.01407, 389.38831, 167.34061, 392.45154, 134.4917, 347.10239, 262.49194, 350.11566, 229.65939, 353.19632, 197.29326, 356.19528, 164.42075, 359.34146, 131.78908, 314.56802, 258.97177, 317.60367, 226.74638, 320.49402, 194.51279, 323.56805, 161.86681, 326.50061, 129.20004, 282.32611, 256.17053, 285.32565, 223.57738, 288.25693, 191.54521, 291.27585, 158.90633, 294.1825, 126.58498, 250.25525, 253.01558, 253.37901, 220.89952, 256.35898, 188.62965, 259.01813, 156.6297, 262.02182, 124.45691, 218.50478, 249.93715, 221.65805, 217.77287, 224.43831, 186, 227.47916, 153.88602, 230.47478, 121.85417;
  362.16949, 261.56705, 364.57355, 229.68149, 366.98071, 197.50246, 369.33765, 165.00986, 371.92792, 132.3484, 329.84772, 260.47324, 332.11646, 228.51988, 334.51151, 195.84317, 336.73682, 162.98575, 339.2536, 130.2254, 296.88995, 259.34564, 299.08038, 226.67375, 301.48685, 193.90121, 303.88452, 160.86731, 306.14355, 127.70513, 264.04944, 258.16522, 266.12607, 225.37451, 268.20145, 192.42336, 270.526, 159.03197, 272.8136, 125.68513, 230.24672, 256.84073, 232.42255, 223.64778, 234.64027, 190.45729, 236.64168, 157.19963, 239.11429, 123.31204, 196.26285, 255.47243, 198.2878, 222.20082, 200.44377, 188.69386, 202.60771, 154.95824, 204.83704, 121.11564;
  372.11786, 209.74431, 374.68228, 177.6617, 376.89804, 145.04585, 379.24036, 111.66219, 381.77368, 77.701096, 339.07175, 207.22807, 341.15182, 175.68047, 343.22852, 142.61208, 345.41855, 109.38058, 347.4209, 75.064552, 306.47015, 205.02315, 308.14468, 173.07352, 310, 140.5, 311.8147, 106.93845, 313.35159, 72.873711, 273.96378, 202.80858, 275.16678, 170.78017, 276.57141, 138.1183, 278.05795, 104.62257, 279.58176, 70.750427, 241.23323, 200.49435, 242.43935, 168.34, 243.4411, 135.58327, 244.45721, 102.18618, 245.71657, 68.277184, 208.4292, 198.0157, 209.48329, 165.80766, 210.22171, 133.25095, 211.13394, 100.02502, 211.9819, 65.844032;
  381.8895, 204.94644, 384.01794, 172.74677, 386.37701, 140.19339, 388.73523, 106.90207, 391.29953, 72.588387, 348.98071, 203.50246, 350.9024, 171.27632, 352.93741, 138.3063, 354.84299, 104.7863, 357.0062, 70.325737, 316.02164, 201.63257, 317.58963, 169.49295, 319.15814, 136.48016, 320.82675, 102.72905, 322.53616, 68.178284, 283.0076, 199.86333, 284.09229, 167.59241, 285.3064, 134.57761, 286.62231, 100.64014, 288.06339, 65.730148, 249.48639, 198.18767, 250.52838, 165.49959, 251.30641, 132.57761, 252.24084, 98.298164, 253.14398, 63.764172, 215.97301, 196.49825, 216.63045, 163.58171, 217.14519, 130.6633, 217.58081, 96.08342, 218.28751, 61.082153;
  488.24875, 215.06821, 493.24365, 183.59718, 498.5976, 151.56511, 503.98331, 119.44208, 509.34589, 86.13279, 456.27136, 211.60532, 461.18158, 179.8483, 465.9606, 147.78596, 470.99658, 115.36124, 476.29413, 81.847282, 424.17627, 207.68658, 428.86444, 176.39362, 433.52359, 144.06598, 438.31073, 111.36501, 443.28012, 77.848259, 392.12268, 204.13664, 396.47955, 172.44484, 400.95175, 140.47491, 405.39117, 107.57756, 409.94186, 73.768356, 360.1636, 200.33327, 363.93298, 168.52806, 368.12482, 136.36784, 372.41696, 103.30551, 376.63202, 69.535461, 327.97058, 196.59865, 331.69617, 164.67804, 335.31763, 132.35066, 339.18842, 99.094467, 343.24954, 65.428246;
  542.18231, 237.57312, 545.08466, 202.95702, 547.9635, 168.30347, 550.53418, 133.52916, 552.9903, 98.740814, 505.32263, 233.50156, 508.10178, 199.54076, 510.86273, 165.69061, 513.40393, 131.53419, 515.99713, 97.357445, 470.04965, 229.46132, 472.52872, 196.07451, 475.44739, 162.88353, 477.84821, 129.65152, 480.38419, 96.121841, 435.90375, 225.64294, 438.5842, 192.99945, 441.31601, 160.21794, 443.60202, 127.86467, 446.23428, 94.966652, 403.18011, 222.01292, 405.5864, 189.8658, 408.43188, 158.05544, 410.72003, 126.02466, 412.99915, 93.680504, 371.56616, 218.5784, 374.10339, 187.16922, 376.48718, 155.9261, 378.93109, 124.26841, 381.21765, 92.725143;
  543.91602, 247.83682, 548.89044, 213.40868, 553.74872, 178.87291, 558.63251, 143.63351, 563.3653, 108.13808, 506.85175, 241.91064, 511.65811, 208.01437, 516.2818, 174.07213, 520.9798, 139.73576, 525.50781, 105.03754, 471.59222, 235.95697, 475.99402, 202.93248, 480.46539, 169.8139, 484.8179, 136.00117, 489.09244, 101.87546, 437.5, 230.5, 441.69022, 198.34148, 445.85461, 165.46555, 450.11136, 132.44611, 454.02728, 99.008408, 404.67609, 225.09344, 408.63998, 193.46703, 412.70917, 161.20702, 416.32141, 129.14964, 420.42538, 96.093216, 373.18927, 220.14287, 376.6813, 188.74802, 380.81174, 157.66466, 384.40338, 125.61568, 388.13315, 93.537048;
  546.40106, 265.41211, 541.41571, 231.69458, 536.29889, 198.10767, 531.13849, 164.55637, 526.12482, 131.18643, 513.84393, 270.86108, 508.70868, 236.66264, 503.70956, 202.63292, 498.93265, 169.09691, 494.03055, 135.50549, 480.76923, 275.96082, 475.82465, 242.01636, 471.0993, 207.9437, 466.45639, 173.93329, 461.45853, 139.9959, 447.62534, 281.75043, 442.83209, 246.98157, 437.93124, 212.91402, 433.20865, 178.94115, 428.45099, 144.24847, 413.93814, 287.01486, 409.04358, 252.07907, 404.20435, 217.78999, 399.45416, 183.61327, 394.84406, 149.23686, 379.8046, 292.48361, 374.93402, 257.62131, 369.97757, 222.89066, 365.41257, 188.40308, 360.7092, 154.00005;
  527.96014, 288.46982, 525, 254.08002, 521.95154, 220.0407, 518.84253, 186.10579, 515.48901, 152.33727, 493.31699, 290.76077, 490.45169, 256.37335, 487.66052, 222.54817, 484.73334, 188.80737, 481.74042, 155.09735, 458.8342, 292.69681, 456.17368, 258.4631, 453.54651, 224.89977, 451.0079, 191.25571, 448.42538, 157.66246, 424.99197, 294.76852, 422.54642, 260.78983, 419.92624, 227.28548, 417.36148, 193.75705, 414.67859, 160.42062, 391.03839, 296.61139, 388.6655, 263.05508, 386.4592, 229.54379, 383.98013, 196.26791, 381.5, 163, 357.59549, 298.48218, 355.09412, 264.79977, 353.06454, 231.91418, 350.74783, 198.77261, 348.41122, 165.7619;
  523.43274, 292.8429, 521.24707, 258.23157, 519.02081, 224.13718, 516.48615, 190.30565, 514.07031, 156.57076, 488.65833, 294.06332, 486.54672, 259.85904, 484.46796, 225.92999, 482.06201, 192.16884, 479.86267, 158.84828, 453.9996, 295.31207, 452.15924, 261.28177, 450.05325, 227.64697, 448.26892, 194.24724, 446.19086, 160.86093, 420.10818, 296.52643, 418.21301, 262.88263, 416.47043, 229.25533, 414.61392, 195.98114, 412.55084, 162.8136, 386.3248, 297.85153, 385.00461, 264.30746, 382.97797, 231.00777, 381.17847, 197.90678, 379.39255, 164.72942, 353.1636, 298.90039, 351.78702, 265.5, 349.99561, 232.51697, 348.33066, 199.79845, 346.5, 167.21484;
  495.95352, 312.09973, 497.69003, 278.1788, 499.19302, 244.31746, 500.79828, 210.32846, 501.98044, 176.19685, 460.95282, 309.30328, 462.49829, 275.45239, 464.24576, 242.11996, 465.72009, 208.64841, 466.93274, 175.02066, 426.63235, 306.1582, 428.40436, 272.90323, 430.05392, 239.86815, 431.49329, 206.85689, 432.83722, 173.62993, 393.40848, 303.26431, 395.05066, 270.59177, 396.66315, 237.98489, 398.44513, 205.17494, 399.87094, 172.57426, 360.87125, 300.29361, 362.80389, 268.08908, 364.28854, 236.09473, 365.99872, 203.76297, 367.23819, 171.53386, 329.30957, 297.39636, 331.15228, 265.52676, 332.60489, 233.84891, 334.20776, 202.1557, 335.52682, 170.40382;
  470.30292, 324.09177, 474.47076, 291.35193, 478.65167, 258.05878, 482.60123, 224.54704, 486.70047, 190.79805, 436.01239, 318.97256, 439.87589, 286.42383, 443.85498, 253.52383, 447.78299, 220.54442, 451.66541, 186.85294, 402.42325, 313.78101, 406.21756, 281.56824, 410.02148, 249.35966, 413.98691, 216.4339, 417.68463, 183.27374, 369.92661, 308.62137, 373.61353, 276.9364, 377.30606, 244.94565, 380.98886, 212.46962, 384.5737, 180.00591, 338.37405, 303.66977, 341.86972, 272.08331, 345.31641, 240.59636, 348.73529, 208.35435, 352.22122, 176.42119, 307.30472, 298.6535, 310.62759, 267.59088, 314.1156, 236.36766, 317.5, 205, 320.60681, 173.0654;
  346.121, 298.60181, 338.89972, 267.75888, 331.69733, 237.58723, 324.69574, 207.85675, 317.53784, 178.94405, 315.4375, 306.46594, 308.41263, 275.41263, 301.67636, 244.91302, 294.92548, 214.73792, 287.92664, 185.47086, 284.14716, 314.40213, 277.37439, 282.93652, 270.67902, 252.06956, 264.28513, 221.91939, 257.96896, 191.87143, 252.46793, 322.6134, 246.19527, 290.71021, 239.91629, 259.32172, 233.40126, 228.72826, 227.02025, 198.64668, 220.03664, 330.82602, 214.11415, 298.63525, 207.94518, 267.09293, 201.76674, 235.95009, 195.66212, 205.49796, 187.39009, 339.15811, 181.33958, 306.46234, 175.45006, 274.65594, 169.64783, 243.44147, 163.90068, 212.63461;
  280.49716, 307.01712, 278.12338, 276.89243, 275.5242, 246.59636, 272.74457, 216.06184, 270, 185.75647, 249.4404, 311.10342, 246.71709, 280.63196, 244.35785, 250.24495, 241.28934, 219.77324, 238.48033, 188.94331, 217.61052, 315.25876, 214.9781, 284.66956, 212.30977, 253.89122, 209.43703, 223.29022, 206.31998, 192.26059, 185.68288, 319.18069, 182.77916, 288.45828, 179.94073, 257.83514, 176.77505, 226.91907, 173.70604, 195.49933, 153.22275, 323.12732, 150.15544, 292.49524, 147.22186, 261.26157, 144.14307, 230.20724, 140.68729, 198.59822, 120.13088, 327.4288, 117.01115, 296.29916, 113.90133, 265.15305, 110.76343, 233.60368, 107.50481, 202.03677;
  270.16068, 302.22736, 268.04016, 272.06439, 265.98471, 242.03778, 263.83011, 211.72707, 261.74942, 181.14468, 238.98988, 306.02841, 236.88354, 275.61688, 234.59666, 245.07303, 232.23767, 214.76233, 230.0854, 183.90802, 207.28004, 309.99088, 204.88556, 279.05045, 202.58482, 248.47745, 200.28252, 217.67729, 197.99983, 186.57368, 175.0778, 313.59341, 172.6039, 282.79541, 170.44093, 251.89935, 167.8541, 220.73978, 165.33864, 189.3757, 142.17345, 317.29123, 139.91054, 286.41229, 137.19237, 255.05788, 134.59499, 223.76921, 131.987, 192.12474, 108.90889, 321.42673, 106.25037, 290.06339, 103.69356, 258.39276, 101.08346, 226.64114, 98.510452, 194.8674;
  250.9315, 264.78363, 245.33147, 235.75826, 239.61839, 206.94388, 234.09135, 177.93639, 228.2468, 149.03836, 221.58772, 272.3764, 215.6059, 242.54716, 209.96149, 212.87132, 204.07581, 183.2186, 198.2813, 153.52994, 190.48682, 280.46448, 184.32755, 249.73288, 178.24809, 219.35158, 172.45979, 188.85643, 166.55026, 158.39603, 157.61705, 288.65845, 151.57263, 257.4364, 145.38597, 225.95137, 139.54095, 194.55089, 133.53404, 163.53404, 123.22791, 297.20413, 116.74518, 264.98129, 110.76769, 233.14182, 104.60411, 201.03461, 98.406525, 168.96182, 86.858292, 306.49942, 80.755966, 273.47681, 74.169403, 240.58878, 67.815468, 207.84332, 61.88847, 174.75734;
  253.98428, 251.68623, 248.29179, 222.54716, 242.55463, 193.82066, 236.54027, 164.67551, 230.85475, 136.1133, 224.50395, 259.0036, 218.53543, 229.04295, 212.55511, 199.39476, 206.79005, 170.02356, 200.83833, 140.37061, 193.49248, 266.47879, 187.39027, 235.96837, 181.28531, 205.57556, 175.44057, 175.27942, 169.2894, 144.77715, 160.73752, 274.32117, 154.52374, 243.23314, 148.7704, 211.77533, 142.45544, 180.82056, 136.15024, 149.63724, 126.15515, 282.59225, 120.12838, 250.67747, 114.00843, 218.52483, 107.73663, 186.65686, 101.57436, 154.8429, 90.300873, 291.21826, 84.00248, 258.32001, 77.720047, 225.69417, 71.436844, 192.94604, 65.036507, 160.25014;
  277.12985, 210.8472, 270.28943, 181.95537, 263.74524, 153.50189, 256.8772, 125.33453, 250.04469, 97.517311, 247.54195, 217.32581, 240.77541, 187.87964, 234.03732, 159.23849, 227.23679, 130.59979, 220.71748, 102.24011, 216.78456, 224.34123, 210.1254, 194.65201, 203.46495, 165.11711, 196.81799, 135.93536, 190.33804, 106.7055, 185.31323, 231.62444, 178.78477, 201.31676, 171.97208, 171.09705, 165.27274, 141.19026, 158.70871, 111.8918, 152.60811, 239.08972, 146.13002, 208.17346, 139.29922, 177.5818, 132.63879, 146.93634, 126.37857, 117.05331, 118.80962, 246.72162, 112.1788, 215.35588, 105.5521, 184.05624, 99.234642, 153.33475, 92.767334, 122.75755;
  280.17288, 217.06285, 277.02728, 185.33638, 273.98038, 153.45259, 270.78278, 121.60682, 267.55157, 89.43998, 248.85448, 220.17783, 245.64589, 188.54533, 242.50784, 157.02629, 239.3689, 125.19196, 236.06186, 93.166687, 218.14955, 223.16986, 214.86101, 191.80269, 211.46596, 160.46596, 208.35947, 128.75868, 204.82159, 97.094124, 187.84961, 226.01717, 184.61299, 195.0166, 181.14636, 163.6846, 177.49417, 132.41173, 174.24783, 100.71741, 157.75005, 228.8613, 154.63997, 198.18665, 151.149, 167.18034, 147.58574, 135.82907, 144.28833, 104.66902, 128.14542, 231.87109, 125.11562, 201.0139, 121.50714, 170.20613, 118.08974, 139.51842, 114.70654, 108.41922;
  240.97795, 232.8019, 235.24165, 203.93265, 229.45885, 174.49545, 223.17888, 144.38593, 217.09558, 113.49361, 210.19415, 239.22879, 203.90283, 210.23692, 197.64111, 180.57149, 190.83437, 150.0722, 184.0358, 118.85313, 178.51096, 245.98236, 172.00549, 216.72029, 164.94138, 186.41867, 157.7681, 155.81053, 150.62698, 124.24092, 146.32362, 252.62531, 139.21664, 223.10239, 131.77536, 192.90556, 124.19501, 161.82011, 116.3982, 129.73135, 113.41177, 259.54221, 105.7671, 229.66171, 97.674103, 199.1125, 89.475006, 167.71692, 81.041817, 135.05377, 79.642731, 266.56155, 71.401794, 236.36362, 62.968822, 205.674, 54.201012, 173.64708, 45.415276, 140.90491;
  248.51201, 224.85329, 242.22195, 195.81155, 235.71727, 165.94093, 228.86487, 135.75719, 222.48436, 104.71973, 217.42264, 231.65492, 211.03024, 202.25606, 204.00897, 172.1936, 197.02031, 141.55565, 189.55827, 110.2114, 186.23282, 238.40918, 179.19185, 208.81458, 171.96548, 178.47491, 164.28445, 147.67708, 156.76091, 116.15876, 154.44359, 245.20253, 146.83765, 215.34435, 139.11374, 184.9662, 131.29597, 153.8243, 123.14297, 121.84779, 122.01524, 252.02332, 114.02814, 221.80453, 105.99755, 191.56331, 97.534409, 160.00343, 88.992332, 127.92307, 89.175972, 258.88474, 80.73645, 228.5773, 72.2808, 197.73871, 63.515152, 166.43039, 54.706192, 133.96999;
  233.76776, 224.11736, 227.57637, 193.42757, 220.9653, 162.53848, 214.58176, 131.69836, 207.82999, 100.31025, 201.93916, 231.64174, 195.38158, 200.60655, 188.69682, 169.4418, 181.96725, 137.89511, 175.15202, 106.04247, 169.41267, 239.1898, 162.62651, 207.9308, 155.76038, 176.33047, 148.68275, 144.36021, 141.63408, 112.00777, 136.31215, 247.07159, 129.17126, 215.3277, 122.27321, 183.30832, 115.07166, 151.26556, 107.79889, 118.53738, 102.33476, 254.83304, 95.430603, 222.92595, 87.958496, 190.48509, 80.54097, 157.97867, 73.238503, 125.02234, 67.831108, 262.98535, 60.497887, 230.50252, 53.063187, 197.94226, 45.659477, 165.0472, 38.315819, 131.82097;
  229.36383, 227.49066, 222.84888, 196.90672, 216.39694, 166.15874, 209.91435, 135.47021, 203.16678, 103.88247, 197.65041, 235.1591, 190.93726, 204.36591, 184.0137, 173.05415, 177.35117, 141.57854, 170.51697, 109.84889, 164.79199, 243.07497, 157.90675, 211.68967, 150.83792, 179.96147, 143.8427, 148.17267, 136.7317, 115.83704, 131.37886, 250.9619, 124.28206, 219.28763, 117.08987, 187.2316, 109.80057, 154.90544, 102.44666, 122.18993, 96.936417, 259.32996, 89.617798, 227.21973, 82.155434, 194.57552, 74.817154, 161.99086, 67.092705, 128.60001, 61.536053, 267.64804, 54.249958, 235.09241, 46.566849, 202.26469, 38.977528, 169.06256, 31.493444, 135.65483;
  224.65778, 230.51434, 218.15433, 200.06172, 211.88303, 169.4751, 205.32674, 138.70659, 198.68312, 107.47576, 192.84833, 238.33644, 186.00606, 207.33073, 179.54332, 176.44197, 172.70824, 145.10532, 165.73695, 113.16344, 160.00453, 246.30669, 153.20479, 214.95676, 146.08942, 183.41588, 139.14473, 151.56735, 131.96405, 119.26056, 126.33464, 254.7282, 119.18951, 222.94794, 112.01904, 190.85968, 104.68678, 158.56458, 97.095467, 125.46592, 91.410057, 263.22849, 84.056381, 230.91403, 76.543999, 198.33324, 68.963654, 165.41306, 61.357986, 132.15422, 55.546532, 271.95917, 47.876072, 239.08447, 40.211132, 206.08435, 32.396656, 172.6115, 24.679239, 138.83305;
  209.97523, 221.92839, 203.05568, 192.73645, 196.27582, 163.85701, 189.44016, 134.95853, 182.34026, 105.88637, 179.69595, 229.30042, 172.67947, 199.36366, 165.71996, 169.45032, 158.6174, 139.6174, 151.31587, 109.5446, 147.62781, 237.14575, 140.41136, 206.21072, 133.20697, 175.43181, 126, 144.5, 118.52592, 113.45187, 113.48592, 245.67714, 106.02193, 213.68814, 98.688698, 181.86459, 91.085381, 149.929, 83.618866, 117.92493, 77.010544, 254.58051, 69.475685, 221.59151, 61.666336, 188.58896, 53.978863, 155.61081, 46.201328, 122.49153, 38.440994, 263.80698, 30.479254, 229.78296, 22.557343, 195.9283, 14.660237, 161.88005, 7.0189843, 127.8949;
  250.39348, 194.27824, 251.60576, 167.74591, 252.99234, 140.99237, 254.30293, 113.05701, 255.73227, 84.346565, 223.10783, 195.79755, 223.79529, 168.46971, 224.79248, 140.77017, 225.89917, 112.29663, 227.00092, 83.001419, 194.34662, 196.88173, 194.73689, 169.09958, 195.38132, 140.81003, 195.8486, 111.55681, 196.49773, 81.134277, 164.11885, 198.05533, 164.13997, 169.73703, 164.16559, 140.55087, 164.11305, 110.61274, 164.45207, 79.436333, 132.1275, 199.35422, 131.72827, 170.29897, 131.07217, 140.36652, 130.76917, 109.28911, 130.37675, 77.239594, 98.560661, 200.78453, 97.583702, 170.97906, 96.596863, 140.00519, 95.661446, 108.33915, 94.565796, 74.968056;
  257.37695, 192.36885, 258.0961, 165.80267, 258.64969, 138.5356, 259.5004, 110.55008, 260.25751, 82.029709, 230.11469, 194.07143, 230.35637, 166.75949, 230.68889, 138.88159, 231.03824, 110.08994, 231.41887, 80.598106, 201.23346, 195.66785, 201.19499, 167.56955, 201.26604, 139.0592, 201.2919, 109.85183, 201.07846, 79.16925, 171.34808, 197.36272, 170.51639, 168.53722, 170.12772, 139.13005, 169.64658, 108.98505, 169.05209, 77.656319, 139.5103, 198.85941, 138.53369, 169.38396, 137.50377, 139.33961, 136.51836, 108.34924, 135.60638, 76.458221, 106.02555, 200.4826, 104.68832, 170.32111, 103.09617, 139.41362, 101.48053, 107.66675, 100.05016, 74.65361;
  314.08691, 183.46507, 311.52682, 154.25452, 308.95081, 125.14992, 306.16721, 95.833687, 303.4588, 66.199226, 284.98337, 185.92958, 282.22128, 156.55623, 279.46176, 127.12982, 276.61053, 97.464691, 273.92188, 67.592239, 255.17986, 188.43777, 252.22012, 158.86916, 249.5, 129.39029, 246.53935, 99.231049, 243.39529, 68.788193, 224.99768, 191.19931, 221.98822, 161.39513, 218.88339, 131.16246, 215.76926, 101.11842, 212.58299, 70.323792, 194, 194.06714, 190.74574, 163.77324, 187.75447, 133.61241, 184.45398, 102.80916, 180.93994, 71.990105, 162.25388, 196.93158, 159.08893, 166.21758, 155.79613, 135.95691, 152.48134, 104.80864, 149.03271, 73.382111;
  424.43353, 217.68712, 424.64407, 185.20432, 424.64584, 152.64375, 424.80118, 120.27911, 424.7345, 87.111816, 391.35745, 217.02313, 391.44415, 184.91556, 391.4877, 152.75975, 391.7019, 120.33444, 391.55121, 87.648781, 358.96457, 216.43033, 358.99338, 184.65234, 359.06061, 152.67433, 359.02295, 120.6287, 359.13889, 88.234497, 327.32693, 216.03052, 327.16705, 184.3911, 327.28268, 152.85107, 327.17984, 120.80984, 326.90848, 88.631126, 295.89816, 215.70409, 295.88385, 184.17813, 295.99908, 152.98901, 295.81747, 120.96609, 295.53461, 89.463058, 265.19641, 215.32011, 265.02158, 183.933, 264.98834, 153.05962, 264.69791, 121.59605, 264.65292, 89.948448;
  453.4603, 192.5652, 452.70575, 162.69572, 452.1644, 131.7988, 451.28552, 100.10427, 450.34238, 67.3955, 423.18735, 195.52858, 421.98682, 165.42604, 420.66415, 134.35194, 419.3866, 102.59653, 418.37375, 69.526276, 392.52216, 198.35455, 390.60043, 168.01527, 389.3645, 136.92593, 387.67456, 104.84902, 386.17389, 71.628349, 361.54782, 201.3181, 359.34943, 170.83972, 357.48022, 139.56267, 355.38672, 107.24533, 353.39813, 73.905861, 330.07242, 204.15144, 327.66486, 173.5, 325.14725, 141.98135, 322.72473, 109.48387, 319.95847, 76.041527, 298.39307, 207.17944, 295.74911, 175.89241, 292.61847, 144.75255, 289.41098, 112.09778, 286.41647, 78.134033;
  476.9314, 173.10091, 474.4014, 143.15669, 472.10861, 112.39349, 469.88232, 80.835831, 467.43649, 47.691967, 447.08759, 178.26422, 444.21729, 148.50214, 441.49149, 117.7319, 438.50937, 85.310402, 435.85019, 52.214733, 416.56931, 183.87776, 413.27792, 153.60239, 410.32477, 122.58458, 407.16553, 90.620575, 403.61841, 56.806808, 386.32227, 189.36571, 382.51514, 159.12953, 378.74493, 127.81773, 374.86697, 95.51255, 370.80862, 61.915771, 355.37808, 194.95609, 350.95068, 164.38406, 346.5274, 133.05548, 342.11948, 100.35013, 337.49777, 66.542747, 323.9978, 200.5761, 318.99249, 169.87376, 314, 138.5, 308.92352, 105.467, 303.65775, 71.558525;
  482.98114, 167.96405, 480.06952, 137.88374, 477.02612, 106.85448, 473.81793, 75.079773, 470.69739, 41.960308, 453.23926, 173.78297, 449.50952, 143.81104, 446.19122, 112.76996, 442.61835, 80.596313, 439.17645, 47.291477, 422.76312, 179.80569, 418.92303, 149.59499, 415.02432, 118.56251, 411.01028, 86.339806, 406.86307, 52.650356, 392.53244, 185.92642, 387.76541, 155.54414, 383.3934, 124.52029, 378.9325, 91.915146, 374.27164, 58.185329, 361.46808, 192.02037, 356.24652, 161.62708, 351.23532, 130.34651, 346.04416, 97.830894, 340.68732, 63.707588, 330.11362, 198.27411, 324.47986, 167.60345, 318.83646, 136.16452, 313.06104, 103.14511, 307.04581, 69.257957;
  489.10608, 162.87866, 485.4588, 132.53181, 481.56781, 101.37479, 477.93686, 69.486366, 474.23297, 36.326244, 459.21326, 169.23073, 454.94681, 138.98131, 450.65982, 108.11163, 446.35513, 75.731636, 442.14786, 42.320465, 428.52664, 175.84979, 423.95065, 145.39093, 419.4668, 114.31833, 414.61823, 82.019951, 409.9032, 48.530262, 398.1575, 182.39223, 392.69031, 151.92357, 387.74176, 120.68355, 382.59805, 88.581978, 377.16428, 54.681137, 367.16461, 189.0679, 361.35318, 158.577, 355.78412, 127.31747, 349.83734, 94.837349, 343.91922, 60.849777, 335.88901, 195.69305, 329.89377, 165.3167, 323.35623, 133.78107, 317.01279, 101.19026, 310.21375, 67.309494;
  522.7157, 186.40053, 528.09045, 151.08925, 533.43475, 115.20191, 538.91833, 78.858315, 544.39093, 41.641216, 486.16006, 181.81731, 490.81168, 146.86002, 496.02515, 111.24628, 501.1723, 75.167656, 506.31677, 38.208111, 449.87878, 177.54486, 454.48734, 142.74294, 459.22418, 107.39251, 463.99002, 71.146652, 468.8443, 34.465225, 414.63748, 173.05885, 418.77707, 138.55426, 423.08954, 103.6853, 427.5629, 67.935287, 432.16953, 30.936924, 379.87625, 168.76044, 383.80396, 134.58569, 387.76205, 99.787003, 391.6427, 64.210442, 396.03827, 28.021061, 345.83978, 164.25323, 349.26642, 130.47993, 353.0257, 95.939651, 356.6825, 60.903461, 360.63153, 24.978001;
  545.0907, 185.74893, 548.83636, 150.52039, 552.92596, 114.88087, 557.0777, 77.793663, 561.31061, 40.365723, 509.05035, 183.80836, 512.45105, 148.43642, 516.05212, 112.71781, 519.651, 75.773071, 523.82391, 38.20686, 472.88834, 181.58572, 476.12204, 146.51842, 479.37125, 110.67537, 482.91724, 73.705528, 486.4577, 36.160187, 437.3255, 179.34489, 440.15866, 144.36235, 443.04068, 108.69432, 445.88544, 71.895226, 449.19565, 34.015961, 401.8255, 177.34253, 404.1879, 142.2058, 406.66211, 106.49208, 409.25122, 69.9086, 411.91983, 32.320362, 366.64828, 175.08131, 368.46106, 139.99643, 370.54544, 104.51775, 372.77353, 67.79982, 375.18933, 30.318068;
  538.96515, 234.70474, 542.02325, 198.57768, 544.79785, 162.01112, 547.76019, 124.73394, 550.1908, 86.775734, 500.54388, 231.79962, 503.01331, 196.37056, 505.60025, 160.4622, 508.04929, 123.88323, 510.36719, 86.755478, 463.44736, 228.92519, 465.66119, 194.23459, 467.61636, 159.04573, 469.97964, 123.28648, 471.85397, 86.86895, 427.95261, 225.93504, 429.83698, 192.15166, 431.63815, 157.58142, 433.28311, 122.89113, 435.16022, 87.021042, 393.59949, 223.39659, 395.09216, 189.92093, 396.84109, 156.37517, 398.29895, 121.93795, 399.87061, 87.108353, 360.67654, 220.62485, 362.11179, 187.85083, 363.50928, 155.03807, 364.72446, 121.24548, 365.98553, 87.329224;
  500.01001, 240.51813, 504.33316, 206.65094, 508.90683, 171.6577, 513.52606, 135.99438, 518.11359, 99.254448, 463.97989, 237.17354, 467.64279, 203.3614, 471.93213, 168.97157, 476.07095, 133.57007, 480.35165, 97.128487, 428.37195, 233.91579, 431.9574, 200.19467, 435.48895, 165.87149, 439.41461, 131.01564, 443.30127, 95.034714, 393.94116, 230.39966, 396.8891, 197.23204, 399.98004, 163.19432, 403.30829, 128.51976, 406.66641, 92.661865, 359.67673, 227.1835, 362.49902, 194.04301, 365.23193, 160.59225, 367.98822, 126.06975, 370.95926, 90.43412, 326.07294, 223.62227, 328.78891, 190.87912, 331.07224, 157.53333, 333.55145, 123.32083, 335.96146, 88.043663;
  496.57858, 239.88641, 500.66257, 206.09476, 504.78375, 171.43349, 509.20309, 136.07103, 513.62262, 99.942154, 460.99551, 237.21637, 464.43466, 203.50061, 468.29672, 168.99208, 472.23969, 133.94868, 476.34189, 97.560081, 425.84973, 234.39661, 429.01505, 200.93639, 432.35477, 166.63565, 435.88089, 131.72345, 439.43594, 95.464409, 391.28281, 231.67575, 394.01501, 198.28015, 397, 164.23843, 399.88293, 129.15991, 403.06378, 93.469322, 357.06625, 228.48531, 359.52371, 195.45154, 361.99973, 161.73103, 364.49249, 126.9162, 367.21082, 91.351135, 323.20197, 225.92572, 325.47919, 192.92947, 327.58783, 159.22423, 329.86411, 124.61238, 331.97464, 89.393463;
  492.5896, 238.54071, 495.95828, 205.21172, 499.05966, 171.15805, 502.47534, 136.27643, 505.87744, 100.18574, 458.32935, 237.44888, 460.77704, 204.1425, 463.87991, 169.69125, 466.75424, 134.91356, 469.60352, 98.872787, 423.68796, 235.94888, 425.8783, 202.62347, 428.46048, 168.35112, 431.10703, 133.61053, 433.78415, 97.882278, 389.58258, 234.76782, 391.28992, 201.12497, 393.32559, 167.10812, 395.35257, 132.2178, 397.77576, 96.192093, 354.99783, 233.06935, 356.60928, 199.78682, 358.30591, 165.8183, 360.06058, 130.98985, 361.88919, 94.95282, 321.00974, 231.90543, 322.12509, 198.39091, 323.53, 164.33064, 324.77527, 129.32947, 326.08673, 93.502777;
  503.69778, 222.70027, 491.41345, 191.78375, 479.32632, 161.36223, 467.21664, 131.4068, 455.27161, 101.91132, 474.37595, 234.15755, 462.13623, 202.82344, 450, 172, 438, 141.73068, 426.51657, 111.67552, 443.97284, 245.73723, 431.86652, 214.04868, 419.98209, 182.58205, 408.5, 152, 396.81128, 121.6683, 413.05826, 257.58508, 401.23514, 225.48102, 389.73312, 193.87231, 377.98001, 162.62291, 366.5022, 131.94666, 381.56998, 269.849, 369.76205, 237.13055, 358.1174, 205.40417, 347.01096, 173.83304, 335.66995, 142.5, 349.28351, 282.32227, 337.67093, 249.10986, 326.35114, 216.86502, 315.20395, 184.99652, 304.0936, 153.55142;
  456.13809, 243.37076, 448.99448, 210.47844, 442.32889, 178.63106, 435.36258, 147.53203, 428.23224, 116.98806, 423.21863, 249.51538, 416.9675, 216.94963, 410.49271, 184.71414, 403.79782, 153.56674, 397.04099, 123.01773, 390.74765, 255.83986, 384.72467, 222.93666, 378.63699, 190.97105, 372.31686, 159.71649, 365.9819, 128.98708, 357.96707, 262.09735, 352.39798, 229.25571, 346.99847, 197.26778, 340.87634, 165.70923, 334.9798, 135.00853, 325.64548, 268.04846, 320.21185, 235.15311, 314.86688, 203.52121, 309.36838, 171.91766, 303.7381, 141.20985, 293.11536, 274.09769, 288.05917, 241.70317, 282.922, 209.7113, 277.73672, 178.2047, 272.4873, 147.51505;
  425.10266, 264.22635, 423.53583, 230.58974, 421.93301, 197.53568, 419.91992, 164.86156, 417.81955, 132.33394, 391.7915, 265.62314, 390.17065, 232.23578, 388.76318, 199.25272, 386.9744, 166.522, 385.21158, 134.31583, 358.56335, 266.72806, 357.147, 233.68729, 355.96628, 200.91489, 354.35776, 168.68419, 352.74149, 136.55811, 325.83075, 268.14365, 324.71158, 235.1917, 323.54446, 202.88737, 322.26813, 170.4689, 320.64355, 138.36427, 293.06738, 269.5, 292.44479, 236.72733, 291.36545, 204.45419, 290.37106, 172.25847, 288.9614, 140.47379, 261.23306, 270.80801, 260.40234, 238.26456, 259.51257, 206.05751, 258.60071, 174.24394, 257.50195, 142.54018;
  411.43362, 271.68527, 411.70432, 238.43883, 411.90039, 205.13567, 411.84406, 171.91585, 411.81952, 138.63435, 377.82437, 271.64285, 378.11777, 238.40858, 378.39636, 205.31192, 378.46451, 172.29358, 378.57068, 139.09966, 344.84122, 271.28925, 345.09918, 238.33345, 345.09219, 205.29807, 345.32327, 172.44751, 345.47815, 139.34483, 311.94989, 271.23563, 312.23846, 238.19041, 312.46945, 205.45728, 312.72501, 172.68843, 312.90436, 139.67749, 279.38998, 271.04929, 279.87299, 238.34241, 280.0101, 205.53673, 280.26178, 173, 280.29193, 140.12288, 246.96175, 270.54111, 247.46977, 238.02789, 247.99989, 205.67567, 247.77458, 173.32364, 248.17044, 140.74471;
  439.87143, 262.12857, 432.81989, 231.92435, 426.21906, 201.67175, 419.24454, 170.78844, 412.27771, 139.63087, 409.25946, 269.87921, 402.32028, 239.93753, 395.1864, 209.35922, 388.08377, 178.36476, 380.84613, 147.23615, 378.56171, 277.8028, 371.34564, 247.51807, 364.20398, 217.06453, 356.88559, 186.33502, 349.60239, 154.6024, 347.94028, 285.81308, 340.5, 255.5, 333.03226, 224.95497, 325.495, 193.94583, 318.27524, 162.41064, 316.93881, 293.86011, 309.23901, 263.23062, 301.35959, 232.75064, 293.78513, 201.53917, 285.68219, 170.23077, 285.87747, 301.75833, 277.9455, 271.52493, 270.02783, 240.55095, 261.90057, 209.31187, 253.8123, 177.69479;
  399.05872, 304.4057, 399.86707, 269.68219, 400.61664, 235.81215, 400.98071, 202.50246, 401.48578, 169.51263, 365.00171, 302.76166, 366, 268.57462, 366.90854, 235.02919, 367.68732, 202.03763, 368.43045, 170.138, 331.71164, 301.21857, 333.01794, 267.57635, 333.98071, 234.49754, 335.27094, 201.9836, 336.38367, 169.99886, 299.59036, 299.56052, 301.28555, 266.35431, 302.57974, 233.91501, 304.10846, 201.8511, 305.26285, 170.25346, 268.49069, 297.79221, 270.45386, 265.35956, 272.065, 233.35173, 273.59988, 201.77885, 275.25906, 170.65401, 238.03891, 296.26337, 240.23428, 264.19934, 242.23445, 232.65538, 244.22603, 201.61714, 245.84444, 171.17476;
  391.01279, 304.0202, 392.29083, 269.50818, 393.57718, 235.80185, 394.73651, 202.52615, 395.94263, 169.53723, 357.064, 301.77521, 358.5314, 267.66461, 360.07224, 234.46667, 361.61264, 201.67502, 362.95264, 169.32928, 323.92166, 299.58792, 325.84473, 266.19479, 327.46475, 232.90718, 329.08615, 200.88501, 330.60849, 168.78479, 291.71524, 297.7713, 293.86234, 264.67352, 295.75311, 232.16592, 297.57321, 199.92227, 299.45404, 168.41492, 260.40445, 295.58893, 262.71555, 262.97018, 265.13272, 231.0213, 267.09821, 199.33322, 269.01688, 168.22054, 229.76671, 293.5257, 232.5, 261.5, 234.9967, 230.04861, 237.35736, 198.64711, 239.74976, 167.88481;
  383.76938, 302.9588, 385.42798, 268.95154, 387.23108, 235.43057, 388.87296, 202.40005, 390.18143, 169.49393, 349.95142, 300.56244, 351.84753, 267.07581, 353.92044, 233.87926, 355.75061, 200.87988, 357.52338, 168.61784, 316.83295, 298.35757, 319.11267, 264.86026, 321.15378, 232.00754, 322.99957, 199.63336, 325.1922, 167.65541, 284.67624, 295.56882, 287.10648, 262.98453, 289.40991, 230.58815, 291.61551, 198.29385, 293.8295, 166.44987, 252.98071, 293.49756, 255.61493, 260.83875, 258.27045, 228.81784, 260.70615, 196.99661, 263.18546, 165.55431, 222.09344, 291.10123, 225.1521, 258.88181, 227.76376, 227.03178, 230.55093, 195.80347, 233.0139, 164.92659;
  370.819, 300.55923, 373.30951, 267.12759, 375.84302, 234.31969, 377.96304, 201.5, 380.5769, 168.67683, 337.43625, 297.56024, 339.95956, 264.49042, 342.79614, 231.54781, 345.16986, 199.21376, 347.59641, 166.65884, 304.48706, 294.83893, 307.21494, 262.02347, 310.11694, 229.46776, 312.75983, 196.89624, 315.17975, 164.63681, 272.14517, 292.09061, 274.93298, 259.47192, 277.84921, 226.81001, 280.55975, 194.75041, 283.32297, 162.65424, 240.01132, 289.42151, 243.22104, 256.6153, 246.13315, 224.72371, 248.97972, 192.42882, 251.7554, 160.91997, 208.5643, 286.53546, 211.79646, 254.32822, 214.72148, 222.33324, 217.63638, 190.43176, 220.58777, 158.9521;
  401.73975, 300.40472, 401.6124, 265.08478, 401.72824, 230.51056, 401.57895, 196.64955, 401.22159, 163.68752, 368, 299.33591, 368.41699, 264.80618, 368.76382, 231.08844, 368.99838, 198.22507, 369.00662, 165.76077, 336.39719, 297.88446, 337, 264.30325, 337.5, 231.5, 338.0491, 199.3698, 338.30219, 167.80191, 306.35361, 296.90994, 307.31589, 264.06586, 308.13596, 232.14986, 308.79498, 200.85121, 309.53552, 170.07167, 277.72104, 295.76334, 279, 264, 280.16647, 232.89265, 281, 202, 282, 172, 250.3511, 294.85995, 252.10228, 263.80969, 253.44781, 233.21724, 254.74886, 203.58473, 256.00015, 174.2363;
  378.69693, 304.48355, 380.51422, 269.60349, 382.13297, 235.48582, 383.63159, 201.89613, 384.93674, 169.32756, 345.69028, 301.91931, 347.79749, 267.68585, 349.68781, 234.35081, 351.37842, 201.93217, 353.15314, 169.66806, 314.24039, 299.15158, 316.49234, 266.08319, 318.6098, 233.4431, 320.64661, 201.49753, 322.58142, 169.99715, 284.36841, 296.8537, 286.99698, 264.22256, 289.14133, 232.5222, 291.55597, 201.21504, 293.6676, 170.49731, 255.561, 294.57788, 258.64401, 262.79709, 261.16809, 231.83192, 263.62286, 201.01923, 266, 171, 228.22137, 292.39026, 231.49995, 261.14822, 234.31407, 230.67197, 237.0148, 201.05161, 239.67056, 171.53345;
  358.07925, 307.00671, 361.27048, 272.758, 364.18802, 239.33556, 366.91263, 206.36508, 369.65485, 174.17686, 325.66779, 303.40973, 328.89975, 269.87955, 332.15286, 236.90186, 335.13608, 204.8806, 337.93759, 172.8793, 294.46091, 299.85007, 297.66687, 266.9332, 301.26544, 234.73145, 304.41336, 202.96428, 307.41336, 171.96428, 264.37427, 296.58591, 268.03552, 264.12613, 271.63943, 232.59729, 275.04846, 201.59563, 278.23022, 171.05707, 235.26024, 293.1192, 239.43034, 261.543, 243.2663, 230.38725, 246.89095, 200.07233, 250.44054, 170.11583, 207.46417, 290.14297, 211.71651, 259.19171, 215.63989, 228.38779, 219.44699, 198.96378, 223.59874, 169.37691;
  331.23062, 301.63208, 334.86331, 268.83072, 338.47723, 236.65971, 341.80533, 205.0083, 345.20715, 174.0415, 299.27493, 297.75342, 303.05368, 265.35266, 306.76459, 233.56081, 310.5473, 202.23112, 314.33344, 171.46228, 267.90747, 294.09491, 271.90143, 261.90729, 275.86877, 230.51588, 279.59061, 199.11946, 283.67957, 168.85393, 237.36609, 290.30042, 241.45982, 258.49805, 245.70074, 227.30667, 249.69186, 196.98108, 253.9211, 166.34337, 207.25586, 286.65402, 211.90472, 255.38554, 216.20554, 224.24739, 220.61504, 193.94212, 224.81532, 164.1432, 177.77812, 283.13193, 182.69913, 252.03421, 187.26312, 221.64226, 191.82089, 191.61984, 196.37341, 162.05132;
  344.01505, 233.48462, 343.57388, 204.85667, 343.12415, 175.83292, 342.84656, 146.24582, 342.19363, 115.94127, 314.72803, 235.13351, 313.96793, 206.4429, 313.0799, 177.03876, 312.36725, 147.16714, 311.50623, 116.34849, 284.27972, 237.23235, 283.19733, 208.04921, 282.29565, 178.439, 281.36893, 147.98465, 280.30621, 116.96148, 253.61696, 239.40378, 252.18138, 209.7941, 250.89243, 179.83452, 249.50049, 148.8428, 248.26846, 117.3715, 222.21986, 241.35851, 220.45065, 211.39876, 218.76126, 180.92624, 217.09042, 149.65779, 215.47223, 118.00892, 189.76143, 243.40932, 187.61314, 212.94481, 185.8264, 182.36865, 183.81706, 150.52977, 181.63802, 118.16306;
  348.59921, 225.92319, 347.85025, 197.62569, 346.90308, 168.65405, 346.3071, 139.02116, 345.59024, 108.61072, 319.30157, 228.65216, 318.29764, 199.90358, 317.25397, 170.5247, 316.2121, 140.57642, 315.01904, 109.78627, 289.70712, 231.31241, 288.19016, 202.23012, 286.85153, 172.54179, 285.32306, 142.21426, 283.70798, 110.8363, 259.24655, 234.11441, 257.27997, 204.58014, 255.41264, 174.50937, 253.55548, 143.67639, 251.85822, 111.81067, 227.57234, 236.6993, 225.30794, 206.82454, 223.16397, 176.40256, 220.86044, 145.01083, 218.60944, 112.97681, 195.25742, 239.61183, 192.64467, 209.2791, 189.94453, 178.49779, 187.3446, 146.6163, 184.83353, 114.16647;
  353.2851, 218.86987, 352.05246, 190.78458, 351.07666, 161.89005, 350.02261, 132.30135, 348.91476, 101.70848, 324.36655, 222.03952, 323.07382, 193.60707, 321.64975, 164.07251, 320.11517, 134.1033, 318.68655, 103.25006, 294.78766, 225.33737, 293.03604, 196.49562, 291.39627, 166.87891, 289.48373, 136.4028, 287.57394, 104.86574, 264.60117, 228.9749, 262.37439, 199.37233, 259.95853, 169.20589, 257.94806, 138.4084, 255.54816, 106.35869, 233.20399, 232.21597, 230.55318, 202.51311, 227.88565, 171.87735, 225.13542, 140.31807, 222.32898, 107.96537, 200.92349, 235.77831, 197.84047, 205.52414, 194.52597, 174.34045, 191.33682, 142.43443, 188.17102, 109.73274;
  377.81995, 179.87993, 377.01428, 152.54715, 376.11713, 123.93194, 375.0307, 94.52668, 374.16458, 63.468231, 350.62897, 184.92339, 349.32416, 156.96272, 348.04645, 128.40678, 346.24408, 98.259079, 344.92783, 66.727844, 322.55511, 189.84094, 320.67191, 161.63406, 318.75208, 132.42693, 316.67194, 102.0898, 314.36252, 69.80275, 293.60846, 194.80826, 291.0694, 166.37775, 288.41873, 136.64012, 285.61832, 105.71088, 282.75842, 73.119247, 263.53592, 200.19473, 260.21643, 171.18959, 256.68127, 141.32782, 253.13518, 109.35632, 249.29785, 76.275757, 232.03996, 205.60471, 227.94054, 176.23048, 223.83932, 145.64101, 219.39804, 113.31736, 214.66293, 79.645012;
  381.8656, 174.51282, 380.98917, 146.85284, 380.09668, 118.34598, 379.29343, 88.839386, 378.10211, 57.462929, 354.80731, 179.40036, 353.45166, 151.52353, 352.01666, 122.78117, 350.15756, 92.393173, 348.93866, 60.693642, 326.72375, 184.32515, 324.55038, 156.15773, 322.77637, 126.75447, 320.66992, 96.047928, 318.46747, 63.841022, 297.83884, 189.52547, 295.0542, 161.0603, 292.48038, 131.17818, 289.522, 99.974411, 286.50058, 67.117393, 267.56082, 194.7028, 264.28845, 165.6451, 260.70859, 135.50597, 257.3418, 103.80927, 253.20834, 70.521141, 236.36624, 200.16998, 232.08792, 170.59854, 227.9962, 139.99074, 223.53696, 107.73622, 218.58131, 73.785408;
  385.88754, 169.60381, 384.93564, 142.05797, 383.96011, 112.99849, 383.01877, 83.214767, 382.09088, 51.856018, 358.57849, 174.44759, 357.2316, 146.2119, 355.62592, 117.3609, 354.11185, 87.005821, 352.59448, 55.086239, 330.44705, 179.28064, 328.44843, 151.0999, 326.37442, 121.59235, 324.24734, 90.820374, 322.0834, 58.33041, 301.34882, 184.53972, 298.83456, 155.82054, 296.18753, 126.00314, 293.14087, 94.599403, 289.99579, 61.712475, 271.33441, 189.82382, 267.92023, 160.66791, 264.27838, 130.38283, 260.73425, 98.6409, 256.88126, 65.237251, 240.17365, 195.2722, 235.93484, 165.55672, 231.58871, 134.86905, 227.0564, 102.5954, 222.14996, 68.515732;
  278.25787, 235.75119, 275.0806, 203.11687, 271.96722, 170.40523, 268.435, 138.13326, 264.86298, 105.8155, 245.70633, 239.53764, 242.56113, 206.71727, 239.41852, 174.46524, 236.12865, 142.27087, 232.70432, 110.12321, 213.52824, 243.31087, 210.47147, 210.84746, 206.90193, 178.5, 203.96745, 146.34898, 200.4888, 114.23179, 181.60922, 246.77547, 178.60727, 214.47733, 175.61591, 182.40935, 172.46046, 150.30107, 169.07568, 118.36154, 150.04327, 250.3439, 147.36916, 218.21558, 144.38411, 186.0901, 141.25433, 154.45366, 138.21515, 122.62061, 118.94794, 253.70108, 116.30045, 221.57448, 113.35381, 190.15279, 110.5, 158.5, 107.70193, 127.05444;
  265.71085, 240.39101, 263.36057, 207.80884, 260.91223, 175.45493, 258.80273, 143.04358, 256.34277, 110.24783, 233.10472, 242.97479, 230.9305, 210.53485, 228.77489, 178.1738, 226.33688, 145.82187, 223.92754, 113.27387, 200.97786, 245.1875, 198.66704, 213.075, 196.18044, 180.94655, 194, 148.47685, 191.3494, 115.90301, 169.22096, 247.60129, 166.94899, 215.58163, 164.5, 183.5, 161.95451, 151.29567, 159.51448, 118.88699, 137.6261, 249.92676, 135.5099, 217.98903, 132.99646, 186.03751, 130.49844, 154.01756, 128.08736, 121.63492, 106.43298, 251.97902, 104.17843, 220.34244, 101.64397, 188.64374, 99.35112, 156.76521, 96.959442, 124.61758;
  239.12982, 248.79297, 237.53029, 218.46313, 235.95174, 187.52509, 234.21553, 155.31728, 232.73511, 122.42989, 206.98251, 250.4968, 204.91331, 220.20265, 202.99748, 188.98209, 200.87099, 156.70828, 198.71416, 123.61284, 174.60727, 252.1712, 171.90004, 221.76741, 169.69339, 190.44194, 167.12564, 158.41153, 164.71439, 124.92706, 142.1703, 253.71255, 139.30945, 223.09061, 136.43575, 191.6962, 133.34691, 159.44965, 130.56833, 126.02652, 109.48398, 255.19821, 106.45103, 224.45567, 103.17547, 192.92799, 99.688591, 160.4678, 96.362427, 127.26411, 76.85759, 256.60071, 73.334053, 225.71803, 69.656723, 194.28758, 66.056442, 161.94499, 62.492645, 128.47997;
  266.84171, 243.87987, 258.1716, 213.28047, 249.81168, 182.37082, 241.26691, 150.76004, 232.38429, 118.21301, 234.74991, 252.933, 225.81769, 222.16736, 216.93565, 190.90642, 207.82207, 158.65576, 198.58591, 125.89214, 202.23376, 262.21283, 192.87648, 231.34171, 183.36024, 199.49548, 173.78142, 167.32127, 163.92047, 134.01396, 169.15855, 271.5, 159.18491, 240.36435, 149.02335, 208.54944, 139.20671, 175.77423, 128.68695, 142.29605, 135.18416, 281.11798, 124.88229, 249.40384, 114.44885, 217.42409, 103.7552, 184.44617, 92.941284, 150.64536, 100.9626, 290.78732, 90.243721, 258.92764, 79.077072, 226.32033, 67.952904, 193.16426, 56.710274, 158.86111;
  339.94229, 265.98593, 332.29047, 232.87427, 324.94781, 199.85591, 317.04288, 166.95448, 309.29327, 134.2184, 307.16699, 274.37305, 299.69415, 240.99762, 292.28043, 207.34105, 284.53165, 174.36006, 276.85336, 141.07051, 274.02277, 282.60547, 266.35843, 248.77957, 258.82687, 215.07532, 251.26024, 181.6656, 243.62631, 148.28789, 239.92842, 291.16223, 232.79739, 256.91724, 224.99832, 223.22989, 217.47412, 189.21033, 209.88608, 155.45737, 205.6105, 299.63922, 198.05766, 265.18173, 190.73093, 230.98514, 182.99825, 197.04485, 175.25957, 162.73299, 170.39767, 308.08612, 162.98994, 273.72211, 155.58443, 239.02206, 147.95557, 204.66675, 140.34978, 170.34978;
  389.11844, 317.64822, 392.40067, 285.96149, 395.9852, 253.82712, 399.75369, 221.17328, 403.37265, 187.93001, 357.45856, 309.48138, 360.52029, 278.61633, 363.85559, 247.22701, 367.24628, 215.32245, 370.40906, 182.49799, 327.76303, 301.69757, 330.54489, 271.44461, 333.3317, 240.98576, 336.20096, 209.62798, 339.16022, 177.73761, 299.45956, 294.63211, 301.91901, 264.94543, 304.64999, 234.86937, 307.34872, 204.30075, 309.91531, 172.95705, 272.61157, 287.1423, 274.91806, 258.08142, 277.16821, 228.79561, 279.55203, 198.81139, 281.9765, 168.4991, 246.92113, 280.33832, 249.00519, 251.89333, 251.14012, 223.01921, 253.42023, 193.97839, 255.79842, 164.00136;
  523.05115, 290.53552, 527.6142, 260.233, 531.70441, 229.58414, 536, 198.75592, 540.02783, 167.37251, 490.42615, 284.47592, 494.3385, 254.67131, 498.31873, 224.68329, 502.28561, 194.12997, 506.01743, 163.51846, 458.77835, 278.74936, 462.38055, 249.10988, 466.10544, 219.93112, 470.03381, 189.96004, 473.47144, 159.53552, 428.20255, 272.87936, 431.7081, 244.14818, 435.20959, 215.06503, 438.79111, 185.6985, 442.3009, 156.03766, 398.85422, 267.26886, 401.96826, 239.02119, 405.1973, 210.56618, 408.71695, 181.60658, 412.16391, 152.36612, 370.33188, 262.11685, 373.46155, 234.09329, 376.64377, 205.97525, 379.72638, 177.64207, 383.00269, 148.96931;
  534.4613, 282.06937, 539.61188, 252.04973, 544.91455, 221.99829, 549.77667, 191.31479, 555.00208, 160.5609, 501.78769, 275.37048, 506.46323, 246.19337, 511.4115, 216.45732, 516.42871, 186.32986, 521.0827, 155.71701, 470.34879, 269.10757, 474.71957, 240.20038, 479.28311, 210.9478, 483.76953, 181.49152, 488.50296, 151.46454, 440.13736, 262.81406, 444.18747, 234.44897, 448.42535, 205.95213, 452.82504, 177.00438, 457.28766, 147.42653, 410.75363, 256.79544, 414.75555, 229.03125, 418.83459, 201.06955, 422.901, 172.47873, 426.97256, 143.42262, 382.63882, 250.81371, 386.29272, 223.69473, 390.1452, 196.1781, 393.91083, 167.85707, 397.9711, 139.70224;
  522.61493, 214.4899, 527.91925, 182.15022, 533.27887, 148.9305, 539.21344, 114.91543, 544.5166, 80.014603, 487.93106, 207.99361, 492.491, 176.50612, 497.42035, 144.36996, 502.42587, 111.13103, 507.52216, 77.229744, 455.32272, 201.93974, 459.33627, 171.34792, 463.79367, 139.97868, 467.94379, 107.78114, 472.60147, 74.685371, 424.69806, 196.32527, 428.43777, 166.47467, 432.10397, 135.93166, 435.93866, 104.48515, 440.08521, 72.349304, 395.65842, 190.76979, 398.95581, 161.93948, 402.39548, 131.9951, 405.715, 101.52122, 409.40747, 70.410583, 368.40552, 185.51131, 371.36038, 157.11343, 374.09439, 128.30566, 377.18756, 98.550308, 380.49054, 68.091675;
  523.18091, 202.65329, 528.59778, 169.94217, 534.05408, 136.74707, 540.07996, 102.08704, 546.02765, 66.566498, 488.34082, 196.02715, 493.08292, 164.47377, 498.18961, 131.95914, 503.45071, 98.23909, 508.73807, 64.056084, 455.90921, 189.58289, 460.1315, 159.01534, 464.54437, 127.65759, 469.05322, 95.009644, 473.62506, 61.875187, 425.66617, 183.90527, 429.48065, 154.01396, 433.29022, 123.29873, 437.02539, 91.851585, 441.26746, 59.577042, 397.30194, 178.17743, 400.51981, 149.26842, 403.92975, 119.53133, 407.09616, 88.853226, 410.91156, 57.507164, 370.47711, 173.09398, 373.29626, 144.90114, 376.22647, 115.62957, 379.33691, 86.188492, 382.48611, 55.566841;
  417.08871, 167.87352, 419.20343, 135.81232, 421.81918, 103.19599, 424.16669, 69.335602, 426.77112, 34.585052, 384.48538, 167.02075, 386.14111, 135.20442, 388.08493, 102.40717, 390.10834, 68.472458, 392.1821, 33.849564, 352, 166, 353.21136, 134.32727, 354.87866, 101.55788, 356.31406, 67.678902, 357.69662, 33, 319.8335, 165.14449, 320.76749, 133.35289, 321.69507, 100.71401, 322.72928, 66.837074, 323.8736, 32.127399, 287.60608, 164.12671, 288.17975, 132.36319, 288.80789, 99.55442, 289.26596, 66.076118, 289.95459, 31.361454, 255.87613, 162.74174, 256, 131.5, 256.02713, 98.689728, 256.12369, 65.172203, 256.13071, 30.607;
  325.2605, 176.89131, 328.05716, 147.35872, 331.30896, 116.44351, 334.5752, 83.726364, 337.72791, 49.589058, 295.47018, 178.78764, 297.63525, 148.46344, 300.09055, 116.59354, 302.57135, 83.567139, 305.01443, 48.050816, 264.04428, 180.31001, 265.42728, 149.5201, 267.07449, 117.36103, 268.9563, 82.881073, 270.69632, 46.662552, 231.06845, 182.17725, 231.85036, 150.64323, 232.68356, 117.34281, 233.42783, 81.902298, 234.25603, 44.808105, 196.05714, 183.85791, 196.11571, 151.50211, 196, 117.37478, 195.66312, 81.340889, 195.25807, 42.799561, 159.33713, 185.9371, 158.36842, 152.32829, 157.16953, 117.52481, 155.8129, 80.356979, 154.2244, 40.571896;
  281.50711, 229.07918, 282.13107, 197.26709, 282.90247, 165.04709, 283.39667, 132.49966, 284.13956, 99.05661, 249.98856, 226.59671, 250.35831, 195.38031, 250.9603, 163.30202, 251.51067, 130.9149, 252.02664, 97.789169, 219.25104, 224.22261, 219.52251, 193.03026, 219.56404, 161.56558, 219.94261, 129.29295, 220.12605, 96.625488, 189.23419, 221.94136, 189.30502, 190.92302, 189.27512, 159.76588, 189.05811, 127.69662, 189.20934, 95.423523, 159.9351, 219.64241, 159.77003, 188.92371, 159.42473, 158.05675, 159.13315, 126.26821, 158.87729, 94.278984, 130.95895, 217.04672, 130.69366, 186.8376, 130.04739, 156.13568, 129.9077, 124.94524, 129.50888, 93.11779;
  311.01089, 233.86075, 312.09814, 204.24771, 313.12326, 173.45779, 314.29608, 141.52689, 315.25891, 108.53133, 279.41452, 231.63658, 280.00052, 202.00829, 280.47229, 171.31537, 281.05591, 139.40659, 281.59949, 106.39658, 248.19633, 229.29524, 248.13454, 199.67203, 247.97748, 169.11638, 248.0778, 137.19485, 248.12247, 104.00846, 217.08054, 226.93393, 216.55341, 197.24744, 216.13896, 166.80055, 215.71246, 134.86505, 215.02277, 101.81438, 186.37144, 224.6151, 185.38736, 194.86035, 184.35381, 164.31845, 183.08708, 132.4727, 182.05373, 99.625717, 155.56107, 222.1862, 154.20522, 192.33067, 152.38284, 162.04063, 151.2413, 130.18378, 149.61328, 97.485519]
