image_Width 640
image_Height 360
board_Width 4
board_Height 11
square_Size 24.8
Camera_Matrix
[489.3388817871126, 0, 325.8181135916977;
  0, 491.1328260273209, 174.7371051863436;
  0, 0, 1]
Distortion_Coefficients[0.02558898618863225;
  -0.06880817029393903;
  0;
  0;
  -0.003978519331554955]
Avg_Reprojection_Error 0.204333
Per_View_Reprojection_Errors[0.18264474;
  0.20834614;
  0.21943387;
  0.18974304;
  0.23260477;
  0.19779404;
  0.23388797;
  0.1632998;
  0.18328917;
  0.20198786;
  0.17005382;
  0.20186819;
  0.27448905;
  0.19390112;
  0.32111049;
  0.21597011;
  0.15761185;
  0.19495486;
  0.1783566;
  0.20730855;
  0.17520338;
  0.1977082;
  0.1755563;
  0.1636634;
  0.19102331]
Extrinsic_Parameters[-0.0119065927761542, 0.06837117423035923, 1.588970131900327, 122.5281079938947, -106.6434338523351, 627.8667506492393;
  -0.0004298416328253808, 0.08629788813651168, 1.586800150104754, 103.8652390768516, -108.6803509123302, 661.980533697421;
  -0.3082835933262437, -0.06978060615813507, 1.260016220600023, -131.4089019489732, -103.5789317696426, 785.1529105154662;
  0.2877770020248637, 0.397961881685809, 1.973068547562279, 178.6459315581131, -18.79156029095014, 764.2143320602228;
  0.1151618003512109, 0.1226942905412233, 1.677343374267097, 380.6850059225955, -72.46552627168209, 1009.922679809301;
  0.1703472920773871, -0.1165929100632912, 1.594481671160427, -72.22710979167844, -117.2669129964304, 604.9380404327659;
  -0.1337271042049767, -0.3921230742763855, 1.442209096504792, -76.12407030102847, -80.53729160835114, 644.1567244001602;
  -0.2533576302227948, 0.08174364108204338, 1.315453399919853, -46.12794614255382, -89.93076625933743, 914.243490576118;
  -0.3457933899386841, -0.008155926534568824, 2.165098418477056, -34.31607775057408, -33.85407721840337, 1030.01389917717;
  -0.2758153518417255, 0.2713534987766734, 0.9142427164308025, -158.9573291011603, -128.7130507757557, 1000.256167538085;
  -0.6175907490913013, 0.1228845244223199, 1.471221936914528, -232.4954568552082, -28.39116246983969, 999.2178421451342;
  -0.1954914086686976, -0.4122807638426564, 1.482625229427043, -89.6686092110494, -218.3901898520749, 691.2264664537112;
  0.1560893695099758, 0.07154851185655364, 1.662992612049679, 64.96316762781476, -189.9271285605537, 647.1653566173241;
  -0.02695835989076029, 0.4205197033901929, 2.020519641150024, 459.2924681977214, -1.175501973679435, 781.8184171767608;
  -0.2782237639102486, 0.04288935574484597, 1.714170773482768, -86.72772722492304, 113.2673959207623, 819.6294506904262;
  -0.15432475862025, -0.6266828953938428, 1.493916672567938, -213.172009528334, 36.86544535453285, 804.7039796300778;
  -0.360848870953571, -0.2326817159924235, 1.485648443238276, -143.9717509627228, 10.68836843524405, 1262.801681975337;
  0.03225773698789621, -0.3103689163792966, 1.745819606514227, 352.3848362879722, -235.4443798398974, 1093.826128493274;
  -0.1601025979153527, 0.4006214746122844, 1.714391849621794, -25.34988154339845, -152.9723559584255, 1049.598255259657;
  0.01445517734370705, -0.33627537536997, 1.874070381359284, -147.4822893629371, -134.624054320962, 1006.218656182384;
  -0.5264365745548559, 0.1208670731021388, 1.262601093112925, -167.054216189452, -36.9367366504291, 1046.753046741311;
  0.004760786762133207, 0.4640199379172944, 1.769286377617385, 74.5022638850984, 81.01827255388673, 1002.053358316152;
  -0.09424403828969884, -0.1410699976462313, 2.011929118090175, 184.7923395423762, 111.3913787338429, 1026.269947156728;
  0.1182206883541202, 0.4953428215652066, 1.62121983236641, 472.650060249874, 129.5975807955835, 1047.174521761678;
  -0.1940691673269371, -0.03289992238039611, 1.420511313283458, -60.71649507391139, -86.9794877011423, 957.5018959444302]
Image_points[421.57864, 91.213051, 421.10767, 129.52257, 420.59225, 168.53497, 420.06763, 207.75165, 401.76923, 110.3828, 401.17755, 148.74615, 400.64572, 187.95044, 399.98233, 227.22359, 382.78983, 90.839745, 382.24091, 129.39706, 381.47104, 168.05051, 380.73953, 206.96773, 363.05145, 109.60952, 362.39661, 148.37347, 361.74911, 187.05617, 360.91776, 226.35287, 343.88876, 90.350204, 343.49005, 128.89583, 342.66769, 167.30957, 341.93286, 206.35567, 324.5639, 109.33125, 323.57339, 147.65727, 322.75555, 186.46915, 322, 225.82813, 305.66977, 89.846306, 304.83517, 128.18636, 304.06506, 166.79141, 303, 205.59607, 286.13977, 108.86021, 285.23849, 147.05713, 284.26984, 185.71582, 283.08136, 224.85846, 267.30606, 89.438599, 266.5, 127.679, 265.53183, 166.12244, 264.3801, 205.01134, 247.90456, 108.22701, 246.86388, 146.6302, 245.71973, 185.04353, 244.54681, 223.95773, 229.41185, 88.83683, 228.49889, 127.24264, 227.36903, 165.6192, 225.78828, 204.04619;
  402.81375, 94.037743, 402.28043, 130.58401, 401.79205, 167.37, 401.48087, 204.47018, 384.13507, 112.10373, 383.58365, 148.80357, 382.99942, 185.52873, 382.33914, 222.83832, 366.02594, 93.644386, 365.20392, 130.30539, 364.53091, 166.90504, 364.14093, 203.70917, 347.47705, 112.00748, 346.47473, 148.26704, 346.15485, 185.20361, 345.36996, 222.46561, 329.38342, 93.616562, 328.94708, 129.94708, 328.11484, 166.42821, 327.41345, 203.50105, 310.94626, 111.44769, 310.15649, 147.93411, 309.43109, 184.43109, 308.37814, 221.39049, 293.45242, 93.167984, 292.56036, 129.58485, 291.57123, 165.93655, 290.73792, 202.67261, 274.90753, 111.21888, 273.99146, 147.44868, 273.06979, 183.90572, 271.70068, 220.98302, 257.1911, 92.939011, 256.36462, 129.26199, 255.2834, 165.45572, 254.53107, 202.16615, 238.95177, 110.92825, 238.08876, 147.13901, 236.91518, 183.5224, 235.77837, 220.3531, 221.46152, 92.656212, 220.48654, 128.88747, 219.46529, 164.78972, 218.26784, 201.4131;
  244.04514, 110.0008, 252.96877, 138.90576, 262.05768, 168.14659, 270.97363, 198.41542, 233.39929, 128.21399, 242.24896, 157.52986, 251.2981, 187.54155, 260.3902, 218.15883, 213.35751, 117.17753, 222.38669, 147.0773, 231.55779, 176.84047, 240.38974, 207.36, 202.29953, 136.06454, 211.26514, 166.17368, 220.15987, 196.56795, 229.45222, 227.57033, 181.72498, 125.02452, 190.74478, 155.22243, 199.56281, 185.55721, 208.54129, 216.91209, 169.8969, 144.0887, 178.76701, 174.86742, 187.95738, 205.9514, 197.02927, 237.96045, 149, 132.68001, 157.78648, 163.6933, 166.67633, 194.97029, 175.77104, 226.75819, 136.29019, 152.47858, 145.19759, 183.8056, 154.1994, 215.8717, 163.19258, 248.02412, 115.00989, 141.23422, 123.56853, 172.77475, 132.4379, 204.71016, 141.2066, 237.03365, 101.62973, 161.39861, 110.52958, 193.49651, 119.116, 225.9902, 128.21783, 259.10608, 79.569023, 149.63156, 88.168335, 182.24509, 97.007401, 214.63272, 105.58058, 247.80344;
  440.24173, 162.58755, 426.68839, 191.50526, 413.48105, 220.20593, 400.38272, 249.5397, 419.02316, 171.04909, 405.85794, 199.29088, 392.84714, 227.7812, 379.92816, 256.44232, 411.71097, 151.08073, 398.65918, 179.12987, 385.96298, 207.31949, 372.8399, 235.31712, 391.34689, 158.98158, 378.68094, 187.08255, 365.98083, 214.78729, 353.48306, 242.54112, 384.57617, 139.69983, 371.95279, 167.11296, 359.31827, 194.71609, 346.63608, 221.96179, 365.13025, 147.63824, 352.71951, 174.94319, 340.4126, 202.10924, 327.87665, 229.21843, 358.60095, 128.76141, 346.34424, 155.84396, 334.02252, 182.60951, 321.72626, 209.19746, 340.202, 136.87328, 327.92053, 163.3373, 315.96594, 189.91725, 303.69971, 216.40871, 334.17697, 118.65391, 322.06583, 144.97198, 310.04053, 170.95282, 297.98276, 197.21265, 316.43823, 126.63387, 304.68375, 152.5652, 292.65393, 178.45909, 280.89954, 204.37032, 310.97369, 109.10658, 298.99429, 134.4413, 287.25333, 160.40868, 275.74564, 185.81172;
  510.74762, 139.76234, 508.18021, 163.49101, 505.29962, 187.08534, 502.49292, 211.08176, 497, 150.29713, 494.29715, 174, 491.47858, 198, 488.90622, 221.94292, 485.78302, 137.29797, 483.24323, 160.95099, 480.67044, 184.50597, 477.93549, 208.28108, 472.29715, 148, 469.78601, 171.65498, 466.95743, 195.19557, 464.29715, 219, 461.35773, 135.07321, 458.79263, 158.5674, 456.0799, 182.04889, 453.42361, 205.60104, 447.90109, 145.5, 445.13062, 168.94215, 442.66556, 192.39345, 440.11459, 216.15054, 437.22797, 132.4238, 434.58353, 156.19746, 431.87585, 179.48206, 429.19794, 202.88324, 423.9949, 143.2709, 421.28448, 166.33505, 418.55475, 189.73532, 416.06412, 213.08412, 413.54443, 130.42877, 410.74115, 153.53755, 407.9527, 176.8627, 405.4476, 200.27596, 400.25885, 140.93062, 397.53171, 164.05861, 394.86063, 187.02754, 392.43961, 210.71329, 389.71912, 128.21027, 387.37653, 151.27893, 384.55255, 174.51173, 381.58099, 197.38377;
  267.45972, 79.060028, 267.16455, 119.96317, 267.13434, 159.21469, 266.56342, 197.23483, 247.42139, 99.157722, 247.73553, 138.93431, 247.63112, 177.70662, 247.72072, 215.2986, 227.76599, 78.303482, 228.04044, 118.90954, 228.43484, 158.11313, 228.67639, 196.00813, 207.94827, 98.031784, 208.67429, 138.05634, 209.43497, 176.55144, 209.79407, 214.14166, 187.84245, 76.991615, 188.85272, 117.82697, 189.79709, 156.86308, 190.65909, 194.58673, 168.5966, 97.107201, 169.85912, 136.82336, 171.00293, 175.30008, 172.30931, 212.55399, 148.01291, 76.11544, 149.62749, 116.74721, 151.22421, 155.53043, 152.73882, 193.57944, 129.14769, 96.037384, 130.96693, 135.62221, 133.07431, 174.06447, 134.80397, 211.44058, 108.81503, 75.351662, 110.66129, 115.47524, 112.87403, 154.41321, 114.97955, 192.36934, 90.650932, 94.982162, 93.05304, 134.67398, 95.315437, 172.86827, 97.474594, 210.05368, 69.921677, 74.195374, 72.539047, 114.63811, 75.247482, 153.39253, 77.72361, 190.86494;
  268.12347, 113.22131, 271.68619, 150.8958, 274.95453, 187.31343, 278.52573, 222.60689, 251.28999, 134.33528, 255.18385, 171.60353, 258.91394, 207.81508, 262.77872, 243.05968, 230.24734, 116.74736, 234.49411, 155.34863, 238.58493, 192.57397, 242.63524, 228.82198, 213.01222, 138.16866, 217.49879, 176.56735, 221.92302, 213.70164, 226.40016, 249.98521, 190.34163, 120.47728, 195.5, 160, 200.17747, 198.30077, 204.84492, 235.32336, 172.44356, 142.87613, 177.65536, 181.86679, 182.93365, 220.0121, 187.93768, 257.12711, 148.46802, 124.36774, 154.3246, 165.04012, 159.86223, 204.07581, 165.22878, 242.29805, 129.62717, 147.36781, 135.74571, 187.74883, 141.72479, 226.39844, 147.58534, 264.63843, 104.08175, 128.5457, 110.72724, 170.14603, 117.3897, 210.36644, 123.69347, 249.40349, 84.758278, 151.98119, 91.948891, 193.353, 98.800873, 233.39473, 105.31476, 272.18408, 57.481121, 132.94585, 65.412506, 175.64795, 72.597473, 216.93784, 80.110313, 256.78766;
  300.95935, 126.32112, 307.83005, 151.2874, 314.3251, 176.9621, 321.12311, 203.02881, 291.42078, 141.75349, 297.9527, 167.06177, 304.49628, 192.98669, 311.2085, 219.69562, 275.04468, 132.05997, 281.50195, 157.54018, 288.10361, 183.13461, 294.44351, 209.49905, 265.22964, 147.86617, 271.5, 173.5, 277.80676, 199.46289, 284.19699, 226.54886, 248.74965, 138.04654, 255.06232, 163.86909, 261.08929, 189.5, 267.50931, 216.26411, 238.61096, 153.58412, 244.41452, 179.52628, 250.4855, 206.25343, 256.66565, 233.12, 221.73007, 144.02856, 227.95465, 169.99355, 233.69518, 195.96902, 239.76944, 223.11971, 211.29341, 159.89996, 217.05746, 186.19312, 222.80641, 212.84888, 228.90146, 240.39108, 194.50514, 150.27893, 200.36893, 176.26347, 205.97441, 202.56729, 211.76389, 229.96916, 183.5388, 166.28781, 189.07341, 192.62135, 194.5461, 219.5994, 200.4534, 247.48039, 166.83284, 156.44147, 172.30969, 182.68822, 177.72363, 209.57259, 183.16264, 237.16264;
  309.56827, 158.48456, 296.47693, 177.54745, 282.65387, 197.34613, 269.00146, 217.20651, 293.29083, 161.24103, 279.96432, 180.15311, 266, 200.05939, 251.63528, 220.19955, 290.48804, 144.70563, 276.89874, 163.75108, 263.06842, 183, 248.80521, 202.98222, 274, 147, 260.31754, 166.22108, 246.13699, 185.72491, 231.5, 206.0054, 270.97095, 130.43761, 257.36581, 149.33456, 243.07562, 168.76367, 228.77966, 188.93297, 254.59085, 132.75618, 240.22934, 151.87871, 225.96811, 171.63478, 210.79288, 191.81126, 251.34155, 116.20042, 237.25749, 135.02971, 222.93959, 154.31177, 207.90123, 174.27475, 234.15663, 118.18375, 219.91299, 137.21063, 205.01094, 156.81351, 189.78569, 177.01906, 231.24445, 101.42141, 216.88989, 120.54279, 202, 139.5, 187.06863, 159.3228, 213.97334, 103.54698, 199.05969, 122.76556, 184.03851, 142.14818, 168.17397, 162.18591, 210.99638, 86.820656, 196.04131, 105.63749, 181.15517, 124.95518, 165.59468, 144.76613;
  247.66884, 111.47808, 260.81726, 128.47314, 274.64941, 146.26137, 288.62939, 165.00871, 244.20059, 126.90529, 257.48694, 144.59099, 271.16809, 162.83192, 285.35971, 181.91563, 227.45482, 125.47974, 240.53722, 142.8349, 253.81773, 160.92424, 267.47952, 180.01193, 223.85426, 141.02185, 236.71651, 158.95543, 250.1698, 177.89775, 264.17416, 197.13637, 207.334, 139.54851, 219.86919, 157.37311, 233.03851, 175.74722, 246.15294, 195.15466, 203.16783, 155.58994, 215.78706, 173.7458, 228.86005, 192.82416, 242.08632, 212.6749, 186.64629, 153.43909, 199.14064, 171.71344, 211.54265, 190.57103, 224.63551, 210.26474, 182.31894, 169.90018, 194.46121, 188.50081, 207.18858, 207.88966, 220.39032, 228.2261, 165.78357, 167.91034, 177.59109, 186.57155, 190.06505, 205.80992, 202.6274, 225.7966, 161.13821, 184.69113, 172.92137, 203.52682, 185.07649, 223.17453, 198.10599, 243.91623, 144.86263, 182.44803, 156.4964, 201.40746, 168.14146, 220.90144, 180.58986, 241.41473;
  211.58456, 160.74583, 212.2877, 182.33694, 213.00418, 205.32896, 213.2708, 229.40837, 199.27859, 171.25035, 199.43102, 193.58238, 199.97964, 217.48317, 199.99345, 241.93359, 186.47289, 160.08235, 186.41652, 182.04247, 186.38448, 205.45062, 186.51608, 229.72276, 173.31761, 170.55547, 173.13728, 193.53503, 172.55511, 217.47421, 172.34021, 242.66811, 160.38884, 159.31491, 159.72505, 181.65437, 159.08186, 205.31215, 158.37294, 230.11261, 146.59515, 170.12419, 145.5865, 193.36807, 144.5448, 217.66678, 143.40654, 243.25226, 133.68979, 158.4359, 132.19098, 181.36752, 130.80325, 205.12115, 129.29022, 230.51936, 118.77025, 169.31723, 117.08244, 192.91721, 115.20881, 217.75746, 113.3923, 243.78763, 105.53871, 157.42943, 103.6589, 180.52374, 101.45428, 205.07599, 99.25351, 230.78043, 90.191879, 168.30922, 87.85305, 192.43147, 85.094727, 217.96342, 82.657303, 244.68394, 76.972321, 156.30254, 74.144768, 179.9445, 71.13694, 204.84586, 68.254265, 231.03108;
  262.14536, 19.126245, 264.11148, 55.348831, 266.17307, 90.930191, 267.83795, 125.75566, 245.87105, 37.232235, 248.05145, 73.421806, 250.17012, 108.97906, 252.03432, 143.92842, 227.05475, 18.092089, 229.33603, 55.359142, 231.80577, 91.779533, 234.12422, 127.66393, 209.95203, 36.464951, 212.62714, 73.99382, 215.08253, 110.539, 217.49806, 146.25629, 189.68108, 17.123892, 192.6797, 55.456024, 195.57104, 92.553436, 198.16917, 129.38551, 171.82286, 35.922913, 175.1795, 74.375786, 178.16895, 111.81409, 180.95508, 148.64908, 150.40051, 15.752367, 153.91588, 54.955357, 157.30321, 93.536362, 160.18236, 131.3461, 131.94809, 35.134003, 135.5423, 74.588684, 139.04283, 113.38474, 142.25122, 151.31573, 109.01984, 14.624678, 112.99522, 55.059978, 116.97121, 94.530212, 120.56138, 133.21924, 89.469681, 34.717644, 93.640221, 75.040215, 97.650238, 114.77039, 101.86709, 153.78435, 65.16909, 13.51825, 69.605545, 55.027924, 74.267143, 95.838928, 78.463226, 135.37671;
  374.83591, 30.518263, 371.56891, 68.568916, 368.33295, 106, 364.44592, 143.44382, 354.62131, 48.453388, 351.09805, 85.791397, 347.73914, 123.23174, 344.45358, 160.58594, 337.55014, 28.579908, 334.29593, 65.814514, 331.1058, 102.80029, 327.74829, 139.98807, 317.94778, 46.056816, 314.6315, 82.992592, 311.37561, 119.65735, 308.15854, 156.64964, 301.03723, 26.314781, 297.99054, 63.417366, 295.11557, 100.20345, 292.11282, 136.63771, 281.83295, 43.585743, 278.85065, 80.29332, 275.90405, 116.84966, 272.92245, 153.37411, 265.63474, 23.907999, 262.79456, 60.795921, 259.74005, 97.306976, 256.77994, 133.52292, 246.65617, 41.234051, 243.78441, 77.802345, 240.99428, 113.83481, 238.20256, 150.01921, 230.85553, 22.070522, 228.0811, 58.254021, 225.32074, 94.448395, 222.44699, 130.35434, 212.61656, 39.045311, 209.65244, 75.22435, 207.0923, 110.8838, 204.43636, 146.5, 196.97588, 20.180632, 194.3927, 56.161114, 191.60114, 91.699821, 189.05345, 127.04346;
  613.67212, 173.77934, 602.43927, 200.92381, 590.98627, 228.79724, 579.00995, 257.47372, 592.32288, 180.90331, 580.81152, 208.05048, 568.96088, 235.74852, 557.06476, 264.46957, 582.29572, 161.44986, 570.69537, 187.90787, 559.22919, 215.009, 547.14246, 243.00743, 561.21075, 168.32961, 549.60431, 194.78461, 537.71356, 221.70288, 525.46112, 249.8109, 551.78143, 149.42908, 540.19415, 175.24272, 528.36584, 201.68394, 516.26526, 228.91185, 531.05963, 155.94695, 519.51367, 182.02417, 507.32797, 208.12596, 494.84918, 235.83347, 522.34607, 137.63106, 510.90573, 162.62277, 498.76138, 188.49654, 486.37961, 215.2193, 502.14508, 144.14098, 490.07684, 169.27429, 477.8504, 195.22658, 465.41095, 222.07457, 494.11072, 125.93964, 482.11478, 150.60324, 470.00165, 175.96248, 457.42542, 201.85526, 474.3476, 132.69684, 462.17706, 157.13925, 449.95761, 182.76479, 436.85345, 208.82552, 466.61108, 114.94153, 454.68042, 139.10164, 441.98367, 163.60431, 429.35202, 189.28471;
  274.87915, 242.73586, 269.76401, 272.91107, 264.55914, 303.34595, 259.43863, 334.95401, 257.23282, 255.47066, 251.80371, 286.10126, 246.53505, 317.5061, 241.23802, 349.27045, 244.84616, 238.15384, 239.44087, 268.65405, 233.81421, 299.38507, 228.19044, 331.40421, 226.81476, 251.27676, 221.28226, 281.82513, 215.41042, 313.23715, 209.48799, 345.64688, 214.44948, 233.84497, 208.58635, 264.31528, 202.75536, 295.55124, 196.54277, 327.5332, 196.14359, 246.89143, 190.02762, 277.76733, 183.49316, 309.50928, 177.52347, 341.80783, 183.57465, 229.41379, 177.38921, 260.22845, 171.14391, 291.48691, 164.61212, 323.56613, 164.85518, 242.37531, 158.43907, 273.46646, 151.86607, 305.4646, 145.12474, 338.17545, 152.30103, 224.85307, 145.68088, 255.65845, 139.04868, 287.33646, 132.16034, 319.59042, 133.51193, 238.03236, 126.51888, 269.22672, 119.32734, 301.30423, 112.40524, 334.23022, 120.75333, 220.34062, 113.80876, 251.27274, 107.03331, 282.92062, 99.673187, 315.52353;
  196.20721, 196.9539, 197.08279, 225.21751, 197.89395, 252.40002, 198.67513, 278.69247, 181.08363, 213.14586, 182.31073, 241.38582, 183.66541, 268.43399, 184.53377, 294.51227, 164.604, 200.78458, 166.31989, 229.7113, 167.74002, 257.62231, 169.14671, 284.70602, 149.35905, 217.85358, 151.0098, 246.53358, 152.78392, 274.17331, 154.27625, 301.17355, 131.3954, 205.06436, 133.64037, 234.72888, 135.84309, 263.20886, 137.78369, 290.57852, 115.48199, 222.33762, 118.06741, 251.99951, 120.5, 280, 122.6305, 307.55484, 96.347054, 209.30302, 99.319168, 239.9615, 102.13473, 268.97055, 104.66272, 297.17935, 79.599518, 227.47144, 83.105476, 257.54233, 86.004288, 286.58267, 89.262566, 314.3642, 59.287941, 214.05705, 62.83773, 245.4944, 66.691238, 275.26605, 70.066452, 304.02078, 42.145451, 232.45494, 46.188293, 263.44363, 50.193954, 293.06058, 54.03096, 321.52472, 20.253263, 218.91888, 24.963026, 250.95361, 29.442184, 281.64377, 33.496525, 311.0549;
  270, 178.97771, 271.31992, 198.0219, 272.61633, 217.37424, 273.95197, 236.97313, 261.36877, 189.05103, 262.64682, 208.42873, 264.12097, 227.93593, 265.14432, 247.87785, 251, 179.97771, 252.55367, 199.44299, 253.67982, 218.97279, 255, 239, 241.97632, 190.17183, 243.26973, 209.83553, 244.80339, 229.73433, 245.99712, 250, 231.51329, 180.86514, 232.88667, 200.87155, 234.38712, 220.53476, 235.37245, 240.96684, 222.1559, 191.5, 223.29892, 211.29892, 224.84285, 231.62352, 225.89124, 252.05719, 211.48682, 181.7596, 212.70302, 202.14345, 213.9922, 222.16267, 215.25827, 242.87437, 201.69902, 192.75722, 203.01199, 213.01199, 204.04272, 233.63242, 205.29089, 254.06943, 190.77219, 182.92422, 191.79015, 203.71358, 192.96771, 224, 194.17532, 244.97218, 180.72371, 193.91837, 181.98123, 214.42879, 183, 235.31264, 183.9978, 256.54688, 169.19211, 184.07941, 170.55017, 204.91203, 171.68967, 225.81299, 172.77672, 246.88725;
  483.72305, 68.536072, 478.18579, 90.886726, 472.17325, 112.53683, 466.87253, 134.23483, 470.69116, 77.661964, 465.18448, 99.479721, 459.2717, 121.44328, 453.84039, 143.16704, 463.34164, 64.16021, 457.73288, 86.442474, 452.08163, 108.57072, 446.60291, 130.28168, 450.16467, 73.189056, 444.70804, 95.637444, 439.45361, 117.52728, 434.14716, 139.08981, 442.74585, 59.540302, 437.23862, 82.214226, 431.83755, 104.35021, 426.31876, 126.3642, 429.59427, 68.53273, 424.0777, 91.104881, 418.46732, 113.20329, 413.49057, 135.19461, 421.65836, 54.83979, 416.14868, 77.375656, 411, 100.21675, 405.46732, 122.20329, 408.24658, 64.029999, 402.84116, 86.696785, 397.59323, 108.98085, 392.43918, 131.25116, 400.41034, 50.062988, 395.00879, 73.044594, 389.64575, 95.663887, 384.59103, 118.0815, 386.8783, 59.220909, 381.58731, 82.103439, 376.35364, 104.5361, 371.5, 127, 378.62238, 45.19696, 373.47321, 68.267479, 368.34164, 91.16021, 363.4035, 113.72939;
  313.90237, 103.19286, 309.49579, 123.65614, 304.62457, 145.03716, 299.60034, 167.39966, 300.38828, 112.02208, 295.60086, 132.80226, 290.83978, 154.65836, 285.65488, 177.32581, 291.87128, 100.6688, 286.76556, 121.21356, 281.92929, 142.14099, 276.53549, 164.29448, 278.47781, 109.5407, 273.21136, 130.13145, 268.02338, 151.57834, 262.41995, 173.67403, 269.65918, 98.28157, 264.52728, 118.45362, 259.33481, 139.29359, 253.58167, 160.92891, 256.24588, 107.09936, 251, 127.5, 245.63301, 148.60406, 239.68098, 170.68098, 248.17853, 95.789673, 242.7146, 116.02926, 237.13875, 136.4021, 231.34875, 157.83911, 234.73471, 104.29464, 229.09209, 124.79323, 223.10957, 145.5802, 217.13936, 167.31746, 226.67572, 93.146622, 220.99593, 112.99133, 215.34251, 133.69417, 209.13922, 154.94841, 213.4736, 101.78831, 207.43068, 121.88264, 201.43156, 142.63649, 194.85593, 164.29584, 205.7494, 91.017624, 200.07027, 110.65933, 193.76991, 130.99896, 187.28897, 151.8932;
  254.47369, 108.77886, 247.07596, 132.06876, 239.90086, 154.28087, 232.74701, 176.32047, 239, 116.70988, 231.75327, 139.5209, 224.52374, 161.74669, 217.64447, 183.85814, 230.70287, 101, 223.3709, 124.26805, 216.25549, 147.14188, 209.30829, 169.4882, 215.02605, 108.94633, 208.00572, 132.3047, 200.89938, 154.89441, 194.20041, 177.34155, 206.31413, 92.977051, 199.24887, 116.83177, 192.49802, 140.03578, 185.71451, 162.5535, 190.64381, 101.04534, 183.71829, 124.72112, 176.9301, 147.72246, 170.22217, 170.54308, 181.64337, 85.106445, 174.79597, 109.24763, 167.94418, 132.27409, 161.37753, 155.47858, 165.68724, 93.167007, 158.86572, 117.17566, 152.10385, 140.17036, 146.06406, 163.38788, 156.24933, 76.818504, 149.80479, 101.12115, 143.10411, 124.88881, 136.89941, 148.38188, 140.1608, 84.931946, 133.65907, 109.16409, 127.34961, 132.82538, 121.21378, 156.01096, 130.66624, 68.516739, 123.97572, 93.024879, 117.65907, 117.16409, 111.47168, 140.97491;
  247.51773, 157.25856, 253.61697, 177.66315, 259.99902, 198.79137, 266.6091, 221.12175, 239.13486, 169.82513, 245.15498, 190.61374, 251.31642, 212.49794, 257.95001, 235.47076, 224.5, 162, 230.42561, 182.4976, 236.31018, 204.50833, 242.33194, 226.81789, 215.5, 174.40506, 221.11671, 196.12288, 226.98555, 218.39981, 233.04523, 241.33563, 200.60847, 166.75121, 206.08528, 188.03729, 211.73129, 209.75116, 217.52475, 232.72296, 191.14114, 179.72206, 196.58786, 201.40919, 202.00664, 224.11937, 207.67398, 247.72574, 176.17545, 171.42534, 181.13504, 193.17165, 186.41731, 215.6958, 191.778, 238.83333, 166.19194, 184.63666, 171.0256, 206.94604, 176.10559, 230.08594, 181.35088, 254.35088, 150.94354, 176.46504, 155.39944, 198.48332, 160.39458, 221.41357, 165.39342, 245.17809, 140.30658, 189.7345, 144.6245, 212.70576, 149.32045, 236.14607, 153.87863, 260.89722, 125.02428, 181.48108, 128.96544, 204.33644, 133.27318, 227.29414, 137.74417, 251.86328;
  361.91287, 214.39485, 356.32068, 237.71434, 350.3562, 261.95465, 344.5, 287.1499, 347.43307, 223.47185, 341.5, 247, 335.6687, 271.30389, 329.22189, 296.57907, 339.36182, 209.64708, 333.422, 232.77191, 327.3139, 256.56845, 321, 280.70285, 325.3877, 218.83133, 319.12064, 241.87312, 312.65933, 265.76596, 306.07013, 290.07776, 317.38602, 205.28398, 310.95642, 227.745, 304.85638, 250.95445, 298.29141, 274.92944, 303.34933, 214.14694, 297.11938, 236.62029, 290.43399, 260.07001, 283.75278, 284.26056, 295.68448, 200.68448, 289.60236, 222.78458, 282.90924, 245.71431, 276.20319, 269, 282.0463, 209.47258, 275.62701, 231.57285, 268.70081, 254.62943, 261.86063, 278.02756, 274.83118, 196.19713, 268.10321, 218.13474, 261.52786, 240.55258, 254.89291, 263.56516, 261.35443, 204.62828, 254.64731, 226.73541, 247.92033, 249.28725, 241, 272.5, 254.16443, 191.81248, 247.89696, 213.63385, 241.09084, 235.47327, 233.99704, 258.08151;
  413.79681, 228, 403.90952, 249.74661, 393.76895, 270.95441, 383.5484, 292.53348, 398.51215, 234.13141, 388.57608, 255.50949, 378.3096, 276.86023, 368.05707, 298.43671, 393.51599, 218.47589, 383, 240, 372.68829, 261.40549, 362.63016, 282.97037, 377.63272, 224.23218, 367.39899, 245.78972, 357.39023, 267.53287, 346.89874, 289.2489, 372.32022, 208.24811, 362, 230.00363, 351.61627, 251.64816, 341.3667, 273.6153, 356.57043, 214.26393, 346.08322, 235.93414, 336.10526, 257.7608, 325.6311, 279.83936, 351.10843, 198.23456, 340.84558, 220.20422, 330.17032, 241.82968, 319.89526, 264.08401, 334.95111, 204.0799, 324.5, 226, 314.08307, 247.98315, 303.80878, 270.19122, 329.53659, 187.89722, 318.95349, 209.87286, 308.5, 232, 297.88742, 254.21887, 313.33817, 193.89456, 302.89874, 215.75108, 292.5, 237.93858, 281.75562, 260.4122, 307.9386, 177.5, 297.11102, 199.75368, 286.61258, 221.60217, 275.89874, 244.24892;
  546.97961, 235.45428, 546.40948, 258.97873, 545.95038, 282.99182, 545.2804, 307.33865, 534.20245, 246.30507, 533.42279, 269.86069, 532.89777, 293.8302, 531.92932, 318.26114, 522, 233.9034, 521.30371, 256.9256, 520.14514, 280.31042, 519.62982, 304.44534, 509.56671, 244.44632, 508.46445, 267.37878, 507.65488, 290.67419, 506.55515, 315.04083, 497.95389, 232.01598, 497.17511, 254.7507, 495.9061, 277.56494, 494.78796, 301.34515, 485.64532, 242.40129, 484.6676, 264.87619, 483.24814, 288, 482.12225, 311.5238, 474.55981, 230.41869, 473.5, 252.5, 472.29471, 274.85461, 470.64349, 298.05173, 462.54742, 240.3773, 461.3949, 262.70206, 460.02451, 285.34634, 458.29868, 308.3844, 452.09222, 228.5528, 450.70883, 250.61014, 449.12274, 272.69092, 447.66086, 295.29715, 440.32138, 238.65286, 438.96289, 260.45547, 437.36365, 282.47198, 435.64465, 305.37344, 430.43442, 226.9521, 428.74792, 248.45471, 426.9903, 270.12161, 425.34274, 292.54773;
  294.49805, 129.93848, 298.29816, 154.99911, 302.2468, 180.19727, 306.0332, 205.79102, 283.89035, 144.08556, 287.81409, 169.17397, 291.3652, 194.96811, 295.1048, 220.53499, 269.15421, 133.05302, 273.14679, 158.19371, 276.86115, 183.77484, 280.56995, 209.65295, 258.28217, 147.44312, 262.18024, 172.94069, 265.98712, 198.55948, 269.53406, 224.46596, 243.91333, 136.46146, 247.33865, 162.00793, 250.97102, 187.46019, 254.50194, 213.54018, 232.78683, 150.90233, 236.19377, 176.33678, 239.5495, 202.41766, 243.19011, 228.61887, 217.75261, 139.79446, 221.42905, 165.228, 224.69936, 191.26668, 228.08846, 217.43066, 206.18489, 153.98004, 209.73267, 180.0538, 213.03484, 206.16142, 216.42455, 232.58293, 190.75433, 142.95248, 194.52283, 168.72023, 197.78525, 194.74345, 200.97113, 221.50853, 179.31683, 157.69969, 182.5421, 183.79066, 185.88667, 210.16405, 189.13872, 236.64423, 163.96169, 146.36368, 167.50157, 172.5, 170.43109, 198.56383, 173.62595, 225.42209]
