image_Width 640
image_Height 360
board_Width 4
board_Height 11
square_Size 24.8
FixAspectRatio 1
flagValue 14
Camera_Matrix[495.4322696255163, 0, 327.6958878055564;
  0, 497.0497706466326, 169.6664775077313;
  0, 0, 1]
Distortion_Coefficients[0.03407895818264431;
  -0.1663241875701395;
  0;
  0;
  0.2275519957837782]
Avg_Reprojection_Error 0.171489
Per_View_Reprojection_Errors[0.1346292;
  0.13935032;
  0.16800009;
  0.25053167;
  0.1766966;
  0.20489581;
  0.12599291;
  0.11700465;
  0.12247617;
  0.16075923;
  0.13090609;
  0.13375232;
  0.14605077;
  0.13266505;
  0.15933661;
  0.17228973;
  0.21914187;
  0.15455952;
  0.20575841;
  0.28786853;
  0.26939479;
  0.16659929;
  0.10470168;
  0.10062132;
  0.12451624]
Extrinsic_Parameters[0.009297147761176136, 0.03461119054716003, 1.625191707622858, 139.2661014070848, -68.3231109939333, 558.9117675437998;
  0.009290971102150766, 0.04322166825374625, 1.622496866935927, 134.3735001301873, -75.49005629903932, 574.1083335850715;
  0.00332841878549776, 0.08183917875967936, 1.583180367280759, 96.09561674923212, -101.2827499445903, 679.3120766600811;
  -0.14001504687072, 0.01771619928365878, 1.514032975308984, 50.24283968789948, -105.1200318613881, 761.4992282527445;
  -0.3884135638567777, -0.01194811299786901, 1.294382965284898, -73.86722397055955, -92.91051517877055, 806.6523544052719;
  -0.1429201044544711, -0.1491119740942072, 1.312376567063599, -151.7557276032993, -114.4197820049244, 771.8722630800511;
  0.4090848223823632, -0.07669640316436226, 1.577937436458951, -50.45768253044425, -119.9636826709513, 689.4457949554314;
  0.210706805390558, 0.51507788353288, 1.880245660124352, 86.26147477750659, -64.41239245430809, 725.2437712496865;
  0.3041393285511397, 0.3701366318967192, 1.970139873583455, 178.5518475274737, -9.665834626243591, 768.968959079206;
  0.2929765136729139, -0.2344270960918236, 1.856456502035774, 248.2209450601852, 49.52706331181054, 728.8128342671351;
  -0.2630448286112812, -0.1123074664038325, 1.563371082090386, 257.12822793954, 26.97346444879407, 830.78245474416;
  -0.2520814575335721, 0.5367981317739671, 1.578647816048945, 370.2435315632038, 16.12747448473609, 873.2802700555268;
  0.169254985775514, 0.4885398502307161, 1.893163276170942, 415.0187870450418, 53.20370842133497, 821.2143666217997;
  0.06175014825252777, 0.1242942928719645, 1.760397225746277, 415.7150995038873, 44.97363431142517, 979.4789431702017;
  0.2883778771749808, -0.0938571464305208, 1.669772514389428, 341.7832485219277, -86.59442651674976, 942.683496748725;
  0.2066261645816096, -0.506729876099303, 1.556800148469353, 174.8740940053755, -95.83470961785594, 733.8317078452125;
  -0.2228322862703707, -0.2216737310245787, 1.341151206070232, 15.37834238713139, -128.8642237211151, 733.9294605551646;
  -0.05614865746630259, 0.188605011866163, 1.481852632884247, -39.96671533034935, -142.258651835465, 685.6625921105876;
  0.1340433610458549, -0.4642393811649875, 1.555259152111563, -82.7332604277301, -72.17433122626893, 596.5904744264159;
  -0.3760691216385626, -0.06813783368504599, 1.298261567297851, -66.34671219974024, -54.07887773497765, 712.1583502547449;
  -0.08273903870580324, 0.2013334521951667, 1.714781643223027, 58.25671997783429, -11.9501473956377, 692.9628387203196;
  -0.0085698975727708, -0.3591864243501485, 1.71447041180859, 120.872018789207, 10.70880495555883, 669.4616928336258;
  -0.3196175578669718, -0.07470684563217833, 1.235271053556024, -20.6991836792595, -79.00432152512796, 828.4000062535149;
  -0.2833960138058116, 0.1261767777364549, 1.504827197639303, -84.42167551988659, -85.49744277255634, 1039.753334794832;
  -0.3657060912899069, -0.001715530869433672, 2.16321889566898, -38.55310644239792, -23.29498977202545, 1044.097936763088]
Image_points[451.30621, 108.70757, 449.18805, 152.89035, 446.91144, 197.04045, 444.52133, 241.32533, 428.04633, 129.7099, 425.77347, 173.78606, 423.45575, 217.88513, 421.14151, 262.39621, 407.1778, 106.67624, 404.76544, 150.59755, 402.54434, 194.48422, 400.11996, 238.78011, 383.97437, 127.45264, 381.63837, 171.35745, 379.28812, 215.298, 377.00983, 259.84998, 363.26068, 104.4374, 360.88205, 148.3427, 358.52963, 192.13988, 356.1763, 236.24219, 340.12527, 125.32618, 337.7901, 168.99716, 335.44305, 212.84555, 333.01129, 257.29172, 319.49216, 102.06828, 317.19882, 145.98561, 314.73157, 189.64609, 312.33127, 233.65265, 296.49139, 122.89896, 294.11661, 166.61076, 291.69156, 210.328, 289.21371, 254.59331, 275.87912, 99.872589, 273.68091, 143.61578, 271.19662, 187.16936, 268.65854, 231.09785, 253.18326, 120.65697, 250.909, 164.24646, 248.18192, 207.81566, 245.60902, 252.07594, 232.61604, 97.519913, 230.44513, 141.29642, 228.08067, 184.75365, 225.3071, 228.62926;
  444.03348, 104.17937, 441.965, 147.08052, 439.82922, 190.02214, 437.59009, 233.10095, 421.28668, 124.67637, 419.16345, 167.44597, 417.03391, 210.34744, 414.74393, 253.77534, 400.8974, 102.21258, 398.6969, 145.03476, 396.54443, 187.75494, 394.41623, 230.77756, 378.45337, 122.65034, 376.23676, 165.36945, 374.01208, 208.11349, 371.7742, 251.35722, 358.15201, 100.24017, 355.90912, 142.96213, 353.73547, 185.49356, 351.44931, 228.46025, 335.73282, 120.62713, 333.48221, 163.10768, 331.27356, 205.72072, 328.96899, 248.92882, 315.64474, 98.208572, 313.40921, 140.87404, 311.11017, 183.24294, 308.74438, 226.15649, 293.22913, 118.49722, 290.96631, 161.01611, 288.62271, 203.45973, 286.27438, 246.5002, 273.31775, 96.258064, 271.08322, 138.76477, 268.77011, 181.06311, 266.24863, 223.81705, 251.22838, 116.4763, 248.89178, 158.89891, 246.41301, 201.24283, 243.8824, 244.11151, 231.22205, 94.228737, 229.03856, 136.68604, 226.71649, 178.87393, 224.08218, 221.49513;
  397.97678, 95.454834, 397.56387, 131.56073, 397.05991, 167.86664, 396.785, 204.4751, 379.41455, 113.43835, 379.01379, 149.58574, 378.61966, 185.93462, 378.14609, 222.81364, 361.70547, 95.27887, 361.15839, 131.37173, 360.68347, 167.46901, 360.22891, 203.9913, 343.36301, 113.27876, 342.91516, 149.30415, 342.32312, 185.44656, 341.73569, 222.30928, 325.73346, 95.046082, 325.11383, 131.14297, 324.46875, 167.2083, 323.94186, 203.5565, 307.48557, 113.05732, 306.87781, 148.90669, 306.27896, 184.9761, 305.53506, 221.69199, 289.99939, 94.946007, 289.28677, 130.88826, 288.60184, 166.78825, 287.86145, 203.03355, 271.77878, 112.81706, 271.06299, 148.64029, 270.2883, 184.69182, 269.3847, 221.18294, 254.41165, 94.740128, 253.68185, 130.70622, 252.87003, 166.38913, 251.99944, 202.51344, 236.39787, 112.60339, 235.7346, 148.38374, 234.6348, 184.18924, 233.73503, 220.58958, 219.13164, 94.542381, 218.37036, 130.27753, 217.52434, 165.98445, 216.40094, 202.07002;
  360.42279, 101.08922, 362.44879, 132.78194, 364.38153, 165.07021, 366.46686, 197.79141, 345.35443, 117.64458, 347.35529, 149.63303, 349.10144, 182.24866, 351.3616, 215.44295, 328.41333, 102.31236, 330.23914, 134.43863, 331.91666, 166.84251, 333.84912, 199.76932, 313.10675, 118.92477, 314.87372, 151.40605, 316.57468, 184.12598, 318.43658, 217.53839, 296.02515, 103.52118, 297.51154, 135.86195, 299.16974, 168.60051, 300.90714, 201.76033, 280.52707, 120.32492, 281.90198, 152.94272, 283.37939, 185.99127, 285.11499, 219.68628, 263.31726, 104.6641, 264.54303, 137.25819, 266.0571, 170.28473, 267.43881, 203.74408, 247.20453, 121.67342, 248.49417, 154.55823, 249.83234, 187.90619, 251.09956, 221.88811, 229.91786, 105.89143, 231.17233, 138.91934, 232.25075, 172.00056, 233.51732, 205.66066, 213.79593, 123.02016, 214.84398, 156.33609, 215.81296, 189.82573, 216.89351, 224.06049, 196.36076, 107.21992, 197.33781, 140.50984, 198.22202, 173.86948, 199.07802, 207.90701;
  282.22208, 112.58567, 290.40912, 140.67258, 298.72351, 169.44864, 307.02954, 199.29761, 271.42776, 129.59196, 279.64703, 158.35249, 287.84509, 187.9465, 296.43051, 218.62958, 252.60928, 118.09769, 260.41968, 146.98521, 268.52829, 176.50864, 276.64545, 206.96788, 241.15048, 135.60214, 249.10506, 165.01146, 257.03714, 195.27545, 265.34372, 226.7054, 221.78885, 124.05016, 229.35364, 153.60664, 237.16734, 183.71136, 245.10927, 214.82169, 209.59781, 141.96724, 217.19701, 172.16205, 224.78958, 203.02548, 232.89166, 235.24406, 189.68376, 130.088, 196.97403, 160.33983, 204.48405, 191.26035, 212.25044, 223.15094, 176.72801, 148.59201, 184.00011, 179.52013, 191.3166, 211.24406, 199.01317, 244.13832, 156.44655, 136.48625, 163.21411, 167.59659, 170.54224, 199.2222, 177.71025, 231.8846, 142.54897, 155.38675, 149.38669, 187.20358, 156.59808, 219.56718, 163.82771, 253.36728, 121.62254, 143.03505, 128.32787, 174.99829, 135.05719, 207.46991, 142.01767, 240.88687;
  230.11247, 96.002464, 238.30423, 126.90969, 246.62566, 157.79369, 254.66589, 188.69395, 218.28691, 115.18741, 226.66202, 146.17026, 234.89856, 177.24796, 243.10962, 208.42395, 198.05232, 103.17738, 206.48146, 134.51575, 214.83517, 165.66801, 223.20808, 197.0257, 186.07738, 122.67586, 194.61166, 154.0264, 202.94171, 185.37878, 211.19341, 216.88531, 165.33467, 110.47408, 174.01843, 142.33047, 182.48221, 173.84488, 190.84146, 205.42772, 153.05583, 130.30817, 161.63129, 162.0757, 170.16252, 193.6662, 178.647, 225.68744, 131.89333, 118.14476, 140.74417, 150.22565, 149.18156, 182.10507, 157.75731, 214.0824, 119.20756, 138.1554, 127.92361, 170.26804, 136.47623, 202.37538, 145.09496, 234.55869, 97.43985, 125.77033, 106.46514, 158.28333, 115.16052, 190.47914, 123.75062, 222.85002, 84.759987, 146.07884, 93.647163, 178.69235, 102.24895, 211.03276, 110.96487, 243.59178, 62.497837, 133.79317, 71.774139, 166.4881, 80.572906, 199.20668, 89.142357, 231.71063;
  291.34949, 83.013016, 292.1561, 118.41757, 293.24649, 151.99776, 294.2522, 184.3486, 274.95468, 100.38239, 276.24545, 134.61411, 277.50925, 167.36823, 278.82565, 199.08441, 257.49658, 82.227608, 259.2438, 117.02876, 260.87827, 150.26865, 262.44016, 182.31421, 242.01822, 99.275795, 244.04518, 133.11209, 245.79253, 165.43471, 247.71585, 196.84337, 224.52531, 81.418884, 227.02608, 115.69918, 229.25868, 148.50966, 231.49327, 180.2903, 209.89816, 98.308067, 212.54976, 131.52142, 215.04892, 163.4747, 217.27867, 194.54439, 192.44536, 80.610817, 195.60716, 114.46863, 198.53705, 146.81998, 201.09845, 178.15422, 178.41559, 97.323936, 181.76836, 130.13727, 184.81969, 161.72487, 187.66013, 192.40111, 161.23763, 79.855011, 165.10413, 113.31741, 168.33405, 145.1953, 171.58986, 176.1339, 148.04832, 96.231323, 151.75926, 128.70634, 155.32657, 159.92297, 158.90892, 190.12798, 130.9017, 79.090408, 135.19943, 111.99818, 139.05807, 143.62851, 142.81422, 174.23485;
  386.5809, 125.5179, 374.45929, 156.86328, 362.43237, 188.68425, 350.20825, 221.00253, 365.52435, 136.88763, 353.62018, 167.88007, 341.42365, 199.29434, 329.07565, 231.52899, 356.96817, 117.49882, 345.1828, 147.84789, 333.15283, 178.66275, 321.03253, 209.87416, 337.00153, 128.5002, 325.21127, 158.62692, 313.28851, 188.99207, 300.84659, 220.22142, 329.10141, 109.70447, 317.41199, 139.26221, 305.58948, 169.1403, 293.41284, 199.40402, 309.83124, 120.64413, 298.2944, 149.78815, 286.44574, 179.32695, 274.23053, 209.43542, 302.54172, 102.42343, 291.14755, 131.23166, 279.48978, 160.02666, 267.66312, 189.42409, 284.27054, 113.13906, 272.80902, 141.54709, 261.16257, 170.11635, 249.04289, 199.33975, 277.7056, 95.580437, 266.42551, 123.62258, 254.9064, 151.59311, 243.12758, 180.05878, 260.25916, 106.21867, 248.82704, 133.63048, 237.27419, 161.48866, 225.4819, 189.9205, 254.13206, 89.242996, 243.00757, 116.35157, 231.6692, 143.64145, 220.08559, 171.3002;
  442.85849, 163.40599, 429.33286, 192.5452, 416.14835, 221.57445, 403.22351, 250.46211, 421.53372, 171.821, 408.35965, 200.41464, 395.55164, 229.00227, 382.69327, 257.63251, 413.99493, 151.36443, 400.98737, 179.86954, 388.22858, 208.04192, 375.39328, 236.29646, 393.73834, 159.50237, 381.0423, 187.63269, 368.50406, 215.39207, 355.84845, 243.51254, 386.61115, 139.65717, 374.03986, 167.43364, 361.55038, 195.19713, 349.09207, 222.85468, 367.13873, 147.89262, 354.82242, 175.44582, 342.52319, 202.65872, 330.26913, 230.06483, 360.46484, 128.67177, 348.23001, 155.86975, 336.11017, 182.96109, 324.06827, 209.86694, 341.63409, 136.92892, 329.76761, 163.7052, 317.87732, 190.34677, 305.90781, 216.94077, 335.49969, 118.22211, 323.63953, 144.83911, 311.8429, 171.19118, 300.0466, 197.51625, 317.733, 126.36196, 305.88214, 152.43889, 294.33984, 178.57356, 282.87433, 204.71535, 311.89337, 108.20174, 300.29092, 134.20781, 288.68896, 160.03008, 277.35876, 185.89229;
  496.7597, 203.53978, 483.6442, 232.94041, 471.30365, 260.94452, 459.30252, 287.58881, 474.00516, 213.3499, 461.84882, 242.28149, 449.8511, 269.67072, 438.52005, 295.96075, 464.51044, 193.46829, 452.10922, 222.89075, 440.45349, 251.17729, 429.01114, 278.34366, 442.41138, 203.47523, 430.68393, 232.54059, 419.44418, 260.10355, 408.67426, 286.96783, 432.55536, 183.38034, 420.73407, 213.13495, 409.49475, 241.632, 398.83731, 269.04099, 410.51752, 193.53448, 399.45673, 222.65099, 388.90634, 250.61501, 378.53955, 277.66772, 400.13428, 173.36653, 389.13412, 203.47572, 378.58072, 232.11819, 368.59567, 259.64752, 378.46103, 183.57262, 367.97739, 212.91493, 358.1926, 241.11107, 348.56882, 268.45047, 367.86011, 163.00893, 357.38406, 193.36708, 347.52103, 222.30544, 338.20303, 250.17838, 346.59927, 173.25508, 336.87643, 203.09427, 327.50067, 231.56615, 318.58386, 259.0314, 335.4816, 152.5961, 325.8045, 183.33739, 316.55115, 212.49936, 307.70761, 240.60699;
  481.35806, 185.93735, 482.67676, 215.85155, 483.75891, 245.89665, 484.79721, 276.27832, 468.39767, 200.84854, 469.61389, 231.03186, 470.60107, 261.50812, 471.69977, 292.49316, 454.28873, 185.75429, 455.29547, 215.91187, 456.37918, 246.46683, 457.31339, 277.48328, 440.94888, 200.88219, 441.71677, 231.54326, 442.85474, 262.42432, 444.07489, 294.01147, 426.59171, 185.47258, 427.25977, 216.15092, 428.26431, 247.17876, 429.2941, 278.71359, 412.66006, 200.80962, 413.32922, 232.03745, 414.30658, 263.39713, 415.32056, 295.47104, 398.0686, 185.24626, 398.58795, 216.41801, 399.2243, 247.90727, 400.1525, 279.8674, 383.58139, 200.95705, 384.02298, 232.45589, 384.84601, 264.36896, 385.61328, 296.91248, 368.44617, 185.00226, 368.83203, 216.71539, 369.37332, 248.56325, 370.08081, 281.16589, 353.57294, 200.81284, 353.90753, 232.92131, 354.53592, 265.35703, 355.07013, 298.44867, 337.95975, 184.79153, 338.40866, 217.01103, 338.73141, 249.44156, 339.20712, 282.46906;
  538.06982, 178.89503, 541.46008, 204.46254, 544.90649, 231.62666, 548.33057, 260.83173, 524.57452, 191.41895, 527.55939, 217.59552, 530.44305, 245.52834, 533.59052, 275.30438, 508.3233, 178.75354, 510.88135, 204.18887, 513.44116, 231.00192, 515.98486, 259.54172, 494.92606, 191.09608, 496.96484, 217.10594, 499.14447, 244.62714, 501.32202, 273.93387, 479.41736, 178.59311, 481.04587, 203.79974, 482.72806, 230.27327, 484.34244, 258.4082, 465.70648, 190.87367, 467.02747, 216.52173, 468.29413, 243.66565, 469.53348, 272.5177, 451.0159, 178.3412, 451.84515, 203.30736, 452.68338, 229.49115, 453.48669, 257.34891, 437.25571, 190.53642, 437.65472, 215.95261, 438.15189, 242.72984, 438.47897, 271.29504, 423.15607, 178.15332, 423.27902, 202.92876, 423.25204, 228.80675, 423.33453, 256.25461, 409.42059, 190.27187, 409.06561, 215.40913, 408.67813, 241.88351, 408.18411, 270.13138, 395.98492, 178.22234, 395.4454, 202.55365, 394.6897, 228.14343, 393.86438, 255.25089;
  578.43384, 201.9118, 569.1936, 229.96724, 559.39185, 258.4549, 549.46271, 287.31546, 558.03851, 210.90311, 548.50208, 238.8463, 538.67487, 267.08521, 528.66864, 295.86951, 547.37054, 192.40065, 537.7829, 219.94342, 528.35315, 247.52968, 518.50677, 275.64557, 527.58911, 201.37088, 517.99432, 228.64301, 508.45718, 256.02814, 498.52161, 284.05762, 517.70538, 183.45912, 508.22855, 210.27013, 498.61234, 237.0869, 488.89395, 264.55048, 498.61331, 192.27957, 489.12592, 218.76224, 479.39035, 245.52084, 469.57968, 272.81613, 489.08206, 174.74171, 479.74551, 200.90685, 470.27643, 227.21667, 460.58786, 253.86282, 470.61578, 183.46964, 461.25476, 209.25998, 451.55624, 235.45396, 441.85016, 262.10901, 461.72952, 166.50331, 452.39999, 191.95631, 442.99585, 217.58801, 433.34372, 243.58487, 444.00568, 175.27757, 434.61584, 200.29831, 425.16696, 225.85497, 415.43011, 251.81102, 435.74783, 158.76523, 426.46167, 183.45576, 416.98511, 208.50601, 407.50479, 233.92003;
  538.39886, 192.51215, 533.95422, 217.23946, 529.4364, 242.13885, 524.72888, 267.05301, 523.17676, 202.55724, 518.72327, 227.15639, 514.15131, 251.98598, 509.70038, 277.02194, 512.83679, 187.74838, 508.13528, 212.27164, 503.66809, 236.9536, 499.12839, 261.88583, 497.77109, 197.60344, 493.18768, 222.06631, 488.60968, 246.68269, 484.09976, 271.77518, 487.58252, 182.97966, 482.86053, 207.37947, 478.18307, 231.98329, 473.72015, 256.59378, 472.62723, 192.82031, 467.96783, 217.11702, 463.43134, 241.57681, 458.827, 266.38498, 462.63803, 178.19577, 457.78262, 202.45151, 453.16541, 226.83745, 448.56131, 251.46838, 447.64453, 187.89334, 443.04727, 212.20175, 438.40222, 236.46552, 433.75888, 261.27368, 437.78442, 173.45061, 433.1207, 197.74153, 428.45743, 221.93205, 423.80237, 246.30501, 423.16824, 183.23195, 418.5267, 207.38419, 413.92371, 231.44124, 409.16693, 256.00064, 413.38324, 169.00237, 408.77548, 193.02773, 404.02057, 216.95226, 399.38321, 241.17023;
  507.72223, 123.66567, 503.18271, 149.37878, 498.62863, 174.34978, 494.15372, 198.69952, 492.17004, 135.16838, 487.67487, 160.41879, 483.26923, 184.96587, 479.04318, 209.14026, 481.09558, 120.86244, 476.60156, 146.38689, 472.46991, 171.13632, 468.36847, 195.40591, 465.61093, 132.35608, 461.62131, 157.35522, 457.51956, 181.83159, 453.71448, 205.8606, 454.70834, 118.05637, 450.69217, 143.46669, 446.77631, 168.02625, 442.92865, 192.25774, 439.55051, 129.56358, 435.88129, 154.28568, 432.16379, 178.6575, 428.56439, 202.61559, 428.60217, 115.43392, 424.97269, 140.44522, 421.51361, 164.95633, 417.77899, 189.08534, 414.0322, 126.60452, 410.32135, 151.44223, 406.99448, 175.58948, 403.68369, 199.38123, 402.98114, 112.56953, 399.55145, 137.6015, 396.30612, 161.99593, 393.05325, 185.90996, 388.64676, 123.8184, 385.40454, 148.39188, 382.34558, 172.47826, 379.246, 196.13097, 377.68927, 109.89983, 374.46948, 134.80984, 371.63303, 158.98412, 368.68262, 182.71182;
  445.85498, 104.45658, 440.68338, 135.84401, 435.67236, 165.38542, 430.81635, 193.13194, 427.47165, 120.41436, 422.79465, 151.12285, 418.14771, 179.88351, 413.86569, 207.23636, 413.92899, 104.64334, 409.54471, 136.25671, 405.32962, 165.92842, 401.27161, 194.30055, 395.63977, 120.78649, 391.62778, 151.43849, 388.02316, 180.83342, 384.41275, 208.60936, 381.39404, 104.65888, 377.69547, 136.52649, 374.22076, 166.62926, 371.05807, 195.36496, 363.1734, 120.9462, 359.96606, 152.17914, 357.11853, 181.58101, 354.28067, 209.71049, 347.8761, 104.74436, 345.11856, 136.98035, 342.6105, 167.40858, 340.06949, 196.30931, 329.69983, 121.15235, 327.27939, 152.74376, 325.3674, 182.4986, 323.42514, 210.7854, 313.73215, 104.62371, 311.80804, 137.36452, 310.05432, 168.18304, 308.57779, 197.29109, 295.48099, 121.05415, 294.23965, 153.21274, 292.99829, 183.37256, 291.93768, 211.98605, 278.64856, 104.43249, 277.63138, 137.54553, 276.94147, 168.76639, 276.24179, 198.40781;
  337.99191, 82.532158, 345.18658, 115.25637, 352.23895, 147.80624, 359.21689, 180.45261, 326.01102, 101.97487, 333.18884, 134.81078, 340.24991, 167.71654, 347.45999, 200.73068, 306.43103, 88.083389, 313.67819, 121.48592, 320.9689, 154.74977, 328.21573, 187.96965, 293.82965, 107.88276, 301.26761, 141.46661, 308.53522, 174.99828, 315.95486, 208.80745, 273.65216, 93.771317, 281.03705, 127.99081, 288.46948, 161.82455, 295.87048, 195.88045, 260.35709, 114.10072, 267.93958, 148.44427, 275.45557, 182.63956, 283.01135, 217.12051, 239.28052, 99.729866, 246.94113, 134.61119, 254.5332, 169.37477, 262.1752, 204.05457, 225.35724, 120.57457, 232.93159, 155.74033, 240.78166, 190.71158, 248.59592, 225.95367, 203.40881, 106.09023, 211.23402, 141.77168, 219.00449, 177.07721, 226.66151, 212.6243, 188.88678, 127.44347, 196.78156, 163.37582, 204.77348, 199.09576, 212.64809, 234.98755, 165.86366, 112.67511, 174.02335, 149.14867, 182.07465, 185.27185, 190.12622, 221.50966;
  298.92932, 66.468246, 301.29321, 100.92394, 303.74997, 136.35371, 306.15698, 172.81032, 282.30728, 85.529243, 284.44693, 120.34664, 286.75165, 156.21416, 289.08661, 193.12715, 263.63278, 70.195465, 265.75793, 104.74087, 267.6257, 139.97028, 269.78961, 176.2724, 247.02646, 89.212349, 248.96727, 124.05029, 250.71715, 159.61086, 252.49088, 196.18048, 228.72339, 74.041756, 230.42105, 108.4145, 232.05528, 143.4113, 233.53703, 179.53752, 212.08055, 92.959549, 213.62346, 127.57677, 214.96704, 162.95111, 216.31688, 199.36971, 194.04193, 77.628479, 195.3232, 111.9501, 196.7337, 146.8582, 198.02713, 182.62125, 177.29137, 96.501068, 178.50801, 130.9187, 179.59972, 166.2617, 180.51822, 202.53632, 159.69099, 81.361961, 160.69182, 115.54988, 161.54048, 150.25449, 162.4866, 185.89249, 143.23926, 100.21156, 143.92982, 134.5854, 144.54713, 169.57161, 145.3345, 205.58455, 125.91254, 85.163422, 126.48759, 119.17551, 127.00266, 153.55042, 127.7234, 189.08456;
  258.78018, 109.62296, 258.79706, 148.82155, 258.83936, 185.30435, 258.84903, 219.77818, 238.13055, 129.64603, 238.80673, 167.83813, 239.49164, 203.62192, 239.97787, 237.57034, 216.6879, 109.7075, 217.84361, 149.35786, 219.05185, 186.67123, 220.34674, 221.89783, 195.97372, 130.16287, 197.96095, 168.82271, 199.70203, 205.38707, 201.46535, 240.18605, 172.88353, 109.82067, 175.56001, 150.19023, 178.14946, 188.08356, 180.48906, 223.9456, 152.10085, 130.62961, 155.4368, 170.00566, 158.42482, 207.10101, 161.47133, 242.50606, 127.40267, 109.82336, 131.63411, 151.06877, 135.5183, 189.62886, 139.24622, 225.98863, 106.44448, 130.989, 111.35413, 171.1637, 115.86178, 208.9751, 120.07151, 244.82249, 80.303734, 109.76529, 85.976967, 151.92165, 91.440536, 191.2159, 96.536552, 228.02957, 59.62833, 131.3289, 65.881874, 172.43646, 71.892708, 210.87939, 77.714439, 247.03336, 31.985123, 109.61411, 39.175674, 152.59225, 46.201229, 192.54451, 52.708, 230.32423;
  281.04276, 131.75343, 290.65305, 164.51512, 300.21503, 198.28308, 309.73288, 232.95932, 269.06366, 151.81165, 278.55014, 185.27963, 287.90436, 219.76443, 297.78433, 255.38472, 247.2924, 138.65155, 256.60205, 172.37061, 265.92679, 206.79361, 275.371, 242.18311, 234.43867, 159.20267, 243.70447, 193.64149, 252.96167, 229.0071, 262.55685, 265.47989, 212.16173, 145.86969, 221.06863, 180.49785, 230.30554, 215.70291, 239.53587, 251.95732, 198.30644, 167.00172, 207.30461, 202.34154, 216.18042, 238.54605, 225.53947, 275.94009, 175.3551, 153.29422, 184.00691, 188.75266, 192.84488, 224.89174, 201.72659, 262.25403, 160.46664, 175.08786, 169.09492, 211.36157, 177.81769, 248.52998, 186.72258, 286.89606, 136.77063, 161.25002, 145.22304, 197.55754, 153.72002, 234.66924, 162.34363, 272.91165, 121.04491, 183.74133, 129.29544, 220.76579, 137.7135, 258.85947, 146.36189, 298.29764, 96.717506, 169.55226, 104.6078, 206.86592, 112.89048, 244.84464, 121.28767, 284.05606;
  369.10648, 161.08524, 364.43411, 196.03807, 359.49515, 231.95705, 354.18332, 268.97177, 349.0675, 176.0267, 344.03534, 211.18381, 338.67056, 247.50537, 333.05603, 284.9902, 334.03632, 156.21957, 328.87497, 190.88863, 323.59189, 226.30206, 317.88315, 263.05521, 314.01801, 170.9193, 308.59341, 205.8644, 302.85684, 241.72241, 296.65497, 278.83228, 299.45923, 151.41388, 293.83014, 185.62662, 288.09619, 220.81795, 282.00504, 257.0517, 279.51178, 165.9718, 273.53067, 200.46918, 267.32706, 235.93471, 260.92236, 272.59967, 265.16754, 146.5703, 259.29507, 180.44745, 252.92134, 215.30696, 246.43201, 251.16135, 245.27158, 160.99825, 238.80714, 195.35219, 232.2269, 230.4828, 225.2775, 266.79205, 231.31062, 141.91455, 225.07634, 175.59242, 218.42252, 209.96112, 211.5596, 245.51317, 211.56535, 156.29315, 204.69086, 190.1424, 197.81856, 224.98267, 190.54417, 260.84622, 198.10992, 137.31053, 191.47314, 170.70886, 184.30624, 204.71629, 176.99944, 240.05191;
  417.15341, 177.7758, 409.53271, 212.60844, 402.01352, 246.34624, 394.64188, 279.18845, 396.25156, 193.15956, 388.88174, 227.86375, 381.52487, 261.36014, 374.63074, 294.15057, 382.79858, 173.0584, 375.47089, 208.52251, 368.26288, 243.01378, 361.30365, 276.53415, 361.56268, 188.53958, 354.40979, 223.99165, 347.60822, 258.29111, 340.93533, 292.13849, 347.29312, 168.05542, 340.15549, 204.36453, 333.32892, 239.46329, 326.89206, 273.82401, 325.43576, 184.0419, 318.73782, 220.06291, 312.23325, 255.19807, 305.97824, 289.49011, 310.49435, 163.09073, 303.64447, 200.01027, 297.22427, 235.89009, 291.06232, 270.84244, 288.00018, 179.18271, 281.71289, 215.9008, 275.57898, 251.72533, 269.60919, 286.89929, 272.01926, 157.51866, 265.69452, 195.38995, 259.65396, 232.10451, 253.86707, 267.84219, 249.28487, 174.05777, 243.29901, 211.66969, 237.61774, 248.24632, 232.18213, 284.03683, 232.14474, 151.84839, 226.38744, 190.4975, 220.82614, 228.02518, 215.60014, 264.76828;
  315.26016, 122.37663, 325.33496, 149.92284, 335.29727, 177.92101, 345.35229, 206.59109, 306.47467, 140.261, 316.37885, 168.26488, 326.27176, 196.94008, 336.52502, 226.04041, 287.5061, 130.26366, 297.36954, 158.64143, 307.34537, 187.10762, 317.3436, 216.11974, 278.10519, 148.63182, 288.05328, 177.37607, 298.02405, 206.33359, 308.16483, 236.1086, 258.71606, 138.47975, 268.49368, 167.36975, 278.44952, 196.48407, 288.49573, 226.31784, 248.8347, 157.29019, 258.64493, 186.58083, 268.59802, 216.20157, 278.68835, 246.44467, 228.83969, 146.99522, 238.64746, 176.50745, 248.3949, 206.1871, 258.58481, 236.55092, 218.26097, 166.33073, 228.1694, 196.29532, 238.05125, 226.50937, 248.20827, 257.58133, 197.75423, 155.90726, 207.61813, 186.06215, 217.43434, 216.31343, 227.49226, 247.3232, 186.66855, 175.69528, 196.6315, 206.22437, 206.43068, 237.19337, 216.54982, 268.81143, 165.65781, 165.15332, 175.36974, 195.91968, 185.20572, 226.8735, 195.23743, 258.53281;
  287.48926, 128.7292, 288.60757, 151.37956, 289.73993, 174.53876, 290.73987, 198.48418, 276.12729, 140.42719, 276.97519, 163.35519, 278.0127, 187.04062, 278.88544, 211.37531, 263.53217, 129.48026, 264.55966, 152.27617, 265.27811, 175.65642, 266.08002, 199.63554, 252.07268, 141.2737, 252.67577, 164.50677, 253.35008, 188.0955, 253.98999, 212.54077, 239.47749, 130.25006, 240.2196, 153.2744, 240.6908, 176.71941, 241.14381, 200.76933, 227.5451, 142.24077, 228.03296, 165.36346, 228.44627, 189.2458, 228.70979, 213.68179, 215.03, 131.0574, 215.463, 154.10324, 215.69948, 177.78467, 215.90701, 201.94429, 202.86864, 142.9725, 203.00697, 166.37064, 203.07967, 190.30659, 203.02002, 214.98955, 190.38818, 131.82825, 190.43518, 155.06892, 190.37115, 178.84111, 190.18987, 203.14568, 177.8904, 143.82521, 177.69951, 167.35901, 177.45529, 191.39021, 177.16518, 216.27344, 165.45973, 132.72238, 165.27982, 156.02176, 164.82843, 179.88618, 164.40097, 204.39711;
  309.39307, 158.60735, 296.35046, 177.69536, 282.80981, 197.22174, 268.91183, 217.12372, 293.23883, 161.09317, 279.95099, 180.2726, 265.96628, 200.04774, 251.69003, 220.29387, 290.26343, 144.62917, 276.96753, 163.59886, 263.21326, 183.00267, 248.90424, 203.00098, 273.95987, 147.00569, 260.20294, 166.19244, 246.20108, 185.80975, 231.34674, 206.1001, 270.94806, 130.40897, 257.24332, 149.35481, 243.19035, 168.78735, 228.69243, 188.73053, 254.36063, 132.7175, 240.25082, 151.82558, 225.81795, 171.45871, 210.79424, 191.66299, 251.30968, 116.06489, 237.31064, 134.93898, 222.87158, 154.32535, 207.88013, 174.24017, 234.18712, 118.22796, 219.85628, 137.30435, 205.06302, 156.89803, 189.67111, 177.01193, 231.30505, 101.60138, 216.81841, 120.41875, 202.17271, 139.55098, 186.8761, 159.41704, 214.0416, 103.6033, 199.18387, 122.70559, 184.04631, 142.06664, 168.29591, 162.25154, 210.98692, 86.980072, 196.19154, 105.70314, 181.2258, 124.97624, 165.54103, 144.66591]
