image_Width 640
image_Height 360
board_Width 4
board_Height 11
square_Size 24.8
Camera_Matrix[551.2706376598312, 0, 327.9981990530525;
  0, 553.2344271987028, 174.835029074266;
  0, 0, 1]
Distortion_Coefficients[0.1148349118679612;
  -0.1541865563166084;
  0;
  0;
  0.0971936256804318]
Avg_Reprojection_Error 0.291823
Per_View_Reprojection_Errors[0.27092314;
  0.26809365;
  0.28490856;
  0.19366984;
  0.33594313;
  0.21975417;
  0.24211858;
  0.20722574;
  0.22384542;
  0.41257671;
  0.37041646;
  0.31268537;
  0.30410326;
  0.30564728;
  0.23466723;
  0.25478223;
  0.37450507;
  0.33863133;
  0.31917325;
  0.20441569;
  0.2088366;
  0.41269559;
  0.20343223;
  0.21853812;
  0.2547054;
  0.30631918;
  0.36932206;
  0.40386283;
  0.37607998;
  0.17980762;
  0.21943754;
  0.22151352;
  0.31595689;
  0.30979851;
  0.27473244;
  0.26771766;
  0.34355384;
  0.28813669;
  0.37817806;
  0.31681517;
  0.29526192;
  0.32276955;
  0.32847106;
  0.26532248;
  0.26919296;
  0.26114559;
  0.35827857;
  0.34255743;
  0.30345005;
  0.22705646;
  0.18930706;
  0.23274647;
  0.29845834;
  0.22220655;
  0.3492431;
  0.30191448;
  0.28211555;
  0.33085382;
  0.29229569;
  0.28362998;
  0.26448312;
  0.24751653;
  0.27498022;
  0.24199426;
  0.3036381;
  0.21785177;
  0.23728822;
  0.25414374;
  0.26224253;
  0.39227924;
  0.31828421;
  0.32299101;
  0.30869719;
  0.2958996;
  0.21841517]
Extrinsic_Parameters[0.2792181660072119, 0.1672040389806492, 1.789824743064421, 130.9925788544156, -137.3044811167248, 796.2731824609422;
  0.1015843843202495, 0.2446366977842567, 1.350252048897964, 69.72780559258692, -116.0439799973306, 824.5785282701434;
  0.2593798095900187, 0.1076194562409542, 1.615892981006878, -16.96969337140519, -84.48193136549207, 788.9593485307606;
  -0.05931023865215988, 0.09812000329831032, 1.297901508258337, -7.728434972743118, -113.1788400508598, 821.4631753203864;
  0.01706924294261973, 0.2343948367943043, 1.343698650177212, -24.03265225069641, -114.9203076452122, 829.8978856757635;
  0.03768470596732882, 0.1639145723692601, 1.628391752598713, 89.98526853116032, -210.3440376454892, 835.9547661397698;
  -0.01545320313504814, -0.1895050423906831, 1.576494402970365, 350.3430975460843, -219.1129784554304, 888.3370773818845;
  0.2815022421117701, 0.1321372754115153, 1.601913688869475, 259.7072233164956, -219.387177089465, 806.5053803524323;
  0.3975795518339841, 0.2128734555712974, 1.606003158377771, 213.1070464455349, -189.3525149882725, 772.9942893955238;
  -0.3685024593084748, 0.1996834808742744, 1.343501409940515, -80.33905352591923, -11.38419502009762, 877.7329931226851;
  -0.4028582486104581, 0.1414512147100533, 1.337842459355378, -42.23924400763419, -1.306319740776113, 905.5780966935751;
  -0.3289010274062454, 0.09845521446894687, 1.367506433183198, 126.6884267390267, 21.68729952766786, 923.0755415869247;
  -0.3652487986478247, -0.02206508925172918, 1.477094232442679, 282.3468331551337, 50.3214405331774, 965.0729641389312;
  0.4030550494754053, -0.03244801100518205, 1.594472080570761, 408.5525446695269, 23.53790124533145, 839.6648589310958;
  0.5596949548416167, 0.05596948037061596, 1.620602705648929, 418.961861129375, -131.8481339719139, 837.5362361390055;
  0.4720899577616342, 0.05250179370774028, 1.621272516812459, 443.8558003573996, -98.35762782768605, 847.654410645191;
  0.4625868140645867, -0.1731642978835567, 1.537403245850718, 298.6834024565857, 32.80082079002435, 793.3057996669979;
  0.342823920588742, -0.142353019936993, 1.526096353990231, 243.2064791488482, 0.01990677705668427, 810.173775910527;
  0.278011980546258, -0.1322085977450337, 1.521681474347841, 221.44979869746, -13.86008838519009, 817.960087599539;
  -0.1279964769222937, -0.1022314836126279, 1.270278066259535, -56.85401215575438, -121.9319574466573, 838.1849597776801;
  -0.08093355725766574, -0.04857694332654078, 1.277437291053556, -56.34408866838128, -129.0020750612074, 832.2308776938622;
  0.2112616935167112, 0.1421173243218955, 1.366926836607837, -14.25577361397352, -142.1590506408579, 797.6601972080557;
  -0.1822464138314453, -0.3314482482504673, 1.427616872062454, -121.5497054529344, -49.62549279654689, 843.7188829529241;
  -0.1144584967970864, -0.2369806942956267, 1.487999881964708, -110.1787799921346, -59.7725480489076, 841.6149906447811;
  0.3521433556250888, -0.1047430848988845, 1.654908816485422, 341.1197486425736, -136.7850557714281, 730.9135640077914;
  0.4370723633389628, 0.05970213203663078, 1.735675810119651, 354.6081220545112, -96.06067267098977, 727.1154109947662;
  0.2468996248039169, -0.06178909237668174, 1.652007168044575, 302.3035038301745, -103.3274148817057, 782.1761096373734;
  0.1819805320150069, -0.1021843595901679, 1.626844558691325, 276.6224515050593, -103.6210459190401, 798.8488299264429;
  0.01216506241018328, -0.1799352517865056, 1.518611395803894, 198.8757360912441, -93.57220690481827, 831.3861147159876;
  -0.1029121207153478, 0.01974506322580409, 1.314678256024286, 107.3641880894468, -99.28411670788121, 895.4658051592794;
  0.2268501899762603, 0.1831637034285016, 1.509628474300662, 57.27071862282742, -59.63364039049214, 831.1834768343427;
  0.2574640739647988, 0.1565058273736656, 1.528323202606061, 48.17358266242623, -49.91268454498059, 822.5141612662062;
  0.1392078644995627, -0.2130388715757356, 1.369073441427947, 9.529797781648375, 56.57641839353095, 863.1222009322949;
  0.1130814387150944, -0.1752596825765936, 1.365775056606877, 8.977910399703291, 51.2546598869973, 871.0942744854019;
  0.1951393368626966, 0.008685834381782807, 1.486842910897204, 43.43017897586216, 29.82601846645981, 877.478908124122;
  0.2480944063706575, 0.02423729708748323, 1.591259339449612, 48.40149489924428, 35.87947565019392, 872.5962437422555;
  0.1971133602641368, -0.1858003972805644, 1.601357473208734, -43.27050794619969, 62.104656015682, 864.6482425923534;
  -0.07874120934850461, -0.3377954331467264, 1.47387147321372, -169.1864798950156, 51.47839072780583, 911.5028522225626;
  0.0990840385170368, -0.2228158807568733, 1.454269753610447, -153.2058985558379, 22.99505235608783, 880.0643161687125;
  0.218609705535708, -0.07561726188044365, 1.526250762983647, -22.67443607373291, -12.49757809519617, 866.6393191412309;
  0.3084521493194539, 0.03213200504077134, 1.520367861660021, 31.97848610372984, -23.09727549790301, 851.8383951566897;
  0.3902145679887689, 0.102354128297161, 1.49812228817124, 59.10649794613725, -22.2607036329283, 832.3132776455018;
  0.4099483521269964, 0.116030381209204, 1.494828484967986, 65.9313326232882, -20.7083658951997, 827.9577201610808;
  0.4216272786861546, -0.07174311751093404, 1.646115634550774, 225.581998556285, 11.63154320206236, 815.269590666074;
  -0.01246546345190887, 0.01007619104829562, 1.422465062027779, 270.8188194696804, -71.77457741845977, 938.6001954427435;
  0.009853126722450934, 0.03609838881246597, 1.427694703885325, 277.911227302917, -71.49614661511843, 935.8767049091676;
  0.09629566052635213, -0.2830905276453857, 1.471723254621446, 365.559440005675, -30.40577762581073, 893.1561376057201;
  0.07323218807855539, -0.01984258462837019, 1.521241069727051, 76.3640144429431, -91.78021458075831, 884.9837061150139;
  0.03949451194760823, 0.04458299654041108, 1.513947729496056, 66.76708913777124, -95.41552852444836, 891.0236848281068;
  0.003473162626904382, 0.1115305005235722, 1.501467148608652, 50.30322904787687, -101.2329256591491, 901.9928187447478;
  -0.03151327000318795, 0.1541846433572501, 1.488710694822333, 35.92049655979221, -106.3780057405346, 912.6794290982242;
  0.02214962951843012, 0.183693690459536, 1.521079523308967, -68.65490058665823, -121.4370340778404, 917.9020923434629;
  -0.1242453860043952, -0.1494872252253905, 1.450904482449509, -147.5817302131972, -83.65410233431776, 919.7555897530378;
  -0.2250802700498343, -0.2300306346927122, 1.376669478343741, -165.9888318607234, -96.79901058586077, 942.865819774779;
  -0.04092770017902474, -0.06476206226821668, 1.409828795911995, -117.3333968429007, -122.0867219282569, 927.5366923551687;
  0.1618796602149639, -0.3685640800801312, 1.397848683899977, 11.72725048437821, -165.9707652221474, 778.6886705447756;
  0.1410751021421708, 0.1638989811989552, 1.488828787835644, -26.99119738836939, -182.8081528671217, 800.5941889077158;
  0.1141240167810502, -0.181062684595477, 1.486723847118877, -117.9436180048565, -150.0303450511998, 812.2187741587329;
  0.07998713179664962, -0.1991115325487265, 1.479104594069256, -111.5780523407536, -152.3219059325508, 820.4310034840207;
  0.05176747889213079, -0.2150742095204733, 1.472606943664743, -105.9039624922979, -154.3166374108215, 826.5003959199182;
  0.1045868994369467, -0.214774867626473, 1.5508202842515, 221.6738549369801, -141.3929547467957, 847.9365442288486;
  0.4046516546887687, -0.03881907803337793, 1.713444052337377, 297.4355334257031, -125.9863459145354, 775.7360729366336;
  0.4857146679746222, -0.1117149769145478, 1.721873718054898, 303.92687551334, -113.8839858613436, 762.1223254464252;
  0.3573195368558563, -0.02663994823190463, 1.731766999730926, 364.3681016456987, -134.4059041172536, 786.6905826581885;
  -0.0604501634357698, -0.01459536123384175, 1.449346414884088, 199.5141017832826, -79.11544809274155, 847.1088014745327;
  0.06637436815686687, -0.1081446060159029, 1.455608190193557, 189.6389084701401, -58.43960134776461, 816.4569306308237;
  0.2049119170437162, -0.1718697018921724, 1.482728616715908, 189.0724655942873, -40.52782399367078, 789.7454481915768;
  0.1877136913684381, 0.1623233466363445, 1.748742426988528, 76.20243452247885, -20.84602008608148, 803.9833958899526;
  0.003563816288855846, 0.1266231935203323, 1.661589713852035, 32.65538414757249, -35.20128138016728, 833.5981370832963;
  -0.1548826327139977, -0.00333958019283402, 1.500776471179686, -23.30679832764821, -48.76872876129637, 882.6544763995182;
  0.476803194640845, 0.09919367635476718, 1.69661907223621, 219.3171913622999, -97.57238729991123, 767.209325578829;
  0.06986630643206951, 0.1422402067561857, 1.693608353038203, 244.3331568984354, -111.7211897455096, 839.5894063397777;
  -0.1802029350045414, -0.01143195802526133, 1.297622416129948, 160.5188597198579, -123.5230757220652, 892.0597982405571;
  0.01305225035840434, 0.1027280969252854, 1.658064764628367, 29.71098020563881, -39.15216652344531, 831.9739573406459;
  -0.07576832155773525, 0.03558631286324143, 1.532197202954417, -8.641039665953603, -52.96694519689196, 851.723045834457]
Image_points[418.88593, 78.895828, 410.70047, 113.09944, 403.13443, 146.89787, 395.71674, 179.92305, 398.12555, 92.835083, 390.56473, 126.41608, 382.88608, 159.6089, 375.49698, 192.19342, 385.51862, 72.430298, 377.88788, 106.0646, 370.6438, 139.36183, 363.50931, 171.92848, 365.67322, 86.091782, 358.27914, 119.32878, 351.00259, 151.95988, 343.93912, 184.12013, 353.38074, 66.099197, 346.31573, 99.398674, 339.26996, 132.00198, 332.11597, 164.10332, 334.22061, 79.496635, 327.13254, 112.15719, 320.11716, 144.41078, 313.14529, 176.40417, 322.10703, 60.065491, 315.59732, 92.965973, 308.81015, 125.01038, 301.94052, 156.54707, 304.05048, 73.551773, 297.16147, 105.62754, 290.07596, 137.23872, 283.55353, 168.69514, 292.15445, 54.393188, 285.79288, 86.425186, 278.86874, 118.13513, 272.11243, 149.39107, 274.56723, 67.254448, 267.77866, 98.983971, 260.9502, 130.31628, 254.64903, 161.33157, 263.09848, 48.549519, 256.53271, 80.162697, 250.00722, 111.28821, 243.41502, 142.41811;
  374.37769, 96.418053, 381.73273, 128.93404, 388.71216, 161.46513, 395.91263, 194.78087, 361.77716, 116.67251, 368.96616, 149.22896, 376.03506, 181.61601, 382.90567, 215.03828, 342.64053, 104.74998, 349.53915, 136.9191, 356.44525, 169.28012, 363.08914, 201.71198, 330.49106, 124.77392, 337.38705, 156.67984, 343.91812, 188.95844, 350.33423, 221.41016, 311.4971, 113.07822, 318.43826, 144.73074, 324.90918, 176.40338, 331.35855, 208.51131, 299.5462, 132.72287, 306.20288, 163.99634, 312.43942, 195.8101, 318.67365, 228.25381, 281.32773, 120.97332, 287.75577, 152.17291, 293.98975, 183.38008, 299.88312, 215.55977, 269.57642, 140.33073, 275.72495, 171.12457, 281.74573, 202.58836, 287.59259, 234.75104, 252.01599, 128.55756, 257.99454, 159.41328, 263.60065, 190.17757, 269.57816, 221.78226, 240.2941, 147.73431, 246.09247, 178.17873, 251.72404, 209.14699, 257.32458, 240.99911, 222.98697, 135.97644, 228.91493, 166.22577, 234.20802, 196.87108, 239.57191, 227.9747;
  316.07388, 115.16331, 314.92072, 150.48933, 313.67151, 184.84781, 312.34195, 218.64134, 298.66318, 132.13084, 297.61667, 166.69476, 296.62299, 200.53761, 295.24338, 233.74307, 282.39386, 113.9, 281.69202, 148.44119, 280.92065, 182.34114, 279.57706, 215.70639, 266.28708, 130.64078, 265.4202, 164.58435, 264.46268, 197.69283, 263.23431, 230.83725, 250.49623, 112.42256, 249.92116, 146.70232, 249.09294, 179.82233, 247.9364, 213.05367, 234.48386, 128.74948, 233.66493, 162.41006, 232.67587, 195.47665, 231.77501, 227.94667, 218.68724, 111.28696, 218.51277, 144.69231, 217.96707, 177.75471, 216.7648, 210.50688, 203.1927, 127.32054, 202.83905, 160.60361, 202.05174, 193.08473, 201.16864, 225.09677, 188.13142, 109.79935, 188.03699, 143.04877, 187.07631, 175.677, 186.35576, 207.97758, 172.97163, 125.76029, 172.63751, 158.48253, 171.66858, 190.84724, 171.23436, 222.45039, 158.48209, 108.58384, 158.11394, 141.49265, 157.30632, 173.26462, 156.91057, 205.43002;
  322.76694, 98.371368, 331.58264, 130.50125, 340.67532, 162.44945, 349.77563, 195.15698, 311.18408, 118.62968, 319.89413, 150.71315, 328.9353, 183.34418, 338, 216, 290.54352, 107.4249, 299.58621, 139.50458, 308.40604, 171.50429, 317.3252, 204.2225, 278.93185, 127.64782, 287.64505, 160.15573, 296.23874, 192.50777, 305.45645, 225.28188, 258.50058, 116.50996, 267.48651, 148.46141, 275.94662, 180.65929, 284.51492, 213.31781, 246.73566, 136.93777, 255.21793, 169.2097, 263.9039, 201.49182, 272.24579, 234.50639, 226.2188, 125.49529, 234.56645, 157.41534, 243.2308, 189.66223, 251.76974, 222.31151, 214.3582, 145.82123, 222.77112, 178.11449, 231.05663, 210.57057, 239.47948, 243.77379, 193.81648, 134.54584, 202.4713, 166.56192, 210.55713, 198.72348, 218.41321, 231.42911, 181.99852, 154.94662, 190.18039, 187.14296, 197.98984, 219.93053, 206.50923, 252.96651, 161.48009, 143.44556, 169.86388, 175.52693, 177.57281, 208.11618, 185.48909, 241.09595;
  311.64178, 97.706573, 318.91779, 129.66985, 325.77505, 161.61206, 332.77896, 194.60135, 299.43045, 117.64627, 306.19086, 149.58261, 312.97287, 182.25272, 320.01907, 215.36525, 280.19519, 105.97092, 286.82535, 137.62926, 293.62646, 169.72281, 300.28989, 202.51312, 267.96805, 125.74747, 274.62317, 157.72307, 280.78564, 189.60516, 287.37686, 222.50281, 249.25876, 114.09861, 255.82008, 145.60468, 262.30734, 177.28928, 268.37524, 209.35022, 237.43384, 133.97675, 243.44958, 165.18166, 249.36449, 197.12018, 255.27208, 229.55247, 218.80562, 122.10397, 225.17348, 153.41519, 230.92021, 184.78569, 236.65933, 216.71461, 206.97859, 141.61777, 212.62674, 172.85339, 218.02992, 204.32268, 223.56845, 236.66063, 188.85072, 130.10217, 194.71512, 160.97954, 200.13316, 192.00005, 205.37886, 223.97473, 176.92912, 149.02991, 182.35683, 179.95236, 187.28795, 211.55267, 192.6311, 243.70071, 159.22012, 137.61017, 164.80965, 168.18779, 169.55336, 199.20039, 174.33524, 230.84799;
  387.50748, 34.501072, 385.54135, 67.497749, 383.65942, 100.10531, 381.76166, 133.1244, 370.2034, 50.467762, 368.0242, 82.934059, 366.2608, 115.75034, 364.20685, 148.73123, 354.62369, 33.611816, 352.69254, 66.445389, 350.66217, 98.98259, 348.62476, 131.6833, 337.65091, 49.63311, 335.42371, 82.147888, 333.62134, 114.50349, 331.5, 147.50093, 322.5, 32.77486, 320.38791, 65.420197, 318.60535, 97.750977, 316.25906, 129.87306, 305.52621, 48.712044, 303.41315, 80.9785, 301.28207, 112.86144, 299.06241, 145.60486, 290.85403, 32.321102, 288.72195, 64.368988, 286.47626, 96.31356, 284.2648, 128.45569, 274.05405, 47.875484, 271.91336, 79.715797, 269.18857, 111.55579, 266.91299, 143.82245, 259.22269, 31.652248, 257.0235, 63.268303, 254.66942, 94.981895, 252.342, 126.83839, 242.80641, 47.00119, 240.287, 78.4786, 237.83728, 110.14147, 235.28625, 142.43153, 228.43945, 30.614155, 226.23134, 62.202011, 223.40935, 93.582611, 220.89561, 125.48713;
  549.43286, 36.113831, 547.08618, 67.960739, 544.95056, 99.214806, 542.68756, 130.84677, 533.57458, 51.655727, 531.2254, 83.517403, 529.07043, 115.02254, 527.0069, 145.97348, 519.77228, 35.066895, 517.36749, 67.344841, 515.09796, 98.95108, 513.25024, 130.25114, 503.33026, 50.956394, 500.98029, 82.886276, 499.39429, 114.42785, 497.73862, 145.86487, 489.146, 34.51915, 487.04108, 66.864555, 485.25421, 98.735275, 483.80222, 130.2728, 472.65701, 50.353981, 470.75769, 82.284492, 469.30267, 114.13211, 468.14102, 145.88695, 458.16953, 33.665409, 456.53955, 66.02356, 454.87289, 98.110435, 453.73215, 129.84052, 441.81772, 49.575897, 440.29654, 81.936089, 439.11728, 113.62186, 437.77591, 145.15416, 427.05301, 32.682472, 425.69992, 65.420998, 424.47913, 97.512703, 423.34689, 129.67915, 410.64731, 48.73587, 409.50604, 81.213646, 408.65274, 113.23777, 407.3844, 145.31306, 395.48407, 31.743605, 394.59766, 64.898735, 393.41702, 97.056648, 392.57068, 129.13591;
  508.45023, 21.799566, 505.8924, 57.344536, 503.31247, 91.984184, 500.82721, 126.20426, 489.04953, 39.917622, 486.9306, 74.760941, 484.17041, 108.89185, 482.17319, 142.74977, 472.49487, 22.673496, 470.29642, 57.862003, 468.27118, 91.688759, 466.14755, 125.35456, 454.08908, 40.666195, 452.10977, 74.76664, 450.181, 108.46663, 448.13599, 141.20734, 437.72366, 23.511904, 436.09375, 57.851303, 434.25162, 91.558891, 432.50525, 124.45232, 420.1839, 41.049911, 418.50934, 74.608086, 416.98267, 107.5813, 415.4382, 140.4014, 404.54071, 24.376429, 403.14731, 58.163441, 401.36887, 91.026428, 399.9899, 123.40382, 387.40552, 41.755116, 385.96173, 74.555305, 384.54315, 106.82673, 383.44464, 139.03246, 372.07898, 25.207027, 370.93124, 58.534916, 369.65384, 90.696266, 368.37515, 122.6419, 355.93765, 42.411804, 354.85669, 74.549042, 353.64578, 106.46778, 352.20462, 137.90102, 340.94556, 25.71734, 340.00775, 58.478592, 338.82553, 90.153023, 337.91705, 121.69207;
  481.93216, 37.540791, 479.23172, 74.506073, 476.3688, 110.27932, 473.87592, 145.56075, 462.43158, 56.112873, 459.73608, 92.06263, 457.3461, 127.18773, 454.94962, 161.52162, 445.25095, 38.029694, 443.07401, 74.056808, 441.15768, 109.27573, 439.18903, 143.59979, 427.08212, 56.35173, 425.17242, 91.532784, 423.17242, 125.60261, 420.93463, 159.23686, 410.93634, 38.841564, 409.31934, 73.890831, 407.56665, 108.07062, 405.46533, 141.44856, 393.69058, 56.753719, 392.22409, 90.701561, 390.46756, 124.1793, 388.51489, 157.10992, 378.45209, 39.484394, 376.91415, 73.537811, 375.50702, 106.70322, 373.72134, 139.68309, 361.97559, 56.83292, 360.81299, 90.14608, 359.1976, 122.52705, 357.8436, 154.83281, 347.25946, 40.168434, 346.03802, 73.568977, 344.84668, 105.86502, 343.36484, 137.94449, 331.85666, 56.889248, 330.88477, 89.340004, 329.1543, 121.15853, 328.28281, 152.76154, 317.78558, 40.699825, 316.61664, 73.061287, 315.62369, 104.90495, 314.40549, 136.19052;
  276.80576, 167.4827, 283.00455, 196.15964, 289.67755, 226.59853, 296.58353, 258.36893, 264.34134, 184.63986, 270.46326, 214.3773, 276.68393, 245.59026, 283.54398, 278.68738, 245.86298, 173.13702, 251.44228, 202.57779, 257.36343, 233.2251, 263.55225, 265.40067, 232.71313, 190.83748, 238.21291, 221.02538, 243.86006, 252.45129, 249.83745, 285.75052, 214.34312, 178.82109, 219.11925, 208.92763, 224.36473, 239.90732, 229.82091, 272.44171, 200.48225, 196.96101, 205.0695, 227.22731, 210.0049, 259.36887, 215.14841, 293.15024, 181.78955, 184.87531, 186.33179, 215.13768, 190.3125, 246.61728, 194.86287, 279.73215, 167.41095, 203.13174, 171.27678, 234.04123, 175.19267, 266.12042, 179.207, 301.0473, 148.71603, 190.93683, 152.17026, 221.44753, 155.90681, 253.49576, 159.27249, 287.0787, 133.70595, 208.99257, 136.739, 240.63838, 139.37431, 273.50598, 142.75313, 308.57919, 115.21352, 196.92561, 117.80323, 227.78278, 120.01623, 260.33966, 122.60336, 294.34695;
  301.77814, 173.35295, 308.78006, 202.02698, 315.95844, 231.31294, 323.63007, 262.51202, 290.25092, 190.78271, 297.16403, 219.88002, 304.3652, 250.02026, 311.74985, 281.92593, 272.04205, 179.164, 278.46332, 207.95923, 285.32794, 237.96822, 292.36676, 269.36676, 260.01178, 196.57237, 266.3428, 225.99945, 272.92007, 256.77176, 279.73169, 288.91479, 241.69887, 184.86996, 247.51372, 214.00214, 253.59766, 244.38991, 260.1489, 276.03812, 229.08363, 202.53824, 234.53804, 232.10992, 240.5, 263.5, 246.63431, 296.47073, 210.33038, 190.60939, 215.64375, 220.08766, 221.08165, 251.07579, 226.79855, 283.3877, 196.72096, 208.2406, 201.63179, 238.90994, 207.1293, 270.53845, 212.39819, 304.03732, 178.44901, 196.14348, 182.86661, 226.39362, 187.48451, 257.75854, 192.72133, 290.61288, 164.13362, 214.20682, 168.41681, 245.38962, 172.80907, 277.38004, 177.27069, 311.93777, 145.39857, 202.3662, 149.26729, 232.99234, 153.19493, 264.63257, 157.06921, 298.10892;
  403.93121, 187.47713, 411.19138, 216.24815, 419.09244, 245.94624, 426.84552, 277.10452, 393.14893, 204.54533, 400.23114, 233.94081, 408.00919, 264.42468, 415.87442, 296.33392, 375.2261, 192.5255, 382.14545, 222.09433, 389.74585, 252.03615, 397.05142, 283.32086, 363.96509, 209.79916, 370.87872, 239.79247, 378.40768, 270.39096, 385.99673, 302.56314, 345.97824, 197.97823, 352.89343, 227.59848, 359.98703, 257.79849, 367.22488, 289.51904, 335.00766, 215.37001, 341.2522, 245.53882, 348.03409, 276.53931, 355.39505, 308.96405, 316.95001, 203.26208, 323.01843, 232.89163, 329.60083, 264.00137, 336.40872, 295.6467, 304.98117, 220.91534, 310.99844, 251.34004, 317.3006, 282.45297, 323.91898, 315.63596, 287.03882, 208.90247, 292.78015, 238.88141, 298.87479, 269.87469, 305.00793, 302.32397, 274.69617, 226.28589, 280.28226, 257.17871, 286.21338, 288.78549, 292.48318, 322.27039, 256.6532, 214.1172, 262.02985, 244.54419, 267.52853, 276.00595, 273.10666, 308.85046;
  491.16641, 204.09064, 495.80328, 232.66966, 500.61267, 261.9393, 505.53583, 291.85742, 480.56589, 219.25221, 485.25504, 248.07509, 489.82144, 277.97705, 495.02457, 308.68802, 465.22031, 205.55888, 469.38217, 234.63239, 474.06381, 264.20541, 479.10345, 294.72791, 453.73563, 221.19205, 458.25027, 250.58566, 462.85001, 280.71179, 468.18353, 311.7955, 437.85526, 207.44772, 442.26746, 236.95784, 446.45709, 266.99213, 451.87857, 297.62103, 426.4325, 223.1606, 430.67453, 253.00107, 435.32318, 283.65164, 440.37411, 315.28748, 410.43716, 209.51718, 414.54636, 238.87459, 418.83481, 269.26358, 423.65469, 300.81155, 398.58008, 224.96028, 402.50345, 255.39189, 407.06653, 286.15125, 411.97681, 318.66052, 382.57385, 211.4675, 386.38245, 241.15807, 390.33273, 272.15985, 394.95496, 303.87827, 370.1012, 227.15938, 373.86221, 257.8786, 378.14301, 289.35587, 382.33838, 322.09933, 353.91501, 213.08882, 357.23883, 243.56636, 361.38687, 274.93213, 365.18677, 307.17526;
  602.00165, 190.97014, 596.95911, 222.21349, 592.24164, 252.25517, 587.92706, 281.34253, 581.21271, 205.24289, 576.95392, 235.89095, 572.6756, 264.88657, 568.83569, 293.63141, 565.52203, 188.23427, 560.96674, 219.13243, 557.26758, 248.39003, 553.61853, 277.58057, 545.77655, 202.27766, 541.91992, 232.17371, 538.39075, 261.3916, 535.24329, 289.75253, 530.12085, 185.54819, 526.55841, 215.75874, 523.53082, 244.91948, 520.41797, 273.75964, 511.36026, 199.15184, 508.56119, 228.75322, 505.68036, 257.5531, 502.77954, 286.27316, 495.95087, 182.85979, 493.29581, 212.56459, 490.69427, 241.66689, 488.06, 270.39334, 478.20816, 196.33105, 475.64899, 225.70015, 473.51831, 254.3161, 471.28223, 282.45337, 463.13467, 179.99754, 460.90311, 209.60133, 458.86212, 238.59721, 457.01724, 266.6806, 446.05005, 193.98808, 444.30627, 222.76181, 442.64157, 251.29562, 440.98886, 278.69495, 431.47787, 177.89726, 429.84415, 206.9668, 428.20148, 235.67708, 426.71268, 263.40976;
  609.66565, 86.080132, 603.36353, 119.0153, 597.27441, 150.34001, 591.56244, 180.3166, 588.13104, 101.2346, 582.25623, 133.17822, 576.94659, 163.29079, 571.62891, 192.84152, 573.05133, 83.511436, 567.41193, 115.65459, 562.06769, 146.1028, 557.51147, 176.09837, 552.67316, 98.337852, 547.83771, 129.19881, 543.12646, 159.16248, 538.59625, 188.20157, 537.80432, 80.883156, 533.14569, 112.04413, 528.86047, 142.36533, 524.64148, 171.69798, 518.78302, 95.277283, 514.4967, 126.01534, 510.57489, 155.35516, 506.88174, 183.87814, 504.22485, 78.331818, 500.50003, 109.11749, 496.66565, 138.97842, 492.91565, 167.83937, 486.3447, 92.679932, 482.90128, 122.69785, 479.54767, 151.54474, 476.12451, 179.57275, 472.45261, 76.032272, 469.02167, 106.33784, 466.14648, 135.61562, 462.99362, 163.66495, 455.51636, 90.130035, 452.50784, 119.59476, 450.03531, 147.82513, 447.0242, 175.58797, 441.92325, 73.966179, 439.1105, 103.64751, 436.55084, 132.30397, 434.1507, 159.93504;
  623.35498, 109.36212, 617.53162, 141.95398, 611.69385, 173.18019, 606.01862, 203.14243, 602.04785, 124.23327, 596.49377, 155.84116, 591.14166, 186.27153, 586.03992, 215.90575, 586.57465, 106.7309, 581.14331, 138.58479, 576.30957, 169.19221, 571.5, 198.99622, 566.10907, 121.73013, 561.47516, 152.43015, 556.86047, 182.26691, 552.57153, 211.48978, 550.92053, 104.54778, 546.67694, 135.71092, 542.5, 166.05171, 538.44971, 195.07387, 531.99188, 118.97484, 528.04486, 149.14639, 523.95886, 178.79962, 520.53265, 207.76511, 517.50085, 101.95098, 513.5, 133.05171, 510.04156, 162.24791, 506.44714, 191.3868, 499.05109, 116.22855, 495.83295, 146.14093, 492.39835, 175.18111, 489.13208, 203.69275, 484.94193, 99.854256, 481.7384, 129.81136, 478.69568, 159.14267, 475.74127, 187.49971, 467.91895, 114.02921, 464.82626, 143.43506, 462.00534, 172.0705, 459.38281, 199.66917, 453.84445, 97.830833, 451.18808, 127.26984, 448.57977, 156.20837, 446.04709, 184.21556;
  538.94879, 198.48822, 535.20148, 229.05861, 531.71643, 258.48117, 528.16431, 286.34769, 518.48889, 213.46429, 515.28198, 242.97041, 512.271, 271.37381, 509.75366, 298.59158, 501.56635, 196.9511, 498.75256, 227.34026, 496.28668, 255.76523, 493.85687, 283.91907, 482.28717, 211.61354, 479.93671, 240.68607, 478.25406, 268.87216, 476.41611, 296.33652, 465.31674, 195.25581, 463.67569, 225.26967, 462.10437, 253.67422, 460.7984, 281.70682, 447.06491, 209.55553, 445.90649, 238.54462, 444.74438, 266.78897, 443.71417, 294.31921, 430.384, 193.97076, 429.89987, 223.10393, 429.02039, 251.79065, 428.38434, 279.50449, 413.37274, 207.88838, 412.87698, 236.86163, 412.42661, 264.83786, 412.16046, 291.89932, 396.91385, 192.26938, 396.60977, 221.63641, 396.66556, 249.88597, 396.64111, 277.53149, 380.5094, 206.3089, 380.75626, 235.30084, 381.04507, 263.08383, 381.3981, 289.60602, 364.36224, 191.04991, 364.87863, 220.28607, 365.58093, 248.34561, 366.06119, 275.60141;
  495.51004, 174.87207, 493.9346, 207.02921, 492.72708, 237.63902, 491.34586, 267.29379, 476.97345, 191.26109, 475.81628, 222.28581, 474.76184, 252.06944, 473.97363, 281.54944, 459.92419, 175.54778, 459.07541, 206.8869, 458.43472, 237.00189, 457.65414, 266.70621, 442.05066, 191.49185, 441.67615, 221.78148, 441.34659, 251.68419, 441.1998, 280.76175, 425.086, 175.67664, 424.96713, 206.6207, 424.85532, 236.61302, 424.8475, 266.23322, 408.07135, 191.11246, 408.51199, 221.56645, 408.61774, 251.11186, 409.08871, 280.50931, 391.34766, 175.91182, 391.98975, 206.61775, 392.51904, 236.22426, 392.90613, 265.69244, 375.33395, 191.21159, 376.10764, 221.41054, 376.69241, 251.05035, 377.42126, 279.90292, 358.41702, 176.05664, 359.65344, 206.41235, 360.50162, 236.07686, 361.63998, 265.39468, 343.36716, 191.44505, 344.51349, 221.45872, 345.52139, 250.97932, 346.78445, 279.35538, 326.63599, 176.09514, 328.45743, 206.67947, 329.68311, 236.20299, 331.00977, 265.08813;
  478.91602, 165.32199, 477.99564, 198.00696, 477.62668, 229.0023, 476.66898, 259.11826, 461.19022, 182.41638, 460.71075, 213.74847, 460.32568, 244.15887, 460.12549, 274.38736, 443.89975, 166.54138, 443.77637, 198.25172, 443.62759, 229.01031, 443.70413, 259.53021, 426.76697, 182.86467, 426.99286, 214.01883, 427.06921, 244.43407, 427.50931, 274.47073, 409.69583, 167.68582, 410.19534, 198.84383, 410.6524, 229.40227, 411.35068, 259.69617, 393.34311, 183.62157, 394, 214.5, 394.55969, 245.03532, 395.51563, 274.87817, 376.32013, 168.16029, 377.35245, 199.32843, 378.25598, 229.87653, 379.16058, 259.98752, 360.53436, 184.31073, 361.76233, 215.03557, 362.59415, 245.20383, 364.0282, 275.01309, 343.80579, 169.12917, 345.24536, 200.03368, 346.54767, 230.54474, 347.55368, 260.577, 328.45215, 185.05388, 330.24918, 215.76062, 331.58325, 245.76907, 333.04651, 275.0585, 312.07782, 170.03531, 313.64996, 201.02328, 315.41202, 231.2838, 316.90665, 260.84158;
  290.99997, 94.217461, 300.47821, 125.70402, 309.86212, 156.76114, 319.38077, 188.26898, 279.54376, 114.47234, 289.30356, 145.97928, 298.81165, 177.23572, 308.60422, 208.55185, 259.18402, 103.03042, 268.71759, 134.80481, 278.5, 166.5, 288, 197.758, 247.81903, 123.36572, 257.51517, 155.51976, 267.32352, 187.11633, 277.28915, 218.61862, 226.58409, 111.99404, 236.57986, 144.1765, 246.6113, 176.11856, 256.40295, 207.66058, 215.37041, 132.76108, 225.13248, 164.65877, 235.17996, 196.84517, 245.01692, 229.00917, 193.69171, 121.02653, 203.71785, 153.4827, 213.95917, 185.58791, 223.50404, 218.0912, 181.767, 142.09729, 191.955, 174.58604, 201.92357, 206.94479, 211.98949, 239.48415, 159.61815, 130.39851, 169.87733, 163.45889, 180.14578, 195.92764, 189.96509, 228.55164, 147.35431, 151.85695, 157.91982, 184.85754, 168.01013, 217.28514, 178.34244, 250.16869, 124.98501, 140.02206, 135.20587, 173.16521, 145.63312, 206.04277, 155.85612, 239.33749;
  290.62784, 88.66851, 300.37494, 120.64259, 309.55713, 152.54715, 319.26413, 183.75476, 279.59921, 109.40798, 289.24997, 141.07993, 298.44882, 172.46777, 308.46143, 204.33005, 258.68475, 97.844353, 268.34329, 130.00267, 278.07825, 161.62546, 287.48068, 193.44234, 247.54498, 118.36036, 257.10641, 150.45862, 266.81177, 182.2635, 276.51126, 214.17311, 226.22054, 107.10935, 236.13165, 139.12109, 245.84489, 171, 255.50612, 203.1049, 214.62532, 127.49406, 224.57654, 159.66679, 234.3429, 191.74184, 244.00041, 224.08971, 193.24858, 116.40363, 203.43515, 148.48326, 213.31752, 180.62813, 222.92586, 213.0266, 181.83607, 137.01357, 191.84282, 169.45807, 201.35818, 201.60269, 211.06882, 234.16235, 160.10608, 125.57197, 170.09225, 158.05771, 179.99608, 190.48947, 189.41823, 222.9928, 148.17796, 146.68742, 158.25253, 179.03969, 167.81537, 211.51738, 177.97537, 244.30742, 126.29102, 134.9933, 136.19354, 167.63783, 146.05356, 200.42795, 155.77521, 232.97545;
  317.45746, 76.105583, 324.86237, 110.00407, 332.13879, 143.72551, 339.05338, 177.49142, 304.76471, 96.602615, 312.1037, 130.2094, 319.19897, 163.88074, 326.42004, 197.55212, 285.18619, 83.663643, 292.50476, 117.44807, 299.66199, 150.45496, 306.57278, 183.55659, 273.32574, 104.32475, 280.61395, 137.36647, 287.32687, 170.45432, 294.30258, 203.4883, 253.65062, 91.396217, 261.37604, 124.38923, 268.34824, 157.04616, 274.80472, 189.76654, 242.31488, 111.61234, 249.5, 143.97282, 256.16095, 176.39639, 262.6369, 209.35687, 223.87808, 98.626038, 230.81795, 131.15509, 237.64964, 163.24274, 243.97487, 195.64442, 212.24338, 118.29336, 219, 150.5, 225.51251, 182.54556, 231.96002, 214.62447, 194.02846, 105.73911, 201.08994, 137.69162, 207.43164, 169.44002, 213.78026, 201.70883, 183.0768, 125.14716, 189.66212, 156.87798, 195.65291, 188.49625, 202.0686, 220.36917, 164.97522, 112.75294, 171.96538, 144.07793, 178.08612, 175.67535, 184.19545, 207.17044;
  248.59973, 142.45744, 252.57309, 174.47968, 256.56079, 206.022, 260.05524, 237.32491, 234.5363, 160.50201, 238.5069, 192.68364, 242.38327, 224.45631, 246.33844, 255.94144, 215.52876, 146.38776, 219.99181, 179.13792, 224.37581, 211.36418, 228.45917, 243.35825, 200.79503, 164.78853, 205.3734, 197.60188, 209.61496, 230.36438, 213.91675, 262.50098, 181.03064, 150.3929, 185.8916, 183.70926, 190.35158, 216.76723, 195.15662, 249.50482, 166.0287, 169.63042, 170.74701, 203.12303, 175.4493, 236.20787, 180.14674, 269.3598, 145.27759, 154.58221, 150.34779, 189.06277, 155.4055, 222.38351, 160.02185, 256.04102, 129.45267, 174.196, 134.59276, 208.67487, 139.59956, 242.5428, 144.21623, 276.25287, 107.57056, 159.18361, 112.82804, 194.03764, 118.44437, 228.47583, 123.38057, 263.00439, 91.094299, 179.17722, 96.628189, 214.28009, 101.59299, 249.18318, 107.24851, 283.6452, 68.282623, 163.7778, 74.054794, 199.61566, 79.591576, 234.89519, 85.272881, 269.83258;
  255.43344, 135.51414, 258.27612, 168.27612, 260.68909, 200.17766, 263.16495, 232.06702, 240.54376, 153.40634, 243.38136, 185.67522, 245.59605, 217.67484, 247.83775, 249.80031, 222.43332, 137.63731, 225.04529, 170.76657, 227.60133, 203.16153, 230.51067, 235.52228, 206.75986, 155.54015, 209.48981, 188.39693, 212.53192, 221.0211, 215.30124, 253.62756, 187.84012, 139.89323, 191.09456, 173.45839, 194.13188, 206.23409, 196.81528, 239.28384, 171.8996, 157.96143, 175.05165, 191.33479, 178.17448, 224.83182, 180.98363, 257.57257, 152.45856, 142.08897, 155.77032, 176.17043, 159.00473, 209.49342, 162.02414, 243.29088, 135.87833, 160.48019, 139.03746, 194.25136, 142.37764, 228.2845, 145.36188, 262.15958, 115.64814, 144.17967, 119.11427, 178.94576, 122.49546, 213.13448, 125.70512, 247.21944, 98.698586, 163.13943, 102.29639, 197.66246, 105.7616, 232.26404, 108.8957, 266.38345, 77.729004, 146.88986, 81.482582, 181.91455, 84.679016, 216.69926, 88.300972, 251.22955;
  591.01324, 68.960892, 582.40894, 107.47923, 574.42255, 143.85979, 566.3006, 178.63481, 566.42377, 86.756439, 558.60889, 123.81979, 551.07404, 159.15445, 543.72504, 193.40965, 550.27081, 65.789177, 542.67279, 103.71032, 535.46191, 139.60522, 528.83813, 174.39029, 526.81421, 83.322952, 519.90271, 119.97645, 513.56232, 154.9966, 507.16611, 189.00922, 510.69156, 62.677849, 504.05927, 100.16361, 498.13129, 135.69034, 492.1152, 170.16074, 488.33447, 79.965904, 482.39651, 116.17485, 476.71765, 150.93863, 471.39871, 184.88234, 472.28076, 59.616127, 466.67267, 96.575058, 461.4877, 132.01471, 456.24597, 166.07109, 450.63235, 76.649551, 445.62729, 112.57032, 440.98407, 147.23241, 436.24753, 180.62016, 434.60922, 56.680386, 430.05646, 93.062103, 425.58566, 128.38017, 421.19464, 162.19464, 414.35098, 73.607597, 410.02002, 109.21323, 406.1116, 143.49309, 402.13583, 176.53717, 398.50281, 53.636227, 394.75772, 90.020676, 390.74707, 124.57462, 386.98837, 158.21417;
  603.25543, 99.862587, 592.40631, 137.94914, 581.73932, 174.04398, 571.57123, 208.52107, 576.7616, 115.70148, 566.44434, 152.20239, 556.69342, 187.353, 547.41583, 221.35664, 561.46002, 93.490227, 551.42554, 130.42493, 542.01099, 165.86905, 533.06946, 200.12337, 536.82703, 108.78656, 527.38129, 144.62976, 518.81104, 179.1994, 510.44495, 212.67821, 521.73358, 87.412514, 512.96045, 123.56225, 504.4624, 158.62877, 496.45038, 192.13011, 498.27869, 102.38896, 490.3844, 137.66298, 482.49677, 171.77477, 474.72464, 204.66992, 483.81497, 81.373795, 476.22867, 116.97941, 468.63058, 151.15712, 461.04947, 184.48232, 461.9585, 96.228378, 454.70782, 130.89172, 447.51572, 164.52283, 440.60468, 196.77805, 447.86969, 75.641754, 440.89252, 110.71815, 433.94705, 144.38722, 427.3851, 177.19264, 426.94971, 90.481171, 420.64261, 124.41818, 414.0141, 157.50034, 407.9704, 189.528, 413.72885, 70.244339, 407.31744, 104.62073, 400.93069, 137.84695, 394.79291, 169.98119;
  545.04529, 100.36703, 538.88776, 135.96626, 533.50128, 170.36018, 527.87732, 203.91476, 523.49402, 116.71693, 517.62689, 151.70886, 512.46991, 185.47392, 507.491, 218.62813, 507.65582, 97.829651, 502.28366, 132.62576, 497.29333, 166.63553, 492.7276, 200.52191, 486.6424, 113.77016, 481.82004, 148.31776, 477.22882, 181.62709, 472.97397, 214.88472, 471.19458, 94.939209, 466.57297, 129.66861, 461.92484, 163.5312, 457.68759, 196.70558, 451.07642, 111.1651, 446.73849, 145.1741, 442.56525, 178.50055, 438.7717, 211.35077, 435.83517, 92.419006, 431.45026, 126.78891, 427.71481, 160.55649, 424.00745, 193.34964, 416.15369, 108.48466, 412.59448, 142.3206, 408.97809, 175.30338, 405.29358, 207.85069, 401.11304, 89.951286, 397.62451, 123.95798, 393.92398, 157.17911, 390.53644, 190.00473, 382.83456, 105.68231, 379.09497, 139.41908, 375.77905, 172.17972, 372.66843, 204.31648, 367.58859, 87.508713, 364.51053, 121.39618, 361.46143, 154.24239, 358.40411, 186.64799;
  521.9762, 101.65533, 517.50696, 136.39856, 513.02649, 170.5506, 509.12924, 203.58038, 501.74545, 118.40346, 497.61285, 152.46216, 493.36832, 186.05116, 490.03149, 219.05075, 486.24719, 99.960251, 482.0412, 134.68372, 477.92242, 168.30382, 474.40009, 201.4377, 466.29541, 116.65068, 462.88766, 150.49199, 459.04974, 183.65366, 456.13489, 216.55486, 450.84955, 98.370857, 447.10626, 132.72606, 444.01236, 165.91248, 440.73526, 199.16742, 431.95755, 114.65759, 428.42804, 148.45753, 425.33487, 181.34198, 422.57764, 214.31476, 416.07077, 96.669197, 413.10617, 130.81256, 409.98782, 163.86681, 407.34958, 196.63109, 397.69351, 112.73457, 394.8194, 146.33382, 392.05252, 179.49112, 389.50641, 212.02542, 382.11792, 95.000137, 379.48431, 128.68594, 377, 162.09691, 374.39429, 194.60791, 364.11688, 111.15415, 361.75433, 144.56033, 359.43793, 177.41319, 356.99316, 209.77087, 349.03622, 93.30262, 346.71805, 126.9848, 344.42477, 159.84363, 342.13986, 192.46626;
  461.18307, 112.29785, 461.46808, 145.05721, 461.61923, 177.76221, 461.91681, 209.98849, 445.04404, 129.51355, 445.211, 162.21597, 445.60757, 194.97044, 446.61948, 227.366, 428.58142, 113.67088, 428.6806, 146.92638, 429.28775, 179.57704, 430.01627, 212.09595, 412.35205, 131.23787, 412.43253, 164.0939, 413.52655, 196.65495, 414.54108, 229.35468, 395.52414, 115.40563, 396.18338, 148.50931, 396.77036, 181.43849, 398.05875, 214.24046, 379.51324, 132.71852, 380.216, 165.85565, 381.36877, 198.57774, 382.45029, 231.33875, 362.69043, 116.8017, 363.53699, 150.37692, 364.50024, 183.28223, 365.74976, 216.3519, 346.51843, 134.60045, 347.61288, 167.67807, 348.67123, 200.6127, 349.97006, 233.67769, 329.4494, 118.51693, 330.668, 152.16379, 331.77386, 185.44362, 333.12875, 218.39481, 313.5787, 136.44598, 314.93509, 169.49182, 316.20065, 202.53964, 317.57364, 236.06166, 296.6416, 120.25925, 297.7283, 153.78426, 299.01645, 187.03526, 300.41556, 220.41753;
  394.08582, 113.39819, 402.46976, 143.01099, 410.09979, 172.49591, 418.5354, 202.57613, 383.75739, 131.9176, 391.63843, 161.63893, 399.82709, 191.51727, 407.98111, 221.59702, 364.90799, 120.72737, 372.96747, 150.74991, 380.96854, 180.07611, 388.9375, 210.49156, 354.02786, 139.31114, 361.98105, 169.09073, 369.93625, 199.25291, 378.00375, 229.52065, 335.06317, 128.15193, 343.10489, 158.2261, 350.99036, 188.13731, 358.93463, 218.39117, 324.08551, 147.06198, 331.96338, 176.97696, 339.96265, 206.92371, 348.05026, 237.59636, 305.42914, 136.03299, 313.09048, 165.84206, 320.87, 195.82823, 329, 226.23036, 294.1904, 154.8756, 301.92807, 184.80116, 309.78296, 214.89212, 317.54794, 245.59422, 274.96973, 143.81116, 283.04813, 173.71014, 290.53711, 203.99846, 298.53708, 234.37279, 264, 162.5, 271.57541, 192.59561, 279.26636, 223.06097, 287.16379, 254.07243, 245.04451, 151.41595, 252.34752, 181.41142, 260.0134, 211.95372, 267.83105, 242.45602;
  366.24057, 134.77669, 367.75134, 168.24866, 369.64047, 201.24371, 371.18256, 233.91112, 350.65131, 152.47211, 352.46185, 185.41597, 354.34604, 217.98833, 356.10315, 250.55199, 333.90802, 136.93797, 335.75763, 169.81293, 337.88846, 202.11366, 339.62741, 234.61967, 319.35098, 154.46405, 321.64853, 186.63924, 323.06924, 218.68092, 324.58209, 250.65019, 303.05621, 139.33269, 305.15652, 171.43123, 307.16171, 203.28079, 308.44855, 235.11465, 289.04196, 156.3013, 290.95801, 187.95802, 292.79474, 219.52132, 294.25259, 251.3663, 273.13116, 141.35059, 274.91397, 172.96092, 276.98785, 204.08208, 278.43469, 235.70819, 259.27786, 158.00012, 261.30032, 189.2189, 263.04691, 220.28574, 264.33823, 251.51472, 243.98503, 143.13489, 246.08923, 174.30704, 247.88606, 205.40514, 249.09766, 236.21672, 230.88832, 159.82677, 232.49362, 190.56958, 234, 221.22545, 235.80376, 252.054, 215.58778, 145.2684, 217.47414, 175.95522, 218.96942, 206.5062, 220.7216, 236.95879;
  360.31177, 140.73428, 361.58649, 174.63139, 362.71191, 207.769, 363.96069, 240.5332, 344.66339, 158.44373, 346.04037, 191.62361, 347.44186, 224.07623, 348.60242, 256.47467, 327.81522, 142.31122, 329.53549, 175.49141, 330.83246, 207.83246, 332.21732, 240.49492, 313.22195, 159.43741, 314.61612, 191.8322, 316.0986, 224.05496, 317.08698, 256.01971, 296.86212, 143.6181, 298.54837, 176.18355, 300.25333, 208.21379, 301.20233, 240.10463, 282.54272, 160.57556, 284.20264, 192.25365, 285.50824, 223.87773, 286.74976, 255.58667, 266.76675, 144.88081, 268.54248, 176.77989, 270.04395, 208.20404, 271.0701, 239.83488, 252.95856, 161.25951, 254.48665, 192.7292, 255.63318, 224.16705, 257.08734, 255.08896, 237.2711, 146.07208, 239.09641, 177.58591, 240.49973, 208.68103, 241.69633, 239.57642, 223.92067, 162.3486, 225.55385, 193.49393, 226.72913, 224.21236, 228.23936, 254.55516, 208.81561, 147.25662, 210.63962, 178.35373, 211.8797, 208.90733, 213.33563, 239.39037;
  334.08264, 211.61067, 339.95615, 241.15747, 345.45865, 269.50806, 350.84003, 297.64059, 321.73627, 229.75458, 327.29257, 258.48682, 333.1008, 286.76706, 338.83112, 314.82938, 302.9476, 217.99699, 308.93237, 247.11072, 315.04062, 275.68973, 321, 304.00555, 290.5, 235.86354, 296.80817, 264.5065, 302.98953, 293.02606, 309.02823, 321.1723, 271.72644, 223.96153, 278.18292, 253.32275, 284.52579, 281.97043, 290.67081, 310.39258, 259.13394, 242.03262, 266.01633, 271.08807, 272.32513, 299.82086, 279, 328, 240.0154, 230.45352, 247.0567, 259.79596, 254.02098, 288.4281, 260.47287, 317.18283, 227.93044, 248.27026, 235, 277.25378, 241.79649, 306.22, 248.42186, 334.75394, 208.18767, 236.68794, 215.69977, 266.06421, 222.89322, 295.20947, 229.76271, 323.93893, 196.24208, 254.69258, 203.60434, 284.12244, 210.72943, 313.06299, 218.31979, 341.47797, 176.46994, 243.05241, 184.28375, 273.00528, 191.74806, 302.04529, 198.95224, 330.7915;
  333.92691, 207.78279, 339.94366, 237.40593, 345.71979, 266.20544, 351.12863, 294.71808, 321.27625, 225.91292, 327.38681, 255.0874, 333.3812, 283.79385, 339.19183, 311.98969, 302.86044, 214.42398, 309.16141, 243.79565, 315.16937, 272.5, 321.21381, 301.26715, 290.6633, 232.34579, 297.00537, 260.9552, 303.24167, 289.96927, 309.49551, 318.75708, 271.90689, 220.60309, 278.33963, 250.01959, 285, 279, 291.34833, 307.97006, 259.39651, 238.37715, 266.50537, 267.84518, 273.16141, 296.91376, 279.40442, 325.75381, 240.56079, 226.7043, 247.83269, 256.26526, 254.50258, 285.52185, 261.11826, 314.84784, 228.59953, 245.00447, 235.76619, 274.17267, 242.54651, 303.56207, 249.27623, 332.2818, 209.24223, 233.04694, 216.60178, 262.67279, 223.89771, 292.31757, 230.68999, 321.31, 197.40169, 251.41852, 204.66095, 281.02527, 211.74347, 310.36465, 218.93378, 339.15884, 177.62695, 239.73766, 185.58203, 269.59296, 192.77426, 299.13834, 200.12711, 328.08209;
  354.94531, 193.82498, 357.80655, 224.29535, 360.58737, 254.73526, 362.9437, 284.87332, 341.15118, 210.12439, 343.65945, 240.50998, 346.69821, 270.47226, 349.06589, 300.47598, 324.12103, 196.02994, 327.14273, 226.17371, 330.05643, 256.19543, 332.91959, 286.10172, 310.21439, 211.95088, 313.61035, 242.08315, 316.40988, 271.81705, 319.20016, 301.64151, 293.84329, 197.92488, 297.00781, 228.11191, 299.9975, 257.72861, 302.7699, 287.79935, 280.49136, 213.96254, 283.78967, 243.66986, 286.4762, 273.35544, 289.00095, 302.95422, 264.00613, 199.92252, 267.11581, 229.74776, 270.21844, 259.30722, 272.88708, 289.05466, 251.15179, 216.01161, 254.05211, 245.42761, 256.87152, 275.01889, 259.51096, 304.4559, 234.6364, 201.98578, 237.88864, 231.57944, 240.86725, 261.08624, 243.5, 290.5, 221.59604, 217.57817, 224.89165, 247.07445, 227.55016, 276.50421, 230.42203, 305.92532, 205.5314, 204.01004, 208.88023, 233.08171, 211.72612, 262.60358, 214.5547, 292.03418;
  358.7706, 197.27899, 358.26965, 228.63725, 357.50864, 258.88037, 356.75668, 288.68701, 342.93335, 212.18367, 342.20584, 242.89236, 341.79053, 272.49326, 341.08542, 302.36404, 327.35123, 195.99017, 327.24866, 226.8689, 327.01343, 256.56149, 326.28326, 286.38568, 312.05463, 210.96613, 312.03229, 240.73219, 311.6965, 270.35742, 311.17398, 299.75137, 297.0011, 194.87442, 297.02188, 224.88893, 297.11322, 254.56143, 296.81152, 284.13507, 282.22226, 209.16942, 282.28088, 238.84146, 282.21103, 268.4556, 281.89227, 297.84808, 267.26572, 193.26573, 267.90363, 223.16434, 267.61011, 252.60765, 267.11911, 282.1073, 253.04834, 207.54892, 253.01752, 237.08162, 252.84875, 266.34726, 252.67921, 295.38165, 238.29707, 191.98055, 238.45677, 221.52937, 238.63837, 251.1364, 238.52737, 280.06137, 224.24007, 206.28429, 224.36626, 235.62062, 224.1701, 264.65067, 224.47519, 293.5047, 209.61989, 191.08765, 210.22861, 220.37936, 210.12927, 249.52463, 210.25395, 277.96915;
  300.50986, 214.84978, 299.93332, 244.88364, 298.8699, 273.85889, 298.05542, 302.16248, 284.14978, 229.39719, 283.53455, 258.94934, 283.0943, 287.29343, 282.2984, 315.50568, 268.48349, 213.83406, 268.18402, 243.6024, 267.74005, 272.44287, 267.41174, 300.76349, 252.55946, 228.1586, 252.53552, 257.57175, 252.1259, 286.4718, 251.93604, 314.43652, 236.50546, 212.61104, 236.86571, 242.25801, 236.82233, 271.35226, 236.81113, 300.30579, 220.70328, 226.64331, 221.38785, 256.42502, 221.4158, 285.37869, 221.22493, 313.92462, 204.62807, 210.79121, 205.18529, 240.76086, 205.4449, 270.38718, 205.76227, 299.30649, 189.23224, 225.42087, 189.76309, 255.30167, 190.12718, 284.53998, 190.77522, 313.44278, 172.61516, 209.49788, 173.64955, 239.81749, 174.20448, 269.43716, 174.88278, 298.38257, 157.41019, 224.00488, 158.42757, 254.29445, 158.7036, 283.72849, 159.94485, 312.48169, 140.96263, 208.14833, 141.93768, 238.82222, 142.57378, 268.5542, 143.80653, 297.70416;
  225.55203, 206.47516, 228.59192, 235.57152, 230.73827, 263.93622, 233.11263, 292.2561, 211.45383, 223.12495, 214.0334, 252.27663, 216.59193, 280.6358, 219.2495, 308.50385, 194.34117, 210.04488, 197.25085, 239.64697, 199.9323, 268.56027, 202.70233, 297.11429, 179.52657, 226.93143, 182.6264, 256.48389, 185.58154, 285.47354, 188.70024, 314.15778, 161.58455, 213.7905, 165.01994, 243.75955, 168.42926, 273.26331, 171.52499, 302.50314, 146.91296, 230.97441, 150.32794, 260.81256, 153.53923, 290.4548, 157.02603, 319.74594, 128.11853, 217.77382, 131.94249, 248.1581, 135.54901, 278.25223, 139, 308, 113, 235.23102, 116.99545, 265.7121, 120.62304, 296.11841, 124.05117, 325.8244, 93.560715, 221.7281, 97.894745, 252.91371, 101.8204, 283.67206, 105.54424, 313.80911, 78.332138, 239.729, 82.423676, 270.94321, 86.366776, 301.46481, 90.790199, 331.66977, 58.197704, 225.88235, 62.525444, 257.82758, 67.022858, 288.87799, 71.281128, 319.70789;
  231.5648, 189.9929, 235.65262, 219.63121, 239.79164, 248.48712, 243.87271, 276.8443, 217.69873, 206.76105, 222.43698, 236.1651, 226.67514, 264.98428, 230.85825, 293.12335, 199.53418, 193.55914, 204.34753, 223.37068, 209.03893, 252.42862, 213.47525, 281.13745, 186.33768, 210.65361, 191.18327, 239.93654, 195.85085, 268.94342, 200.58868, 297.57614, 167.51949, 197.17427, 172.7635, 226.99352, 177.85683, 256.48593, 182.56877, 285.60291, 154.23894, 214.04008, 159.60939, 243.91167, 164.45662, 273.08054, 169.17538, 302.37253, 135.22728, 200.84651, 140.52597, 230.94507, 145.79352, 260.58484, 151.06648, 289.96741, 121.51277, 218.05612, 127.23997, 248.11935, 132.50473, 277.6875, 137.55238, 306.92136, 102.12005, 204.54042, 107.98899, 234.93597, 113.43563, 265.11951, 118.83379, 294.85733, 88.456085, 221.685, 94.569298, 252.12267, 99.938309, 282.16061, 105.52837, 311.81534, 68.671593, 208.31281, 74.889244, 239.06216, 80.455643, 269.28662, 86.285378, 299.03854;
  313.35568, 167.13451, 314.97165, 198.01106, 316.73593, 228.09146, 318.50977, 257.50006, 298.28354, 183.07317, 300.54309, 213.48703, 302.3472, 243.03336, 304.3215, 272.53275, 282.07373, 168.19125, 284.05191, 198.93115, 286.34921, 228.52295, 288.11633, 257.89975, 267.77933, 183.89528, 270.04153, 213.95847, 272.18048, 243.41135, 274.07822, 272.82465, 251.14366, 169.16322, 253.74052, 199.15662, 256.00812, 228.96553, 258.08365, 258.93283, 237.05794, 184.42148, 239.84032, 214.70045, 242.05444, 244.33929, 244.16606, 273.6601, 220.65007, 169.7323, 223.37253, 199.97124, 225.76212, 229.78735, 227.88332, 259.39783, 206.73373, 185.38773, 209.29906, 215.44243, 211.76221, 245.06596, 214.26178, 274.47464, 189.89891, 170.49738, 192.92375, 200.86484, 195.67062, 230.43893, 198.03899, 260.28601, 176.52997, 186.15648, 179.1351, 216.24634, 181.9142, 245.90463, 184.65691, 275.15475, 160.01772, 171.25322, 162.7634, 201.52061, 165.74054, 231.52071, 168.12383, 260.90634;
  348.58362, 160.06915, 350.2634, 191.5351, 352.24567, 222.28513, 353.80597, 252.59209, 333.63733, 176.11057, 335.474, 207.14221, 337.60669, 237.49266, 339.31708, 267.46954, 317.03842, 160.93155, 319.17596, 192.04245, 321.35483, 222.29247, 323.40225, 252.30411, 302.89063, 176.88324, 305.41507, 207.04788, 307.63806, 237.08067, 309.41449, 267.06787, 286.67691, 161.63484, 289.18454, 192.10345, 291.84653, 222.31783, 293.60312, 252.1431, 273.16302, 177.14098, 275.68539, 207.20464, 277.89227, 237.16025, 280.06717, 266.58948, 257.08844, 162.32126, 259.93134, 192.40384, 262.0777, 222.20975, 264.13757, 251.91063, 244.03677, 177.70648, 246.34229, 207.55859, 248.89949, 237.14314, 250.97673, 266.4975, 228.10599, 162.8085, 231.00441, 192.8717, 233.36501, 222.76045, 235.54736, 251.60756, 215.47366, 178.21199, 218.1353, 207.82962, 220.43936, 237.16725, 223.04071, 266.13174, 199.7912, 163.41721, 202.94135, 193.35904, 205.07224, 222.53333, 207.55661, 251.53531;
  366.82147, 160.24937, 369.36734, 192.54176, 371.65842, 223.90724, 374.21375, 254.6577, 352.34711, 177.03136, 354.8544, 208.37125, 357.41901, 239.09579, 359.89218, 269.78687, 335.2901, 161.20969, 338.2131, 193.02896, 340.95645, 223.61702, 343.5137, 254.02417, 321.76379, 177.60184, 324.78229, 208.08778, 327.22391, 238.55644, 329.95529, 268.69125, 305.20425, 162.21616, 308.24799, 193.07133, 311.15085, 223.35559, 313.91089, 253.51843, 292.09528, 178.01993, 295.48425, 208.26733, 298.11642, 238.00885, 300.8558, 267.98505, 276.26511, 162.87808, 279.5365, 193.44716, 282.67389, 223.38438, 285.04611, 252.98822, 264.07245, 178.3855, 266.81699, 208.31842, 269.58557, 238.14894, 272.50027, 267.51901, 248.05325, 163.85718, 251.54056, 193.69499, 254.60246, 223.33533, 257.43198, 252.63683, 236.3891, 179.1839, 239.35951, 208.51823, 242.1667, 237.97108, 245.37018, 266.61545, 221.36501, 164.76045, 224.45128, 194.39095, 227.3886, 223.3537, 230.276, 252.0473;
  371.50766, 161.24602, 374.16129, 193.60558, 376.4191, 225.18379, 379.37305, 256.14651, 356.90979, 178.04587, 359.66595, 209.32942, 362.43857, 240.19203, 364.90439, 270.9509, 340.09482, 162.15297, 342.99927, 193.92715, 345.91568, 224.67755, 348.51312, 255.13986, 326.35312, 178.18614, 329.52386, 209.18011, 332.04736, 239.55722, 334.79938, 269.87695, 309.90625, 162.97176, 313.1088, 193.92426, 316.20639, 224.40594, 319.01749, 254.45134, 297.06906, 178.82208, 300.42545, 209.16403, 303.03409, 238.98811, 305.87967, 268.98691, 281.12476, 163.83517, 284.82355, 194.31183, 287.83432, 224.19812, 290.0856, 253.90234, 268.86865, 179.39633, 271.94543, 209.24176, 274.84421, 238.85278, 277.74435, 268.10266, 253.3438, 164.66579, 256.60178, 194.5959, 259.69891, 223.92328, 262.48416, 253.21194, 241.74377, 179.89235, 244.51634, 209.50952, 247.49356, 238.4743, 250.55949, 267.19272, 226.49356, 165.4743, 229.85651, 194.73993, 232.73157, 223.60571, 236, 252.5;
  482.11426, 182.85356, 477.03003, 214.53818, 472.37775, 244.82922, 467.63293, 273.90326, 462.1265, 196.69388, 457.64758, 227.27179, 453.43985, 256.21982, 449.27744, 285.19272, 446.99066, 178.54211, 442.87448, 209.63605, 439.18356, 239.16476, 435.0961, 268.10681, 428.33026, 192, 424.51382, 222.00339, 421.16205, 251.26381, 417.32755, 279.4678, 413.23233, 173.94028, 409.90869, 204.75102, 407.00714, 234.34444, 403.47852, 262.96429, 395.4184, 187.41383, 392.37234, 217.15778, 389.48639, 246.23999, 386.66898, 274.48499, 380.59586, 169.89946, 378.06393, 200.18228, 375.1431, 229.61302, 372.73279, 258.14459, 363.53232, 182.95703, 361.07666, 212.78716, 358.83594, 241.59653, 356.37897, 269.60983, 348.98849, 165.83891, 346.95648, 195.86491, 344.85138, 225.08778, 342.46399, 253.45865, 332.52643, 178.89717, 330.9137, 208.47235, 328.90714, 237.13274, 326.94269, 264.79706, 318.1944, 162.10396, 316.64368, 191.80905, 315.18274, 220.63016, 313.4313, 249.01064;
  488.84708, 132.1676, 492.9556, 161.60187, 497.47339, 190.62199, 501.87967, 219.94983, 476.09106, 149, 480.55331, 178.41277, 484.87863, 207.41029, 489.32785, 236.54968, 459.18497, 136.48036, 463.51385, 165.85602, 468.18256, 194.75871, 472.87054, 224.16632, 446.81583, 153.41699, 451.15466, 182.52878, 455.72702, 211.49207, 460.19537, 240.78238, 429.86353, 140.98415, 434.13773, 170.08183, 438.84085, 199.15468, 443.34525, 228.56459, 417.34906, 157.5806, 421.89041, 186.83496, 426.61816, 215.70482, 431.07852, 245.10893, 400.66937, 145.46999, 404.92984, 174.58594, 409.66937, 203.46999, 414.21439, 232.51233, 387.99371, 162.21754, 392.88184, 191.12149, 397.65927, 220.01485, 402.15445, 249.38797, 371.302, 149.44725, 375.98721, 178.6779, 380.59036, 207.61847, 385.10736, 236.84059, 359.28235, 166.56447, 363.87991, 195.12239, 368.67215, 224.45032, 373.08755, 253.61761, 342.71317, 153.88118, 347.12338, 183.01228, 351.89355, 211.97067, 356.45804, 240.92426;
  493.40527, 132.08446, 497.6936, 161.57761, 501.93607, 190.99443, 506.41019, 220.38156, 480.79367, 148.94487, 484.92886, 178.54187, 489.24387, 207.71014, 493.59476, 237.12802, 463.65536, 136.45059, 467.83417, 165.98032, 471.97839, 194.98149, 476.75229, 224.44693, 450.99423, 153.35042, 455.22208, 182.48576, 459.73038, 211.50441, 463.95895, 241.02148, 433.90778, 140.91531, 438.10162, 169.99643, 442.9407, 199.03856, 447.0322, 228.26863, 421.33377, 157.51741, 425.68994, 186.46033, 430.15424, 215.46948, 435.07675, 245.0184, 404.60547, 145.06071, 409, 173.96703, 413.32251, 203.29933, 417.95273, 232.26921, 391.88794, 161.75909, 396.43423, 190.48625, 400.94424, 219.76448, 405.39114, 248.82892, 375.21527, 149.49182, 379.8548, 178.3367, 384.26016, 207.2988, 388.72983, 236.27922, 363.31595, 165.77731, 367.83279, 194.79515, 372.22034, 223.62897, 376.28452, 252.99405, 346.71597, 153.55568, 351.22052, 182.43552, 355.60352, 211.16846, 359.96262, 240.37915;
  557.35571, 156.26077, 556.4043, 186.11705, 555.49561, 214.86377, 554.39099, 243.03336, 542.14783, 172.92084, 541.13226, 202.23674, 540.21851, 230.53255, 539.89703, 258.64554, 527.28223, 159.23941, 526.73712, 189.172, 526.00037, 217.77933, 525.69153, 246.50659, 511.82706, 175.65413, 511.22095, 205.18367, 511.06567, 233.73422, 511.24118, 262.45755, 496.8038, 162.22792, 496.66504, 192.31905, 496.40878, 221.18639, 497.03061, 249.73285, 481.33002, 178.70415, 481.39471, 208.3325, 482.1546, 237.29924, 482.66611, 265.73602, 466.03644, 165.12038, 466.41495, 195.13376, 466.8187, 224.57259, 467.66293, 253.53326, 450.96033, 181.89264, 451.69775, 211.54892, 452.64337, 240.66608, 453.31149, 269.4725, 435.25739, 168.08949, 435.98666, 198.37418, 436.98392, 227.97226, 438.20273, 256.85461, 420.37869, 185.01898, 421.56671, 214.92166, 423.12732, 244.44717, 424.03473, 273.22382, 404.55444, 171.18619, 405.89526, 201.62701, 407.16827, 231.40137, 408.85629, 260.6358;
  376.60449, 117.09274, 377.59473, 148.26109, 378.68228, 179.14572, 379.45779, 209.73048, 361.18408, 133.75964, 362.47198, 164.67937, 363.74527, 195.1638, 364.76285, 225.43437, 345.26575, 118.96741, 346.39276, 149.89375, 347.46112, 180.63081, 349.03314, 211.07065, 330.19867, 135.2023, 331.86713, 166.08902, 332.95181, 196.49277, 334.13983, 226.79272, 314.00055, 120.58271, 315.5, 151.47206, 317.03342, 182.03398, 318.49521, 212.56178, 299.39276, 136.89375, 300.86893, 167.69908, 302.18436, 198.09557, 303.92697, 228.44623, 283.13785, 122.2289, 284.86209, 153.11949, 286.52164, 183.53726, 287.97165, 213.98894, 268.69412, 138.64035, 270.24451, 169.21317, 271.95343, 199.7347, 273.57062, 229.76695, 252.60695, 123.89438, 254.40213, 154.73993, 256.08069, 185.09317, 257.5087, 215.51735, 238.22534, 140.22578, 240.06766, 170.78854, 241.94376, 201.07191, 243.52164, 231.53726, 222.25902, 125.55424, 224.24782, 156.18353, 225.93738, 186.81229, 227.4567, 216.94897;
  370.22394, 115.09278, 371.62534, 146.19394, 372.9165, 177.09598, 374.34534, 207.76935, 355.38028, 131.91643, 356.62509, 162.68752, 358.14734, 193.05179, 359.52115, 223.79166, 338.99902, 117.3173, 340.67203, 148.40073, 342.22058, 178.81308, 343.75061, 209.33751, 324.45932, 133.89751, 326.1207, 164.35605, 327.69675, 194.87782, 329.27917, 225.11412, 308.19696, 119.21711, 310.00592, 150.00165, 311.54651, 180.55087, 313.09845, 211.04172, 293.88321, 135.61111, 295.59647, 166.21756, 297.12057, 196.55666, 298.89944, 227.06902, 277.87589, 121.15155, 279.75732, 151.95877, 281.30728, 182.20372, 282.82523, 212.63782, 263.5, 137.5, 265.00143, 168.03531, 266.96719, 198.35614, 268.5152, 228.7798, 247.61618, 123.10132, 249.27475, 153.71024, 251.04553, 184.07722, 252.57385, 214.31154, 233.52136, 139.43033, 235.18211, 169.98824, 236.82718, 200.11403, 238.50107, 230.53432, 217.35425, 124.92005, 219.4109, 155.48785, 220.93777, 185.94283, 222.36191, 216.18742;
  359.38672, 112.27295, 360.90729, 143.06096, 362.99768, 173.21773, 364.85486, 203.72008, 344.97165, 128.98894, 346.6268, 159.20084, 348.5397, 189.5632, 350.7402, 220.17676, 328.88135, 114.99182, 330.51819, 145.25203, 332.5, 175.52794, 334.48102, 205.84969, 314.67761, 131.18767, 316.5, 161.47206, 318.44424, 191.81329, 320.12073, 222.12971, 298.55826, 117.17152, 300.54651, 147.55087, 302.46674, 177.58281, 304.08365, 207.87425, 284.66937, 133.53001, 286.67215, 163.54968, 288.32318, 193.78833, 290.0647, 224.20467, 268.55728, 119.43597, 270.6868, 149.6481, 272.30588, 179.83762, 274.02435, 209.98538, 254.98904, 135.85681, 256.73758, 165.92912, 258.02249, 195.92311, 259.78351, 226.14519, 238.95105, 121.95261, 240.94298, 151.92308, 242.37891, 182.11429, 244.05296, 212.08664, 224.99394, 138.00656, 227.01747, 168.02696, 228.10762, 198.01559, 230.06625, 228.4404, 209.53195, 124.29607, 211.0304, 154.05867, 212.71852, 183.84242, 214.07768, 213.98845;
  349.93585, 110.08035, 351.99988, 140.06892, 354.47803, 169.84656, 356.94058, 199.83177, 335.92007, 126.36069, 338.19864, 156.01469, 340.4624, 186.20204, 342.70142, 216.58136, 319.94919, 112.89565, 322.17725, 142.68321, 324.28427, 172.38522, 326.54715, 202.76898, 306.0101, 129.04109, 308.4877, 158.71675, 310.5759, 188.56795, 312.5824, 219.00516, 290.27341, 115.49545, 292.28427, 145.38522, 294.42944, 175.07234, 296.49924, 204.96698, 276.84604, 131.7968, 278.69852, 161.35629, 280.54501, 191.09969, 282.52374, 221.31529, 260.87274, 118.32752, 262.95636, 147.90283, 264.80228, 177.53687, 266.35562, 207.22827, 247.24271, 134.15239, 249, 164, 250.72124, 193.72127, 252.07954, 223.92494, 231.5903, 120.86463, 233.33841, 150.52052, 234.93378, 179.91669, 236.40417, 210.05727, 218.04919, 136.82841, 219.27299, 166.50793, 221.04071, 195.97824, 222.34029, 226.17764, 202.7336, 123.47994, 204.04059, 153.05528, 205.508, 182.53328, 206.81281, 212.31599;
  286.44452, 101.57527, 287.29474, 130.92442, 288.60168, 160.92296, 289.7189, 191.0708, 272.11075, 117.17707, 273.23425, 146.96176, 274.26993, 176.60471, 275.02634, 207.13605, 257.06708, 103.08107, 258.21939, 132.9377, 259.09229, 162.48274, 260.18384, 192.54321, 243.28999, 119.01626, 244.30678, 148.59053, 245.16359, 178.40314, 245.73907, 208.33444, 228.41855, 105.22753, 229.52148, 134.67413, 230.03615, 164.33009, 230.70689, 193.90967, 214.66364, 120.78935, 215.27779, 150.31743, 215.9256, 179.67264, 216.39958, 209.82054, 200.06758, 107.25545, 200.97372, 136.53928, 201.03755, 165.87091, 201.4317, 195.6113, 186.16876, 122.69296, 186.63721, 151.80551, 186.96638, 181.44461, 187.12042, 211.33984, 171.64977, 108.98711, 172.10112, 138.29211, 172.25031, 167.21057, 172.314, 196.95006, 157.92403, 124.51449, 157.97441, 153.522, 158.03014, 182.69626, 158.1091, 212.64522, 143.64876, 110.77795, 143.84361, 139.76682, 143.70912, 168.88869, 143.47473, 198.23212;
  239.59467, 124.00089, 243.0584, 154.00319, 246.01891, 183.90887, 249.08421, 213.03323, 225.90495, 140.8665, 229.29297, 170.9202, 232.80087, 200.5, 236.02599, 230, 208.92462, 126.95468, 212.16789, 157.63768, 215.74709, 187.33641, 219.16928, 217.24644, 195.10263, 143.85469, 198.68237, 174.03558, 202.06091, 203.99536, 205.81413, 234.09276, 177.56531, 129.9928, 181.17882, 160.78021, 184.8716, 191.15674, 188.5231, 221.45016, 163.54164, 147.08548, 167.03224, 177.78386, 170.61264, 208.10378, 174.53702, 239.02428, 145.43245, 132.84549, 149.39101, 164.06404, 152.74754, 194.92542, 156.69649, 225.6427, 130.7653, 150.35533, 134.72922, 181.34642, 138.46561, 212.47809, 142.30078, 243.22986, 112.2635, 135.95001, 116.21115, 167.54376, 120.25069, 198.9304, 123.69247, 230.04372, 97.425797, 153.52274, 101.40369, 185.31537, 105.50178, 216.46677, 109.32408, 248.11034, 78.454552, 139.39085, 82.365112, 171.28885, 86.60672, 203.04076, 90.549019, 234.48227;
  230.64653, 118.12996, 235.91882, 146.62804, 241.5, 175.48106, 246.46904, 203.7648, 218.73962, 134.64063, 224.18674, 163.69273, 229.47003, 192.42192, 235.00839, 220.88107, 201.10764, 122.10723, 206.42841, 151.41098, 212.05298, 180.63329, 217.55504, 209.64905, 188.50435, 139.21112, 194.10817, 168.89207, 200.02257, 198.05452, 205.49123, 227.0762, 170.01143, 126.64398, 176.04674, 156.41861, 181.71925, 186.01981, 187.43793, 215.50255, 157.54904, 144.00262, 163.23836, 174.11256, 169.08878, 203.83572, 174.87408, 233.66953, 138.05537, 131.10799, 144.12758, 161.55853, 150.26814, 191.62236, 155.85081, 221.88879, 124.69172, 149.09908, 130.70546, 179.51556, 136.56075, 209.79596, 142.71129, 240.31505, 105.03876, 135.86581, 111.09124, 166.90388, 117.20808, 197.59465, 123.01692, 228.1508, 91.007187, 154.12332, 97.271606, 185.12868, 103.44039, 216.14421, 109.7237, 247.21689, 70.692513, 140.9969, 77.083595, 172.31853, 83.123215, 203.67305, 89.199417, 234.97029;
  257.65118, 102.05717, 262.88058, 131.38255, 267.79401, 160.41818, 272.93668, 189.87979, 245.05069, 118.79366, 250.35985, 148.10608, 255.85336, 177.34662, 261.02521, 206.9843, 227.97227, 106.31557, 233.02489, 135.86667, 238.10039, 165.11099, 243.26843, 194.41716, 215.62234, 123.2713, 220.82303, 152.65196, 226.09743, 182.06093, 231.02655, 211.71074, 197.91077, 110.71587, 203.22232, 140.41182, 208.53136, 169.6573, 213.44093, 199.15523, 185.51651, 127.86324, 191.01489, 157.56354, 195.8777, 187.01875, 200.69196, 216.5614, 167.82936, 114.89935, 173.0101, 144.95891, 178.29308, 174.26706, 183.21257, 204.14587, 155.0807, 132.20528, 160.29956, 162.11755, 165.35713, 191.87642, 170.39935, 221.82243, 136.95065, 119.49584, 142.44272, 149.43597, 147.43878, 179.30954, 152.38626, 209.03749, 124.34548, 136.91939, 129.28061, 166.68227, 134.48106, 196.53114, 139.37173, 226.8623, 106.22829, 124.27823, 111.56026, 154.01709, 116.07736, 183.91605, 120.87157, 214.10847;
  336.74725, 56.530411, 340.94379, 91.318451, 344.68768, 124.51859, 348.39188, 156.44402, 321.77011, 76.949348, 325.93564, 110.82935, 330.18652, 143.41638, 334.38797, 174.65012, 301.72253, 61.980679, 306.65616, 96.785889, 311.42093, 129.59186, 316.08951, 161.80081, 286.99313, 82.269875, 292.07632, 116.2224, 297.103, 148.65813, 302.04507, 180.29453, 266.17654, 67.251266, 272.02292, 102.23156, 277.71643, 135.50636, 283.10721, 167.72749, 251.50282, 87.602478, 257.72763, 121.70515, 263.64343, 154.42421, 269.22345, 186.14429, 230.45744, 72.709496, 237.14175, 107.59463, 243.7247, 141.17027, 249.61267, 173.56642, 215.72672, 93.03051, 222.82056, 127.38874, 229.49072, 160.5284, 236.07043, 192.2932, 194.04912, 78.010101, 201.78197, 113.25227, 208.93541, 147.01443, 215.89168, 179.53326, 179.92302, 98.627533, 187.57047, 133.23625, 195.10393, 166.42339, 202.22675, 198.39903, 157.46344, 83.505272, 165.76184, 119.01432, 173.80974, 152.8893, 181.49475, 185.53465;
  309.078, 47.365398, 311.9053, 82.350372, 314.64938, 116.46821, 317.14999, 151.17438, 293.80634, 67.088959, 296.61951, 101.24799, 299.50885, 135.52269, 301.59634, 169.61049, 275.86987, 51.637985, 278.87164, 85.930908, 281.75607, 119.95692, 284.05798, 153.90857, 261.29916, 70.856339, 264.24167, 104.78131, 266.66159, 138.59497, 269.02487, 172.17859, 243.77449, 55.481541, 246.64592, 89.601173, 249.33688, 123.27319, 251.54526, 156.47501, 229.43567, 74.483307, 232.17035, 107.71075, 234.4556, 141.323, 236.739, 174.57358, 212.07919, 59.643627, 214.97369, 93.273849, 217.57384, 126.27559, 219.69104, 159.33939, 197.91295, 78.321075, 200.59778, 111.30824, 202.73251, 143.8327, 205.11565, 177.3177, 181.01146, 63.487972, 183.77922, 96.375244, 186.27911, 129.21431, 188.48016, 161.76472, 167.31982, 81.727509, 169.81755, 114.40304, 171.7684, 146.65335, 174.1763, 179.56676, 150.78343, 67.101456, 153.4781, 99.360756, 155.41826, 131.80373, 157.81163, 164.54169;
  247.09468, 72.498695, 250.94287, 106.79948, 254.33246, 139.53302, 258.28223, 171.86772, 231.95613, 90.714821, 236.01744, 124.36051, 239.72687, 157.00557, 243.48279, 189.12283, 212.90279, 74.598877, 217.06343, 108.90516, 221.03639, 141.98669, 225.12297, 174.61827, 198.0574, 93.217033, 202.37894, 126.66866, 206.53523, 159.72316, 210.62613, 192.04762, 178.16951, 76.900864, 183.11243, 111.34528, 187.85452, 144.47382, 191.93979, 177.40425, 163.47441, 95.415207, 168.38795, 129.2771, 172.95773, 162.3687, 177.18489, 194.87587, 143.58855, 79.0326, 148.89993, 113.61087, 153.52989, 147.12263, 158.10193, 179.94472, 128.70184, 97.607094, 133.84369, 131.62654, 138.75162, 165.18733, 143.45715, 198.03511, 108.50628, 81.355873, 114.03715, 115.99581, 118.87339, 149.71724, 123.83332, 182.93878, 93.965431, 99.867264, 99.038124, 134.3701, 103.93668, 167.72139, 109.27198, 200.92516, 73.161995, 83.509666, 78.475548, 118.40126, 84.032928, 152.3754, 89.302788, 185.91072;
  252.41631, 71.931595, 256.24069, 105.62781, 259.6134, 138.45157, 263, 170.56299, 237.12628, 90.436737, 241.17775, 123.59709, 245, 156, 248.59026, 187.78462, 218.17192, 74.331657, 222.53806, 108.38791, 226.78008, 141.32401, 230.50719, 173.6078, 203.60951, 92.529678, 208.07719, 126.02868, 211.90523, 159.01311, 215.87009, 191.02843, 183.99718, 76.415276, 188.61224, 110.64315, 192.95735, 144.00737, 197.36794, 176.57596, 169.02968, 94.984947, 173.92422, 128.76208, 178.27852, 161.67421, 182.92009, 194.36258, 149.08209, 79.030769, 154.29562, 113.31502, 158.95911, 146.77266, 163.55989, 179.70807, 134.19725, 97.763313, 139.28442, 131.39653, 144.0018, 164.86212, 148.92358, 197.82272, 113.58645, 81.329552, 119.26141, 115.95566, 124.24037, 149.54451, 129.23302, 183.00941, 98.78878, 99.964539, 104.19717, 134.31172, 109.20934, 168.03844, 114.61763, 200.98665, 78.122841, 84.046394, 83.668655, 118.62734, 88.958008, 152.59952, 94.383179, 186.36261;
  256.8476, 71.477791, 260.52798, 104.86239, 263.9552, 137.49411, 267.5199, 169.20053, 241.80798, 89.627296, 245.75885, 122.70229, 249.47279, 155.04984, 253.24368, 186.56897, 223.02751, 73.60675, 227.08391, 107.62758, 231.18159, 140.44724, 235.02426, 172.55713, 208.15489, 92.216278, 212.6713, 125.42056, 216.90018, 158.13123, 220.62556, 190.1557, 188.59534, 76.305542, 193.19826, 110.39104, 197.88345, 143.38474, 201.9899, 175.90552, 173.83684, 94.536133, 178.52324, 128.33035, 183.1367, 161.22438, 187.51337, 193.78883, 153.59499, 78.540916, 158.88628, 112.94984, 163.71164, 146.6312, 168.4888, 179.44934, 138.85498, 97.366173, 144.03416, 131.42662, 148.66202, 164.66005, 153.50983, 197.40009, 118.26304, 81.039467, 123.71322, 115.74073, 128.74103, 149.63377, 133.79654, 182.6938, 103.18903, 99.996353, 108.57621, 134.22096, 113.68736, 167.59639, 119.05298, 201.07852, 82.40107, 83.809395, 88.193413, 118.64849, 93.559914, 152.53389, 98.744095, 186.51483;
  473.45166, 81.568825, 471.92047, 114.54068, 470.17657, 146.6405, 468.13345, 177.6842, 456.61972, 98.566132, 455.45071, 131.01212, 453.67239, 162.46039, 452.07462, 193.46497, 441.36154, 82.334778, 440.23456, 115.1239, 438.84015, 146.92215, 437.242, 178.15123, 424.60129, 98.85495, 423.33862, 131.52124, 422.50696, 163, 421.34113, 193.95201, 408.63379, 82.604561, 407.88498, 115.64929, 407.30051, 147.40042, 406.56519, 179.02014, 392.42514, 99.402985, 391.50504, 131.88155, 391.06107, 163.56134, 390.64725, 194.93629, 375.96542, 82.931236, 376.09369, 115.93032, 375.58325, 148.04111, 375.30627, 179.45901, 359.74841, 99.742043, 360.00528, 132.48669, 359.76022, 164.23531, 359.45734, 195.48535, 343.48297, 83.41758, 343.61472, 116.4798, 343.85556, 148.63489, 344.06476, 180.04758, 327.40149, 100.59554, 327.50754, 133.21187, 327.80499, 164.76382, 328.27155, 196.00519, 310.63583, 84.065498, 311.27676, 117.28374, 311.94064, 149.09676, 312.33807, 180.80475;
  542.61493, 83.732056, 534.13831, 119.10269, 525.51892, 152.81216, 517.55084, 185.42397, 519.55609, 98.720009, 511.6152, 133.2878, 503.79672, 165.82256, 496.16141, 197.88124, 505.38214, 78.405945, 497.60709, 113.16028, 490.19601, 146.74986, 482.94098, 178.70531, 483.41785, 93.113434, 476.19186, 127.2497, 469.43979, 159.7487, 462.53064, 191.14146, 469.21698, 73.10041, 462.47015, 107.68073, 455.7446, 140.55144, 449.51236, 172.45038, 448.32538, 88.031265, 441.9791, 121.61731, 435.92838, 153.77843, 429.75327, 185.14015, 434.10812, 68.065544, 428.25784, 102.10892, 422.30148, 134.82265, 416.49823, 166.46677, 414.16919, 82.762909, 408.69083, 115.63268, 403.29904, 147.95662, 397.54636, 179.0343, 400.19711, 63.423832, 394.76089, 96.913658, 389.88531, 129.14493, 384.45523, 160.6459, 381.30359, 77.62262, 376.37381, 110.54717, 371.19397, 142.52122, 366.66354, 172.94681, 367.49622, 58.43475, 362.62961, 91.589912, 358.0668, 124.04467, 353.68298, 155.03043;
  551.29407, 90.997841, 540.87701, 126.0337, 531.21411, 158.97507, 521.63031, 190.17447, 527.15472, 105.46641, 517.64197, 139.38763, 508.55887, 170.88445, 500.04257, 201.37627, 513.43488, 84.624336, 504.2641, 119.16808, 495.50653, 151.4702, 487.10388, 182.71759, 490.63394, 98.661469, 482.2605, 132.03375, 474.11688, 163.66682, 466.51117, 194.03825, 476.81961, 77.973236, 468.82703, 112.09003, 461.18289, 144.59245, 453.75998, 175.56673, 455.01993, 92.217995, 447.82629, 124.97034, 440.61493, 156.73236, 433.68802, 187.06821, 441.34543, 71.664047, 434.09039, 105.55771, 427.45209, 137.75061, 420.85641, 168.76376, 420.35468, 85.600136, 414.00864, 118.65791, 407.75854, 150.02449, 402.03354, 180.06235, 406.83868, 65.643044, 400.62119, 99.493042, 394.96078, 131.1929, 389.0607, 161.82341, 386.88022, 79.528259, 381.45291, 112.36747, 375.73944, 143.70915, 370.96442, 173.41701, 373.34769, 59.886009, 367.92944, 93.097328, 362.72485, 125.10029, 357.92783, 155.4344;
  588.66315, 78.691086, 578.99719, 113.72377, 569.61163, 147.39262, 560.74194, 180.11937, 565.09601, 93.206001, 555.776, 127.58676, 547.01233, 160.45135, 538.85828, 192.73174, 551.31012, 73.066376, 541.94879, 107.83177, 533.70129, 140.97298, 525.46631, 173.46204, 528.44067, 87.864113, 519.95056, 121.4531, 511.86749, 154.06885, 504.38464, 186.34319, 514.5061, 67.795792, 506.41934, 101.88539, 498.41019, 134.80569, 490.99045, 167.24393, 492.92535, 82.026245, 485.02176, 115.60732, 477.95108, 147.98384, 470.65247, 179.7159, 479.39999, 62.566578, 471.9183, 96.270576, 464.49658, 128.9146, 457.61829, 160.82603, 458.37698, 76.846123, 451.31598, 110.01024, 444.51459, 142.01744, 437.95593, 173.48177, 445.16226, 57.650635, 438.28247, 91.000534, 431.47968, 123.25746, 425.01657, 154.78072, 425.09512, 71.620171, 418.4371, 104.48577, 412.38611, 136.2972, 406.0235, 167.4323, 411.87238, 52.46899, 405.76352, 85.549683, 399.62704, 117.66058, 393.41315, 149.0215;
  458.63867, 122.45624, 462.93121, 154.81061, 467.13113, 187.35739, 471.37347, 220.12268, 444.74762, 140.62906, 448.63986, 173.18784, 452.75793, 205.75284, 457.34683, 239.03221, 426.46893, 126.41977, 430.50623, 158.91348, 434.35898, 191.25267, 438.81366, 224.28571, 412.39023, 144.60172, 416.46234, 177.2245, 420.61435, 209.81187, 424.72299, 242.98482, 394.27835, 130.39427, 398.36353, 162.84836, 402.60413, 195.50999, 406.54507, 228.31541, 380.32928, 148.84441, 384.08185, 180.97192, 388.34906, 213.63991, 392.45694, 247.01628, 362.33047, 134.46663, 366.07346, 166.8459, 369.95996, 199.30464, 374.22629, 232.3533, 348.09201, 152.5341, 352.01312, 184.90523, 356.08908, 217.7356, 360.06876, 250.92918, 330.04904, 138.52618, 334.03424, 170.72221, 337.64572, 203.30188, 341.59186, 236.39514, 316.01279, 156.42441, 319.47263, 188.95093, 323.54898, 221.6098, 327.54163, 255.2346, 298.03204, 142.37321, 301.61905, 174.58968, 305.61664, 207.37399, 309.31277, 240.6291;
  456.90607, 134.83943, 459.74005, 168.48831, 462.52771, 201.53748, 465.26849, 233.91504, 441.61942, 153.90337, 444.3786, 186.99771, 447.49326, 219.44267, 449.94543, 252.19142, 423.34937, 138.96944, 426.5235, 172.45386, 429.27393, 205.17204, 432.44189, 237.56963, 408.37985, 157.37718, 411.27139, 190.57767, 414.59338, 223.55476, 417.67166, 255.70908, 389.52423, 142.64865, 392.87006, 176.03384, 396.28955, 208.84944, 399.46768, 241.54279, 374.51086, 161.26205, 378.19019, 194.50137, 381.56213, 227.39902, 384.78128, 259.6348, 356.29739, 146.56677, 359.72421, 179.82507, 363.54562, 212.47374, 366.85971, 245.41449, 341.5, 165.35513, 345.10977, 198.39014, 348.79507, 230.99359, 352.39612, 263.52042, 322.63135, 150.41058, 326.46948, 183.67857, 330.5, 216.59206, 334.33716, 249.35516, 308.08389, 169.12047, 312.27435, 202.18463, 315.79196, 234.84232, 319.56543, 267.28159, 289.45447, 154.37569, 293.50272, 187.41714, 297.54919, 220.41728, 301.62991, 253.00914;
  460.97116, 146.09973, 461.8334, 180.11011, 462.55325, 212.82547, 463.01859, 244.605, 444.09149, 164.96996, 445.0668, 198, 445.69046, 229.88832, 446.75851, 261.39319, 425.56378, 148.96677, 426.95825, 182.74544, 428.39148, 215.40219, 429.85135, 246.89882, 409.04321, 167.3479, 410.53049, 200.46002, 412.3302, 232.31244, 413.59869, 263.64203, 390.68701, 151.94795, 392.4581, 185.00131, 394.5, 217.5, 396.42624, 249.12608, 374.43549, 169.74446, 376.58856, 202.59346, 378.55435, 234.80133, 380.6225, 265.93347, 356.18039, 154.24338, 358.3765, 187.55872, 360.84833, 220.15091, 363.39301, 251.74303, 340.49545, 172.4446, 343.23428, 205.25813, 345.5459, 237.13824, 348.01819, 268.31073, 321.79004, 157.09628, 324.74088, 190.2464, 327.51657, 222.53406, 330.60361, 253.99362, 306.37781, 175.25989, 309.63235, 207.81712, 312.68283, 239.56458, 315.47089, 270.89423, 287.60349, 159.69168, 291.37518, 192.72334, 294.45361, 225.13907, 297.74335, 256.21957;
  380.88495, 160.33809, 374.10861, 194.2198, 367.9151, 227.37698, 361.64023, 260.52722, 360.73438, 174.34169, 354.46515, 207.60402, 348.39957, 240.52722, 342.33417, 273.31918, 347.37549, 154.38818, 341.03683, 187.62761, 335.40677, 220.58321, 329.15146, 253.40535, 328.09439, 168.20985, 322.11047, 200.88826, 316.37524, 233.64978, 310.36328, 266.01358, 315.03772, 148.46562, 309.35291, 181.49409, 303.47513, 213.90202, 297.59442, 246.37685, 296.48004, 161.87402, 290.81506, 194.52263, 284.61377, 226.61446, 278.60385, 259.00995, 283.55206, 142.62805, 278.22885, 175.36838, 272.30872, 207.36426, 266.5, 239.5, 265.4429, 155.92821, 259.94925, 188.25719, 254.14819, 220.159, 248.35396, 252.12334, 253.33572, 136.88235, 248.09761, 169.22258, 241.96742, 201.09576, 236.07875, 232.90221, 235.92174, 150.5, 230.07056, 182.18532, 224.19133, 213.78865, 218.47289, 245.4677, 223.93076, 131.59171, 217.98093, 163.44531, 212.24529, 194.96686, 206.77791, 226.29672;
  350.19666, 151.48006, 346.59674, 184.38831, 343.24606, 217.35924, 339.97473, 250.22781, 331.83673, 166.50447, 328.45294, 199.31128, 325.22464, 232.1362, 322.12793, 265.31155, 317.3526, 148.38338, 313.99808, 181.377, 310.60074, 213.94908, 307.29572, 247.22981, 299.48987, 163.36098, 296.25919, 196.24017, 292.73801, 228.86609, 289.37967, 262.42108, 284.75388, 145.60219, 281.56699, 178.403, 278.25055, 210.99379, 274.77988, 243.90948, 267.19785, 160.47691, 263.87808, 193.12711, 260.21548, 225.83937, 256.90829, 259.2113, 252.72348, 142.96494, 249.53313, 175.3105, 246, 208, 242.23819, 240.83325, 235.30907, 157.69043, 231.56461, 190.33122, 227.89046, 222.76491, 224.44449, 255.96486, 221.30467, 140.18466, 217.39935, 172.50191, 213.73315, 204.96767, 210.04053, 237.75433, 203.53697, 154.88306, 199.69054, 187.34273, 195.93716, 219.87579, 192.39743, 253.19577, 189.53377, 137.04448, 185.98019, 169.42566, 181.77606, 202.05022, 177.97969, 234.9426;
  313.94693, 144.11049, 315.55179, 175.07494, 317.46954, 206.1104, 319.38379, 237.59816, 299.26996, 160.46219, 301.00858, 191.55305, 302.62021, 223.01552, 304.80371, 254.91933, 282.7843, 145.76389, 284.431, 176.98659, 286.17142, 208.34277, 288.22778, 240.08003, 267.84485, 162.48164, 269.5, 194, 271.32584, 225.49738, 273.21616, 257.29102, 251.14771, 147.47374, 252.71214, 179.21526, 254.58311, 210.75278, 256.22153, 242.71111, 235.8446, 164.44275, 237.68889, 195.71706, 239.40253, 228.13487, 240.67107, 260.63959, 219.24673, 149.18837, 220.56783, 180.96002, 222.36678, 213.15918, 223.61067, 245.69302, 203.63817, 166.06839, 204.94687, 198.13911, 206.56067, 230.51195, 208.1488, 263.55142, 186.44763, 150.81723, 187.66624, 183.26759, 189.35738, 215.67101, 190.75867, 248.57091, 170.6459, 167.82544, 171.8589, 200.45268, 173.06572, 233.21866, 174.53886, 266.85812, 153.39722, 152.62955, 154.49672, 185.30737, 155.4839, 218.08083, 156.78246, 251.31604;
  486.63516, 103.9689, 480.34616, 139.62918, 474.53381, 173.38919, 468.67087, 206.46121, 465.47156, 119.12341, 459.67694, 153.44508, 454.14539, 186.56088, 448.79126, 218.83054, 450.47729, 98.984161, 445.0835, 133.5, 440.04178, 166.64461, 434.56281, 199.18846, 430.29102, 113.53261, 425.36807, 147.36691, 420.38525, 179.66063, 415.37112, 211.51924, 415.91595, 93.994987, 411.2648, 127.70058, 406.64227, 160.41656, 401.78244, 192.23717, 397.23752, 108.6569, 392.91092, 141.47975, 388.32132, 173.38937, 383.65768, 204.84427, 382.91217, 89.259216, 379, 122.5, 374.8609, 154.62685, 370.41345, 186.00305, 365.40848, 103.6686, 361.47711, 136.04749, 357.39935, 167.17757, 353.21109, 198.17772, 351.44681, 84.918221, 348.0575, 117.3935, 344.29541, 149.15544, 340.40799, 179.75829, 334.93674, 98.893387, 331.38882, 130.83414, 327.70444, 161.62093, 324.14835, 191.88583, 321.77966, 80.578018, 318.38568, 112.53078, 314.88931, 143.63683, 311.49612, 173.9247;
  489.91409, 100.22691, 485.74365, 133.02132, 481.42743, 165.34184, 477.58383, 198.45787, 471.03098, 114.92281, 466.84399, 147.54346, 462.73413, 180.254, 459.0163, 213.04918, 456.40466, 96.863579, 452.1936, 129.5125, 448.29858, 161.82382, 444.5065, 194.49504, 437.87372, 111.58739, 433.59964, 144.09763, 429.59689, 176.1955, 425.7674, 208.84169, 423.49149, 93.994164, 419.40088, 126.36322, 415.42432, 158.13933, 411.5452, 190.47217, 405.26425, 108.40825, 401.0246, 140.46536, 397.11554, 172.24138, 393.18671, 204.65654, 391.44299, 90.698135, 387.25482, 122.56914, 383, 154.50665, 379, 186.41643, 373.47894, 105.13511, 369.18011, 136.63206, 364.99384, 168.45657, 360.88519, 200.8383, 359.841, 87.748444, 355.37448, 119.30142, 351.40802, 150.66985, 346.96191, 182.48943, 342.15683, 101.78842, 337.68393, 133.13745, 333.50104, 164.56834, 329.33417, 196.60777, 328.9523, 84.747406, 324.55423, 115.71494, 320.29184, 146.96684, 315.92648, 178.54402;
  428.11365, 98.33577, 436.79459, 127.33469, 445.5321, 156.71193, 454.58203, 186.55621, 417.90198, 116.49007, 426.59543, 145.82648, 435.35513, 175.5472, 444.75262, 205.75871, 399.13831, 105.66555, 407.64636, 134.98912, 416.01215, 164.86882, 425.31915, 194.88341, 388.58456, 124.0122, 396.91998, 153.98598, 406.129, 183.79456, 415.43546, 214.41208, 369.59393, 113.16551, 377.94882, 142.84966, 386.82385, 172.85828, 395.90723, 203.16373, 358.76855, 131.73135, 367.40744, 161.97112, 376.36523, 192.01572, 385.80142, 223.45187, 339.75519, 120.76091, 348.15738, 150.82957, 356.62189, 180.97354, 365.901, 211.71642, 328.8721, 139.73114, 337.35419, 169.98837, 345.90759, 200.58554, 354.9798, 232.25269, 309.50281, 128.50038, 317.6167, 158.85799, 326.45486, 189.42801, 335.30869, 220.61328, 298.29752, 147.61813, 306.65631, 178.26671, 315.4021, 209.09839, 324.41522, 241.17169, 279.03177, 136.35254, 287.08325, 166.7767, 295.444, 197.83638, 304.44855, 229.73697;
  348.28723, 148.69678, 344.89224, 181.87943, 341.71841, 214.56543, 338.76288, 247.56026, 330.07602, 163.82089, 326.86963, 196.78754, 323.61603, 229.54971, 320.58334, 262.79303, 315.19543, 146.08398, 312.19012, 178.92249, 308.88638, 211.56467, 305.69885, 244.63359, 297.42145, 161.20857, 294.39944, 193.86253, 291.21198, 226.64822, 287.96161, 259.77679, 282.58063, 143.09094, 279.66562, 176.06863, 276.47623, 208.60492, 273.26279, 241.65053, 264.82776, 158.16061, 261.80603, 191.16202, 258.56055, 223.66736, 255.63069, 256.83505, 250.57104, 140.4612, 247.37827, 173.12611, 244.17447, 205.70235, 240.68187, 238.65471, 232.81664, 155.49069, 229.62782, 188.18112, 226.25124, 220.7912, 222.76756, 254.11577, 218.58237, 137.53003, 215.3871, 170.32193, 211.78943, 203.11224, 208.42281, 235.95613, 201.21696, 152.52806, 197.60277, 184.96416, 194, 218, 190.74399, 251.31683, 186.83725, 134.58604, 183.453, 167.35458, 179.48146, 200.08224, 176.4111, 232.99307;
  322.6749, 140.28903, 323.93118, 172.71292, 325.0387, 205.07678, 326.35278, 237.46114, 306.95392, 157.00165, 308.3392, 189.31049, 309.32709, 221.563, 310.42685, 254.54375, 290.26282, 141.3624, 291.25397, 173.96721, 292.39902, 206.49992, 293.67133, 238.91638, 274.56418, 158.39404, 275.61633, 190.63397, 276.69461, 223.24083, 277.78967, 256.15247, 257.64923, 142.5999, 258.87048, 174.97922, 259.74789, 207.57643, 260.49484, 240.30324, 241.84531, 159.41022, 243.05983, 191.86377, 243.6768, 224.56374, 244.6209, 257.47369, 225.30879, 143.64256, 225.96848, 176.29691, 227.02559, 208.66293, 227.63908, 241.63908, 209.32915, 160.57573, 210.00174, 193.28355, 210.66115, 225.69226, 211.37202, 259.11841, 192.33315, 144.95888, 193.24149, 177.3932, 193.75343, 210.1841, 194.36954, 243.25876, 176.29306, 161.79054, 176.55679, 194.44398, 177.18379, 227.24722, 177.8992, 260.84521, 159.29247, 145.77286, 159.68251, 178.78915, 160.38739, 211.50171, 160.42213, 244.44814]
