image_Width 640
image_Height 480
board_Width 4
board_Height 11
square_Size 24.8
FixAspectRatio 1
flagValue 14
Camera_Matrix[677.8660211659844, 0, 301.8272981368211;
  0, 680.3690894286543, 268.8359075072979;
  0, 0, 1]
Distortion_Coefficients[-0.409149190096199;
  0.3306730488259235;
  0;
  0;
  -0.2911322015854]
Avg_Reprojection_Error 0.317089
Per_View_Reprojection_Errors[0.12420171;
  0.12551488;
  0.18922524;
  0.18431801;
  0.12017057;
  0.1623316;
  0.38868928;
  0.22247468;
  0.63915175;
  0.3201896;
  0.18086432;
  0.72739953;
  0.22663496;
  0.34645861;
  0.29194343;
  0.55908579;
  0.50987709;
  0.46490705;
  0.46976864;
  0.52432561;
  0.51932138;
  0.36039335;
  0.30565259;
  0.35984859;
  0.3874878;
  0.53825742;
  0.33395496;
  0.37172586;
  0.14723811;
  0.19136094;
  0.29163453;
  0.33234367;
  0.23006599;
  0.25297529;
  0.29847187;
  0.173263;
  0.14675742;
  0.15915009;
  0.10768551;
  0.13449825;
  0.13105157;
  0.15138157;
  0.20360437;
  0.11971377;
  0.14264479;
  0.13737461;
  0.13615958;
  0.1044741;
  0.10916653;
  0.12748191]
Extrinsic_Parameters[-0.3521937758907054, 0.07218047158067592, -1.582508973635967, -118.4585644573052, 143.9901972478633, 698.7046927056094;
  -0.355351840781393, 0.08098611616047736, -1.579994066697575, -120.2891581168006, 142.907383666988, 700.0855405435843;
  -0.3651923884307016, 0.1292812345668302, -1.580775183171266, -127.7568355445657, 158.8605377164006, 723.7803193480618;
  -0.4145395979011577, 0.2577114124643609, -1.591142507319239, -116.7591902533693, 184.1729956018262, 763.4434201263665;
  -0.09423634127729967, 0.4478594782785768, -1.589470161077126, -50.55076816564662, 112.3112827001381, 789.2375339103681;
  0.2609700694759561, -0.05671788369866076, -1.519782838359537, -111.7798809023083, 162.7458147865424, 664.988473978896;
  -0.5044306600378055, -0.08699457756480566, -1.491645702482739, -114.1285473696647, 59.63319508551643, 418.8801015570439;
  -0.2028326080609952, 0.1519149020587001, -1.696653763901602, -104.1068778103851, 35.46204098037592, 457.6868191995931;
  0.3071387120172084, 0.3651799063442915, -1.635454886395262, -119.8259744611374, 65.0313058829168, 541.8586820070673;
  0.4854836639395361, 0.1598458937571367, -1.446757307738134, -165.4315531606518, 109.5013891598139, 579.6475190112578;
  0.3303568551042443, -0.3961221456119557, -1.397305030293708, -149.6265841427373, 105.0324807740658, 534.5673299109576;
  -0.06235458935003107, -0.05662231129426092, -1.515180529399649, -118.6586422312745, 110.315129921427, 526.8684014905816;
  -0.4517082181009869, 0.2600907580748036, -1.620261578429083, -52.28088169329863, 98.06942502212712, 534.1740457557643;
  -0.7462961484010182, -0.06642864459452748, -1.601338359765149, -64.44308189072561, 105.0651744689606, 494.7785951744037;
  -0.4663613041079545, -0.3496724084813158, -1.417724031356504, -123.7511618315003, 98.65697300700921, 527.4875396409321;
  0.23010608222312, 0.2981125602345109, -1.733895609841024, -163.6229067639503, 127.6913473107161, 653.9084546449425;
  0.1704274182797914, 0.06038318920134726, -1.413687637169819, -252.6225340308518, 27.45864942238375, 604.1642502777022;
  0.3626910884542137, 0.2023073882829495, -1.24874152282848, -224.1766025219119, -40.33927703424671, 624.0908602945913;
  -0.05064981662618923, 0.04869853331545253, -1.735487268971369, -67.98928068243407, -19.04241177071879, 578.5857188613186;
  -0.2142276308125362, -0.1427903309567645, -2.254579450757744, -16.67699520542333, 44.49572886223739, 617.4728694597718;
  -0.1676304407359272, -0.214211874333012, -2.769396794997898, 0.08636869941314362, 71.99957345140201, 682.0929530440617;
  0.1630065677198482, 0.2247135485152262, 3.049680394922127, 51.51432902023782, 80.17930966986191, 703.9744275323084;
  0.1680035633459911, 0.3024553790819202, 2.674748901421545, 81.36147805713431, 40.06696783013523, 730.8599724866239;
  0.122837655351723, 0.2515034153165983, 2.556630821478414, 99.23464843153401, 53.47271197380296, 759.6708261111174;
  0.02281581591504079, -0.008144567275279072, 3.110408103346199, 63.70334511701703, 173.3468797739893, 767.0870042353859;
  -0.08446592758533386, 0.02543726030262172, -2.528376909697295, -36.94270920077115, 198.3797870791144, 753.2986586750105;
  -0.04109335306182683, 0.06247830163399861, -1.850717223773575, -152.2673855561612, 165.8361069266651, 752.9859756541825;
  -0.06996976217576903, 0.02998160863943571, -1.254638492705038, -210.4164482838031, 62.73131904361551, 745.311202191593;
  0.1925602546599995, -0.08754054204739679, -0.8632862688413684, -239.0361317172803, -14.19342557673162, 735.3059378830091;
  0.3879911306536935, -0.2727283680080067, -0.6720555514081434, -217.9914295947238, -62.36598696088421, 726.8080073668835;
  -0.09875438735207903, -0.2207491955842976, -0.7650511639957168, -180.3863829078471, -46.35222630736073, 710.3316403023969;
  -0.5832050172815947, -0.397225693484542, -1.178524468261198, -171.7046194338694, 5.235529121347157, 694.0044059684658;
  -0.7029689837815774, -0.2276396677915727, -2.146195395079878, -153.8992815333665, 62.60018264090758, 713.547131874415;
  -0.3109915495661798, 0.02713121712196636, -2.431314795134486, -82.99725353649365, 96.4759843784215, 794.0175689055853;
  0.2828590094228932, 0.4253148204901178, -1.99413708830023, -88.71995310725093, 146.2205914361193, 983.5459806643198;
  0.3625095031487682, 0.2262014261915765, -1.477673710975389, -231.9903211711199, 188.62987352588, 1097.746038063871;
  -0.0130410109238867, -0.3522921636329149, -1.36723372232156, -363.6463530745907, 197.14327233965, 1137.18783424263;
  -0.4560851790380757, -0.6943223941885034, -1.519520303758782, -494.1590431160882, 211.1679778157996, 1103.402504370677;
  -0.3753076111757642, -0.3721573013284982, -1.809220128677653, -453.9140468298968, 286.0014286674128, 1080.482301955544;
  0.2660310863269584, -0.1173365765695512, -1.677771661493148, -332.1200400916074, 341.2007708039182, 1101.974477278139;
  0.3411572534823255, -0.393394777742267, -1.293290103752209, -255.1369073165191, 286.4381047431676, 991.9599340000563;
  -0.2820810658203902, -0.7446443921455336, -1.328033914538275, -180.1798001222329, 183.0376989908946, 885.9863229424043;
  -0.1976945418683701, -0.03589907073104503, -1.487983312374397, -120.9672242243336, 186.359862059729, 883.8816047298794;
  0.06505515210790679, -0.2859375547977502, -1.348733457065993, -139.502678128564, 160.6583953378795, 871.7402874102676;
  0.4266754790849917, -0.2478807687901788, -1.201159472770145, -127.8484374242976, 182.0611875339916, 879.6824641232986;
  0.05388875291620117, -0.1482454618064124, -1.332476592353888, -46.2204745866938, 246.8742352293797, 1062.597262678508;
  -0.7531761755576293, -0.2900688730228832, -1.445176939670734, 23.85928056083924, 254.0102678480928, 1082.915169207049;
  -0.4000862922456674, -0.6077544028045697, -1.483172764503175, 112.1983249763913, 218.5010225278047, 993.0086408798575;
  -0.07309118378145739, 0.1981723867017402, -1.518849763489433, 125.7097447690646, 241.742925375564, 1048.477386844465;
  -0.482758645290909, 0.356740400537695, -1.928250675766815, 154.0786413274064, 253.51124085707, 1030.980466868612]
Image_points[190.14494, 405.2164, 190.3503, 358.6796, 190.75383, 312.39468, 191.92378, 266.65982, 211.53812, 382.21118, 211.66582, 335.17828, 212.36893, 288.55603, 213.69933, 242.59987, 233.45067, 406.26047, 233.51819, 358.54456, 233.77232, 311.16016, 234.59727, 264.30557, 255.94429, 382.50775, 255.99025, 334.28745, 256.42941, 286.612, 256.92261, 239.57576, 279.12994, 407.00412, 279.15201, 358.12955, 279.21112, 309.673, 279.45947, 261.7309, 302.79898, 382.47086, 302.66971, 333.28647, 302.50821, 284.58914, 302.37848, 236.44138, 327.03143, 407.18802, 326.79395, 357.39053, 326.47476, 308.00067, 325.98279, 259.0947, 351.47101, 381.9657, 351.02139, 331.91406, 350.40466, 282.38705, 349.63651, 233.45319, 376.4278, 406.83234, 376.07758, 356.22107, 375.34293, 306.06195, 374.32227, 256.37274, 401.33258, 380.92691, 400.6572, 330.22702, 399.54449, 279.99619, 398.09756, 230.48531, 426.84763, 405.85089, 426.33545, 354.73041, 425.26617, 303.95493, 423.74606, 253.84755;
  188.58212, 404.04446, 188.91411, 357.51669, 189.40721, 311.23111, 190.76398, 265.46118, 209.90372, 381.12869, 210.14592, 334.04343, 211.02904, 287.38834, 212.42146, 241.46321, 231.64954, 405.21429, 231.82906, 357.47119, 232.1937, 310.05463, 233.15669, 263.1839, 254.14647, 381.5509, 254.26239, 333.35516, 254.82324, 285.64487, 255.46974, 238.50644, 277.25092, 406.03299, 277.28708, 357.22003, 277.46985, 308.69855, 277.84671, 260.76718, 300.86758, 381.59836, 300.79175, 332.43253, 300.79868, 283.58606, 300.77118, 235.47528, 324.89346, 406.35068, 324.74991, 356.55984, 324.65292, 307.10696, 324.31113, 258.17041, 349.3548, 381.23785, 349.09399, 331.14603, 348.59818, 281.52509, 347.9231, 232.45523, 374.16455, 406.14777, 373.92447, 355.53024, 373.33273, 305.27707, 372.50836, 255.57675, 399.10211, 380.39771, 398.51053, 329.57611, 397.62601, 279.27795, 396.30728, 229.66486, 424.58069, 405.41351, 424.13647, 354.12421, 423.22015, 303.30249, 421.83926, 253.1237;
  185.81749, 413.43698, 185.77965, 368.70697, 185.98869, 324.02725, 186.85237, 279.57568, 205.76549, 391.72595, 205.67703, 346.28552, 206.20471, 301.12976, 207.30528, 256.27209, 226.47797, 415.24677, 226.30927, 369.21936, 226.44759, 323.26047, 227.14452, 277.61862, 247.68233, 392.67679, 247.56125, 346.09781, 247.82698, 299.66776, 248.30104, 253.51782, 269.75195, 416.65503, 269.6059, 369.44568, 269.54126, 322.3447, 269.72986, 275.42459, 292.18948, 393.37738, 291.99826, 345.58771, 291.89688, 298.00583, 291.63849, 250.68697, 315.29282, 417.73672, 315.09659, 369.35269, 314.84186, 321.13675, 314.39417, 273.09726, 338.75079, 393.59546, 338.46326, 344.77417, 337.93369, 296.17264, 337.21704, 247.77298, 362.81122, 418.20016, 362.57364, 368.92017, 362.00186, 319.67346, 361.1506, 270.65894, 387.04889, 393.40073, 386.52893, 343.62909, 385.68979, 294.08942, 384.51236, 245.00824, 411.87033, 418.16028, 411.50845, 368.00638, 410.69501, 317.93835, 409.49265, 268.25681;
  201.56488, 427.99213, 200.00278, 385.78854, 198.61014, 343.15009, 197.9317, 300.06143, 218.90546, 407.73093, 217.28752, 364.56381, 216.3629, 321.0358, 216.00449, 277.21213, 238.29883, 430.12332, 236.8167, 386.53711, 235.52858, 342.53586, 234.85518, 298.18149, 256.93347, 409.08081, 255.52824, 364.53531, 254.55135, 319.7634, 253.72107, 274.43951, 277.64325, 431.91049, 276.36288, 387.10751, 275.12509, 341.77747, 274.17899, 296.09589, 297.63898, 410.05206, 296.43021, 364.32233, 295.2623, 318.09946, 294.07532, 271.59457, 319.39969, 433.3765, 318.26801, 387.33337, 317.0806, 340.72375, 315.75674, 293.64117, 340.57803, 410.72617, 339.51352, 363.72693, 338.25513, 316.32666, 336.81363, 268.5155, 363.33221, 434.40799, 362.35028, 387.1922, 361.20441, 339.37067, 359.85733, 291.14233, 385.65741, 410.87637, 384.60458, 362.89169, 383.44797, 314.23233, 381.89343, 265.32495, 409.22339, 434.86838, 408.43839, 386.65817, 407.42105, 337.78448, 406.02487, 288.45578;
  258.974, 364.72046, 254.64928, 324.40021, 250.29178, 282.77823, 246.28348, 239.64313, 276.54791, 345.56442, 272.42126, 304.15063, 268.51477, 261.1489, 264.90628, 216.81621, 298.42587, 366.74997, 294.80588, 325.57742, 291.03122, 282.96329, 287.58636, 238.69325, 317.23001, 347.06146, 313.85178, 304.71249, 310.48672, 260.83127, 307.11533, 215.46542, 339.82025, 368.66541, 336.93478, 326.63058, 333.90137, 283.07846, 330.77783, 237.85574, 359.92154, 348.50018, 357.31961, 305.3273, 354.54904, 260.48901, 351.48853, 214.24393, 382.72974, 370.26538, 380.70459, 327.42047, 378.39908, 283.10687, 375.73203, 237.16113, 403.91324, 349.59396, 402.11969, 305.66562, 400.01141, 260.16431, 397.46481, 213.08763, 426.74573, 371.55911, 425.59052, 328.19141, 424.06686, 283.11832, 422.07742, 236.425, 448.75925, 350.50388, 447.87097, 305.99832, 446.49527, 259.8382, 444.60522, 212.04756, 471.56485, 372.58771, 471.36572, 328.74301, 470.62994, 283.15741, 469.36243, 235.8078;
  191.77725, 429.76022, 192.12376, 383.5611, 192.98827, 335.28076, 194.33263, 284.63571, 216.34038, 407.13364, 217.46851, 360.11029, 218.9576, 310.85031, 220.85072, 259.4953, 240.00011, 429.88254, 241.43735, 384.1163, 243.16426, 336.17834, 245.07602, 286.07532, 264.84937, 407.21826, 266.87338, 360.56927, 269.09265, 311.8775, 271.50638, 261.20374, 287.69641, 429.42294, 290.10437, 384.18427, 292.65216, 336.76651, 295.22623, 287.37054, 312.53354, 406.72174, 315.39896, 360.79813, 318.33008, 312.79147, 321.32465, 263.02939, 334.08084, 428.42096, 337.38358, 383.70959, 340.67477, 337.10873, 343.94348, 288.69629, 358.57285, 405.75351, 362.28458, 360.53909, 365.84494, 313.48221, 369.2988, 264.62134, 378.87552, 426.74411, 382.90479, 382.85233, 386.89227, 337.1889, 390.57193, 289.75415, 402.65149, 404.29724, 407.00879, 360.02487, 411.03793, 313.86426, 414.75131, 266.16498, 421.58636, 424.66486, 426.43552, 381.77142, 430.77692, 337.07565, 434.75601, 290.63739;
  123.27895, 362.4169, 136.17552, 289.35226, 149.36063, 221.13141, 162.9082, 159.11476, 163.13974, 326.62982, 175.34093, 253.93906, 187.88657, 187.57251, 200.37097, 127.80145, 192.74507, 366.85324, 204.13657, 289.98315, 215.44666, 218.82565, 226.79561, 154.68733, 235.72554, 329.00104, 245.97479, 253.23792, 255.82552, 184.24529, 265.05286, 122.06406, 270.11276, 370.87106, 279.38333, 290.74323, 288.00494, 216.80682, 295.79999, 150.31764, 315.42776, 331.09207, 322.75674, 252.52592, 329.11694, 181.26825, 334.48587, 117.07945, 353.78461, 374.05002, 360.02618, 291.08456, 365.21774, 215.12093, 369.01175, 146.60583, 399.68158, 332.47748, 403.4762, 251.85449, 405.94168, 178.84886, 407.11932, 113.58685, 440.89023, 376.13147, 443.83124, 291.36563, 444.85138, 213.87825, 444.52985, 144.37776, 485.5834, 333.23215, 485.7373, 251.34094, 484.00644, 177.63515, 480.8493, 112.0954, 528.44818, 376.9498, 528.10474, 291.26297, 525.15704, 213.31689, 520.45856, 143.78105;
  150.92189, 320.276, 142.81058, 248.7915, 135.87978, 179.30342, 130.53828, 112.73982, 179.06238, 279.85135, 170.87363, 207.74619, 164.22789, 138.4875, 159.11075, 72.931465, 217.07111, 312.20239, 208.28165, 238.04428, 200.29607, 166.04396, 193.65218, 97.647087, 247.66933, 269.99191, 238.80301, 195.54036, 230.67343, 124.30456, 223.29436, 56.89999, 289.02338, 303.19672, 279.55069, 226.70013, 270.28955, 152.83069, 261.53506, 82.690109, 321.63724, 259.43167, 311.67581, 183.25571, 301.77408, 110.34229, 291.99533, 41.68388, 364.8782, 293.33835, 354.62289, 215.18166, 343.90411, 139.98022, 332.97736, 68.493378, 398.51059, 248.64888, 387.43121, 171.16533, 375.65564, 97.31794, 363.63986, 27.995975, 442.67667, 282.90195, 431.6004, 203.93401, 419.44208, 127.95801, 406.44241, 56.009315, 476.03537, 237.77121, 463.8847, 159.82227, 450.41797, 85.829704, 436.23288, 16.449413, 520.15198, 272.18808, 508.48236, 192.96388, 494.92477, 117.09911, 480.1611, 45.457287;
  155.10666, 349.01746, 143.05484, 294.15652, 131.12634, 235.63051, 120.0273, 173.11414, 178.72737, 319.9787, 167.53419, 262.76117, 156.92293, 201.34084, 146.96904, 136.40071, 214.16214, 345.35965, 204.08069, 289.4053, 194.03459, 229.51822, 184.50758, 165.63029, 240.11037, 315.50491, 231.13179, 257.20737, 222.3403, 194.74358, 213.78859, 128.85184, 275.63467, 341.03845, 267.88934, 284.3783, 260.03796, 223.47954, 252.25468, 158.78043, 303.66605, 310.67407, 297.01611, 251.63383, 290.29739, 188.57625, 283.42352, 122.23414, 338.26215, 336.22244, 332.93402, 279.03595, 327.41074, 217.87944, 321.60327, 152.83731, 367.64697, 305.49438, 363.49493, 246.28117, 358.95844, 183.10551, 353.95724, 116.53704, 400.95889, 330.84271, 398.07153, 273.66528, 394.81552, 212.57777, 391.00464, 147.72589, 430.96072, 300.09427, 429.09689, 241.1201, 426.64194, 178.13277, 423.36115, 112.08066, 462.20868, 325.06863, 461.87061, 268.57336, 460.72232, 207.7612, 458.59821, 143.50356;
  116.61311, 391.67221, 116.17295, 344.2381, 116.63796, 292.58646, 118.51626, 235.80464, 144.12653, 369.64941, 145.32651, 320.36685, 147.4881, 266.23572, 151.01958, 207.16623, 171.22189, 393.74835, 173.11279, 346.72009, 175.897, 295.27545, 179.66261, 238.76974, 199.9447, 371.6167, 203.46725, 322.68384, 207.81839, 269.04501, 213.21663, 210.86894, 225.89079, 395.22839, 230.14861, 348.66537, 235.1613, 297.77881, 240.95464, 242.13158, 255.67699, 373.03931, 261.26202, 324.66614, 267.67728, 272.02356, 274.97531, 215.02669, 279.72849, 396.0816, 286.1488, 350.05432, 293.18756, 299.99338, 300.89999, 245.69397, 309.71457, 373.8772, 317.4798, 326.35361, 325.66266, 274.78333, 334.61758, 219.08588, 331.8027, 396.26169, 340.28336, 351.04407, 349.13025, 302.10123, 358.40018, 249.09744, 361.85605, 374.17422, 371.22073, 327.7565, 381.11194, 277.22391, 391.07477, 223.08018, 381.90436, 395.8071, 392.18152, 351.67484, 402.45557, 303.8555, 412.8118, 252.14638;
  120.1588, 396.76596, 127.03614, 337.32266, 134.94627, 277.40378, 143.7149, 217.6423, 151.86455, 370.30927, 159.3457, 311.26981, 167.40884, 252.03571, 175.90154, 193.54941, 176.40475, 402.02032, 183.36397, 344.13657, 190.96152, 285.81454, 198.85678, 227.49615, 207.04175, 375.88544, 214.31418, 318.52527, 221.87753, 260.99557, 229.80891, 203.91722, 230.35204, 406.33505, 237.36139, 350.25302, 244.66832, 293.65509, 252.01883, 237.09334, 259.63065, 380.62894, 266.75293, 325.16068, 273.84616, 269.49692, 281.23807, 214.04512, 281.17337, 409.78137, 288.17755, 355.5329, 295.12421, 300.9006, 302.10995, 246.15367, 308.78259, 384.60416, 315.78714, 331.07892, 322.53879, 277.39963, 329.14273, 223.77649, 328.54456, 412.37766, 335.45377, 360.13913, 342.18149, 307.42496, 348.55219, 254.72246, 354.45364, 387.83142, 361.16202, 336.33569, 367.41565, 284.64847, 373.22461, 233.06032, 372.47836, 414.34219, 379.39777, 364.06961, 385.68781, 313.46875, 391.30145, 262.73999;
  153.93466, 407.19931, 157.27803, 345.61823, 161.23366, 283.67743, 166.2966, 222.21678, 185.56671, 378.89572, 189.25478, 316.5318, 193.58401, 254.28835, 198.71465, 193.15529, 214.42722, 412.1015, 217.89407, 349.81125, 221.85579, 287.11716, 226.28027, 224.83752, 247.01784, 383.15222, 250.79886, 320.2699, 254.85811, 257.40085, 259.04898, 195.34979, 276.5033, 416.27817, 280.40085, 353.64578, 284.22354, 290.50491, 288.03113, 227.70142, 309.82614, 386.69135, 313.64343, 323.70581, 317.31516, 260.6412, 320.71069, 198.13405, 338.87762, 419.28864, 343.09778, 356.80475, 346.78168, 293.80011, 350.09689, 230.69583, 372.09378, 389.44794, 376.11832, 326.71765, 379.52777, 263.87067, 382.14359, 201.40919, 400.3757, 421.45319, 404.84451, 359.40344, 408.41339, 296.74097, 411.22733, 234.1281, 432.69025, 391.37338, 436.85492, 329.30624, 439.88361, 267.05539, 441.87708, 205.32503, 459.79257, 422.58676, 464.60577, 361.40732, 468.16577, 299.61761, 470.30185, 237.93828;
  236.567, 391.62119, 233.53159, 330.04263, 230.7594, 268.87552, 229.00264, 208.98915, 261.9827, 359.65442, 258.73169, 296.73099, 256.23679, 234.82051, 254.40968, 174.85406, 291.70901, 390.36993, 288.37991, 325.97076, 285.16843, 262.23364, 282.58524, 199.90808, 319.42694, 356.54974, 315.87958, 291.05374, 312.52487, 226.64957, 309.10455, 164.25755, 351.87076, 388.26086, 348.31564, 321.27057, 344.35596, 254.98566, 340.44467, 190.33659, 381.85434, 352.73599, 377.80807, 284.73691, 373.25171, 217.97653, 368.17966, 153.34825, 416.23392, 385.216, 412.39493, 315.83643, 407.74069, 247.25996, 402.1188, 180.35327, 447.85248, 348.086, 443.28827, 277.84192, 437.54697, 209.05409, 430.81259, 142.71179, 483.76459, 381.04721, 479.78928, 309.68256, 474.02347, 239.24707, 467.02042, 170.58968, 516.45673, 342.49719, 511.22668, 270.57193, 504.30823, 200.2482, 495.93427, 132.61852, 553.2243, 375.85599, 548.797, 303.00235, 542.28845, 231.04846, 533.91907, 161.36542;
  216.33585, 410.06653, 220.02489, 348.92441, 223.92297, 291.96707, 228.62704, 239.93065, 246.35062, 374.99872, 249.08461, 314.66885, 252.56526, 259.37146, 256.42853, 209.24089, 274.85376, 403.0798, 276.64474, 339.25122, 278.66907, 280.57434, 281.25775, 227.21187, 306.53723, 365.94614, 307.20706, 303.53687, 308.30878, 246.85683, 309.28015, 195.24876, 339.16138, 394.58179, 338.54575, 328.4906, 337.99933, 268.18741, 337.5817, 213.49237, 372.28635, 355.54132, 370.12909, 291.38214, 368.04102, 233.20816, 365.74573, 180.66324, 408.37308, 384.52005, 404.82104, 316.55942, 401.01859, 254.8857, 397.06335, 199.06567, 441.87131, 343.70538, 436.40417, 278.13931, 430.76593, 219.13628, 424.99084, 166.175, 481.09671, 372.7522, 474.11707, 303.47455, 466.60333, 240.94821, 459.07227, 184.83556, 513.93262, 330.62061, 504.72754, 264.29282, 495.31995, 205.07809, 485.92111, 152.45512, 555.61743, 359.49298, 544.94464, 289.39517, 533.72577, 226.73067, 522.3338, 171.12338;
  148.73865, 391.90939, 161.04169, 336.66061, 173.07356, 284.59921, 185.20319, 236.30084, 183.46449, 367.58121, 194.82236, 313.1803, 206.11678, 262.53659, 217.17241, 215.67949, 207.44554, 399.80426, 218.05646, 343.23074, 228.4474, 290.19049, 238.71022, 241.05838, 242.80945, 374.59747, 252.3678, 319.21048, 261.7254, 267.76941, 270.60605, 219.664, 269.15726, 407.2504, 277.90891, 349.65872, 286.27872, 295.8797, 294.26709, 245.71201, 304.68704, 381.29318, 312.1228, 325.18793, 319.08365, 272.92734, 325.71213, 224.073, 332.53198, 413.95581, 339.21075, 355.78351, 345.34201, 301.34619, 350.85791, 250.50549, 367.48502, 387.31, 372.65106, 330.79782, 377.30283, 278.1106, 381.49326, 228.85672, 396.54053, 419.73456, 400.91971, 361.34076, 404.65073, 306.66901, 407.81607, 255.62709, 429.90085, 392.63916, 432.75867, 336.00812, 435.03036, 283.37668, 436.75958, 234.27081, 459.53751, 424.60504, 461.84946, 366.22757, 463.30582, 311.65778, 464.00427, 261.11169;
  139.52919, 396.87296, 125.00266, 353.18384, 110.21908, 306.45767, 96.05481, 256.46399, 155.54031, 372.11414, 141.29434, 326.43799, 127.35255, 277.41855, 113.73298, 225.52025, 186.01167, 390.80539, 172.55569, 346.01199, 158.8947, 298.18591, 145.5625, 247.24037, 203.4599, 365.13724, 190.62064, 318.4928, 177.67932, 268.4917, 164.91518, 215.49361, 234.35072, 383.64893, 222.25578, 338.12457, 210.04738, 289.43713, 197.70203, 237.58821, 253.47598, 357.41092, 242.03745, 309.9288, 230.33257, 259.27463, 218.59354, 205.61412, 284.1503, 376.00705, 273.65097, 329.82877, 262.79855, 280.46115, 251.69612, 228.03661, 304.63882, 349.19894, 294.77603, 301.186, 284.3876, 249.89799, 274.02576, 195.70119, 334.72586, 367.79919, 325.89865, 321.1376, 316.51974, 271.46429, 306.88327, 218.45808, 356.11487, 340.56824, 347.94577, 292.32346, 339.08032, 240.62283, 329.98355, 186.01788, 385.45297, 359.20413, 378.41971, 312.36896, 370.71082, 262.37167, 362.40137, 209.04819;
  36.589069, 298.14532, 40.688541, 246.04881, 46.415726, 193.29991, 53.980961, 139.85426, 62.6516, 276.21362, 67.691521, 223.44403, 74.524887, 169.85457, 82.991646, 116.26408, 85.023445, 306.34677, 89.741554, 253.79532, 95.862282, 200.28625, 103.62573, 146.32579, 112.39285, 284.20889, 118.11486, 230.94264, 125.30653, 176.89005, 133.70668, 122.65132, 135.52957, 314.61075, 141.0276, 261.64752, 147.742, 207.80844, 155.64177, 153.39932, 164.28061, 292.33609, 170.67998, 238.8665, 178.131, 184.42618, 186.54547, 129.85162, 187.9183, 322.75073, 194.0378, 269.66846, 201.11818, 215.71381, 209.1535, 161.14615, 217.45033, 300.42526, 224.36433, 246.87181, 232.18636, 192.47626, 240.63589, 137.82487, 240.77406, 330.56058, 247.71957, 277.85254, 255.33365, 223.87932, 263.59259, 169.28589, 270.99548, 308.20111, 278.53314, 255.04153, 286.60291, 200.87192, 295.0965, 146.38991, 293.9241, 338.0589, 301.68857, 285.79526, 309.62799, 232.31474, 318.02664, 178.03032;
  71.280502, 227.33908, 81.024788, 179.46194, 92.160416, 129.7195, 105.25838, 77.780319, 99.544739, 210.36545, 110.5854, 161.5929, 123.37303, 110.57424, 137.95509, 57.737717, 118.17376, 240.83002, 129.13177, 193.08417, 141.71786, 143.20215, 155.99037, 91.136925, 147.87141, 224.16127, 160.27364, 175.46967, 174.30421, 124.49294, 189.81178, 71.684563, 166.45193, 254.67374, 178.98068, 207.23973, 192.79872, 157.5307, 208.15036, 105.66837, 197.34087, 238.27077, 211.19502, 189.83374, 226.40121, 139.36284, 242.76906, 86.906746, 215.34344, 268.56232, 229.36612, 221.54694, 244.56096, 172.34874, 260.86282, 121.06879, 247.22871, 252.40997, 262.31329, 204.6561, 278.66476, 154.7784, 296.04398, 102.90033, 264.54651, 282.31152, 279.8291, 236.02339, 296.05829, 187.58206, 313.37286, 137.02463, 296.67557, 266.46555, 313.0433, 219.51602, 330.34369, 170.45108, 348.5733, 119.26371, 313.05353, 295.72614, 329.59821, 250.54726, 346.89661, 202.95828, 365.0997, 153.24011;
  221.93631, 245.9528, 213.46252, 189.5789, 205.2184, 134.95396, 197.53886, 82.523193, 246.02643, 212.70844, 237.24713, 156.73862, 228.8797, 102.88966, 220.65677, 51.628742, 278.96573, 236.35956, 269.98715, 179.3965, 261.19815, 124.28704, 252.28374, 71.627724, 303.14142, 202.77365, 294.0863, 146.62421, 284.76126, 92.418518, 275.27802, 40.807793, 336.62634, 226.67348, 327.44424, 169.6474, 317.91937, 114.28947, 307.91574, 61.378681, 360.83499, 193.22777, 351.1684, 136.89554, 341.03464, 82.709236, 330.41934, 30.941782, 394.09521, 217.31961, 384.47781, 160.29021, 374.27853, 105.05104, 363.40799, 52.049793, 417.75867, 184.12511, 407.65118, 128.01653, 396.62061, 74.099937, 384.99603, 22.427208, 450.30945, 208.23123, 440.46042, 151.58034, 429.58347, 96.797554, 417.8717, 44.108173, 472.67862, 175.56821, 462.28452, 119.92411, 450.62827, 66.602219, 438.07037, 15.486889, 504.16168, 199.89229, 494.29501, 143.8102, 483.00259, 89.574005, 470.42062, 37.556717;
  283.55228, 316.64874, 250.44046, 275.7645, 218.62498, 236.39085, 188.65919, 198.91962, 287.54861, 279.16916, 254.59927, 239.24814, 223.22951, 201.18134, 193.57265, 165.30789, 325.27975, 282.72174, 291.41895, 242.30173, 258.84586, 203.49033, 227.77396, 166.96208, 328.84537, 245.42656, 295.25089, 206.15285, 262.98099, 168.89993, 232.08794, 133.54404, 366.862, 248.58601, 332.40421, 208.73143, 299.10938, 171.00761, 267.00925, 135.20927, 369.94296, 211.75108, 335.68631, 173.38248, 302.70416, 136.94659, 270.71442, 102.44032, 407.57172, 214.99237, 372.68903, 176.13599, 338.82507, 139.18219, 305.8439, 104.0383, 409.84741, 179.01624, 375.26746, 141.47934, 341.59436, 106.05776, 308.90323, 72.484024, 446.78531, 182.34293, 411.74985, 144.31056, 377.4758, 108.30369, 344.03253, 74.423889, 448.13928, 147.5074, 413.28537, 110.89954, 379.39709, 76.536934, 346.24207, 44.263817, 484.30237, 150.93224, 449.28357, 113.85448, 414.86041, 79.030975, 381.05649, 46.245094;
  301.19971, 340.68976, 256.20157, 322.72464, 212.63982, 305.13071, 170.71152, 288.1572, 287.75226, 309.05695, 243.20615, 291.68326, 200.37386, 274.7692, 159.28676, 258.80606, 319.38983, 295.21979, 274.25092, 277.87646, 230.60107, 261.21347, 188.43846, 245.37482, 305.54532, 264.16287, 261.18863, 247.43953, 218.11928, 231.64276, 176.78023, 216.59628, 337.00339, 249.96828, 292.02036, 233.52296, 248.44496, 217.76428, 206.13728, 202.76817, 323.00266, 219.6604, 278.80026, 203.87926, 235.85616, 188.93826, 194.23289, 174.76653, 353.81335, 205.76366, 309.14304, 190.11566, 265.64661, 175.30327, 223.44516, 161.15965, 339.56079, 176.41928, 295.70084, 161.48972, 252.97789, 147.59468, 211.41234, 134.49437, 369.68539, 163.05, 325.39548, 148.23901, 282.33096, 134.24745, 240.34769, 121.1276, 355.1521, 134.90997, 311.61536, 120.92181, 269.44241, 107.93617, 228.26591, 95.904579, 384.64069, 122.12026, 340.9386, 107.92911, 298.31931, 94.892555, 256.75745, 82.779083;
  350.96008, 346.10016, 303.67035, 349.37082, 257.40616, 352.39673, 212.1225, 354.9458, 325.69507, 324.26038, 278.90616, 327.68701, 233.32712, 330.75827, 189.08279, 333.67044, 347.72879, 299.03326, 300.72778, 302.65421, 254.67171, 306.21994, 209.94617, 309.57809, 322.46756, 277.60733, 276.19562, 281.47659, 230.9222, 285.12463, 186.75629, 288.77603, 344.15668, 252.25328, 297.57779, 256.43018, 252.1138, 260.42648, 207.58911, 264.37607, 319.02951, 231.45998, 273.26981, 235.73941, 228.53059, 239.93945, 184.76508, 244.30629, 340.38419, 206.8026, 294.46002, 211.15071, 249.52332, 215.62161, 205.41922, 220.15392, 315.47977, 186.77222, 270.36972, 191.32893, 226.16977, 196.07979, 182.99219, 200.99547, 336.22183, 162.71742, 291.20847, 167.39944, 246.85318, 172.18442, 203.6302, 177.44542, 311.76877, 143.79475, 267.48911, 148.62645, 224.07454, 153.92609, 181.71249, 159.47749, 332.04834, 120.59479, 287.82648, 125.30492, 244.47438, 130.62633, 201.93744, 136.34381;
  376.9169, 306.25519, 335.50031, 326.10571, 294.58633, 345.27875, 254.35469, 364.01651, 346.72784, 295.83203, 305.76279, 315.46457, 265.47354, 334.68112, 226.11938, 353.36887, 357.62103, 265.83896, 316.82602, 285.68024, 276.57928, 305.15137, 237.11957, 324.23056, 327.68396, 255.87471, 287.56448, 275.66107, 248.09578, 295.00998, 209.35338, 313.86346, 338.45673, 226.40271, 298.41678, 246.21831, 258.98807, 265.61832, 220.18439, 284.9664, 309.0372, 217.1929, 269.67584, 236.77245, 231.03214, 256.14166, 192.96088, 275.27652, 319.60995, 188.64874, 280.42618, 208.15271, 241.82207, 227.66396, 203.77991, 246.9194, 291.01633, 180.12538, 252.50581, 199.55951, 214.73929, 218.83772, 177.45517, 238.1239, 301.39026, 152.55685, 263.08734, 171.88171, 225.35928, 191.22725, 188.35294, 210.44656, 273.51135, 144.79536, 235.98582, 164.07309, 199.18901, 183.31659, 163.02248, 202.59909, 283.87955, 118.3269, 246.46011, 137.24649, 209.8119, 156.43172, 173.85022, 175.76071;
  389.89001, 316.06247, 352.86386, 340.02478, 316.05695, 363.41663, 279.84033, 386.40988, 359.43127, 309.93655, 322.55664, 333.52551, 286.31711, 356.77786, 250.72263, 379.63, 366.14319, 280.04166, 329.24915, 303.70569, 292.92145, 327.15396, 257.15201, 350.26743, 335.96381, 274.03299, 299.4729, 297.5491, 263.67267, 320.73059, 228.43549, 343.80847, 342.66949, 244.30032, 306.21878, 267.84879, 270.25085, 291.22946, 234.98967, 314.47208, 312.97672, 238.61069, 277.0423, 261.95749, 241.54654, 285.10294, 206.79568, 308.17023, 319.84363, 209.51826, 283.81619, 232.79414, 248.37212, 256.00345, 213.61931, 279.16208, 290.78311, 204.01901, 255.32652, 227.15434, 220.56331, 250.33424, 186.36765, 273.28375, 297.84006, 175.73886, 262.34961, 198.76863, 227.5135, 221.82153, 193.3318, 244.90695, 269.50613, 170.83372, 234.55357, 193.69858, 200.49698, 216.58926, 167.13492, 239.63364, 276.73569, 143.34087, 241.84157, 165.93477, 207.69963, 188.66747, 174.29591, 211.66171;
  357.90268, 419.0239, 314.52231, 420.55478, 271.54514, 421.5791, 229.1387, 422.07199, 335.33505, 398.97482, 291.97934, 400.40378, 249.08624, 401.19385, 206.85831, 401.60986, 356.53247, 377.09204, 312.80783, 378.61533, 269.504, 379.80286, 226.71999, 380.51367, 333.89172, 356.63092, 290.07913, 357.95517, 246.93845, 358.91357, 204.30801, 359.55539, 355.29282, 334.09793, 311.11917, 335.55203, 267.60004, 336.7822, 224.51526, 337.82901, 332.52335, 313.17282, 288.57275, 314.5163, 245.13988, 315.65131, 202.21033, 316.74847, 353.97522, 290.69666, 309.85202, 292.00708, 266.09207, 293.27838, 222.86194, 294.57819, 331.27518, 269.36011, 287.32001, 270.68079, 243.88942, 272.05411, 200.79353, 273.37619, 352.92703, 246.85541, 308.79071, 248.26656, 264.90479, 249.60852, 221.78508, 251.00403, 330.28287, 225.74379, 286.40195, 227.09673, 242.8876, 228.52881, 200.13733, 230.12773, 351.99026, 203.30734, 307.79309, 204.50281, 264.33105, 205.92686, 221.18629, 207.79945;
  271.02872, 443.61487, 234.88765, 418.60187, 199.28868, 393.05966, 164.5311, 367.03729, 264.71011, 414.16473, 228.5491, 388.68481, 193.28055, 362.87573, 158.85641, 336.8291, 295.04141, 409.43619, 258.51331, 384.08011, 222.5425, 358.41382, 187.5641, 332.38416, 288.96777, 379.2294, 252.54959, 353.57339, 216.88315, 327.71826, 181.92592, 301.56946, 319.83405, 374.125, 283.10089, 348.4642, 246.97157, 322.61996, 211.50851, 296.65121, 314.02072, 343.31015, 277.51703, 317.43277, 241.55487, 291.54825, 206.1425, 265.46362, 345.23398, 338.13208, 308.43613, 312.29257, 272.13419, 286.43561, 236.28174, 260.38278, 339.67856, 307.02771, 303.03073, 281.04861, 266.97336, 255.04182, 231.32327, 229.34196, 370.96985, 301.73868, 334.19116, 275.76971, 297.73599, 249.86819, 261.92407, 224.0761, 365.40308, 270.56421, 328.83087, 244.59512, 292.72116, 218.81784, 257.12247, 193.16898, 396.68768, 265.29956, 360.1369, 239.28207, 323.88519, 213.49797, 287.97037, 187.97879;
  169.94453, 414.11288, 156.65852, 372.85657, 143.97437, 331.01926, 132.21573, 288.52692, 183.07074, 388.40894, 169.92868, 346.50662, 157.64417, 304.1008, 146.18851, 261.25772, 209.84712, 403.97464, 196.57501, 362.03528, 183.79776, 319.64063, 171.73134, 276.68085, 223.56383, 377.60181, 210.57733, 335.2598, 198.19487, 292.28961, 186.31287, 248.9614, 251.08574, 393.07071, 237.99373, 350.72003, 225.27527, 307.96552, 213.02194, 264.49753, 265.65927, 366.15198, 252.66203, 323.34274, 240.22847, 280.05966, 228.05699, 236.55811, 293.51328, 381.5853, 280.53491, 338.90018, 267.80231, 295.73843, 255.39954, 252.04529, 308.5329, 354.3313, 295.72266, 311.31287, 283.24033, 267.76822, 270.9101, 223.97227, 336.57349, 369.80106, 323.77768, 326.76965, 311.11053, 283.48389, 298.79166, 239.72992, 351.87976, 342.17566, 339.27707, 299.00333, 326.75165, 255.48434, 314.3877, 211.64233, 379.98865, 357.43695, 367.51465, 314.40771, 355.08182, 271.10385, 342.61255, 227.33307;
  117.00616, 324.70676, 129.44536, 282.75351, 142.6286, 240.47885, 156.98949, 198.32426, 142.59442, 310.95444, 155.5455, 268.4942, 169.35669, 226.08557, 184.23341, 183.54138, 156.13089, 339.33005, 168.9035, 296.82834, 182.41722, 254.12442, 196.76991, 211.3067, 182.64229, 325.40268, 195.93626, 282.54816, 209.95444, 239.52322, 224.73103, 196.52071, 196.99121, 354.05154, 210.06682, 311.26553, 223.76775, 268.10117, 238.1729, 224.90776, 224.35179, 339.79892, 237.89935, 296.81772, 251.99054, 253.52339, 266.58716, 210.03105, 238.93044, 368.53787, 252.33554, 325.56497, 266.22482, 282.34097, 280.54358, 238.78375, 266.96249, 354.30222, 280.78915, 311.14551, 294.92548, 267.62894, 309.45215, 223.82256, 281.81805, 382.80487, 295.38437, 339.85193, 309.38892, 296.56085, 323.78369, 252.81326, 310.22736, 368.4967, 324.11105, 325.40616, 338.22867, 281.78894, 352.77649, 238.10574, 325.00241, 396.78369, 338.89844, 354.04855, 352.92133, 310.76392, 367.32037, 267.01175;
  90.337357, 256.31717, 117.32569, 222.34171, 145.21086, 188.18613, 173.93228, 153.84242, 120.22353, 253.45599, 147.65265, 219.43463, 176.10638, 185.19342, 205.26024, 150.98795, 123.38703, 284.21661, 150.43825, 250.38687, 178.44206, 216.46977, 207.21866, 182.28362, 153.48068, 281.24255, 181.08264, 247.59668, 209.44637, 213.71184, 238.461, 179.59239, 156.716, 311.85541, 183.99579, 278.5303, 211.94829, 244.91219, 240.5733, 210.97537, 187.02153, 308.96454, 214.6145, 275.74591, 242.83844, 242.12, 271.64148, 208.23476, 190.18805, 338.97626, 217.46138, 306.08597, 245.34888, 272.89597, 273.73318, 239.39978, 220.4248, 336.08655, 247.99428, 303.31155, 275.99939, 270.13226, 304.58359, 236.54033, 223.38683, 365.35028, 250.62236, 333.1218, 278.34903, 300.45981, 306.55411, 267.224, 253.38992, 362.28897, 280.72455, 330.10852, 308.4841, 297.35681, 336.58484, 264.37155, 256.15054, 390.81271, 283.22263, 359.31946, 310.77786, 327.13461, 338.34375, 294.38922;
  106.0811, 212.6102, 139.87082, 183.67403, 173.90874, 155.29799, 208.05869, 127.61302, 136.47247, 214.46616, 170.09785, 186.0585, 203.65785, 158.12515, 237.34006, 130.83449, 133.17384, 244.9671, 166.44098, 216.44659, 199.75285, 188.48862, 232.92447, 160.85057, 163.05646, 246.5399, 196.02255, 218.60805, 228.83983, 190.8802, 261.63101, 163.69739, 160.10791, 276.39813, 192.59393, 248.33684, 225.07338, 220.664, 257.43262, 193.31792, 189.38306, 277.60144, 221.4317, 250.00464, 253.45178, 222.7762, 285.51389, 195.89911, 186.35661, 306.35083, 217.98499, 278.94644, 249.62956, 251.6489, 281.28217, 224.82451, 214.80936, 307.27072, 246.02721, 280.19315, 277.16495, 253.32864, 308.43719, 226.82619, 211.81801, 334.91669, 242.64905, 308.09979, 273.34225, 281.32382, 304.07669, 254.85596, 239.27763, 335.24762, 269.73459, 308.89349, 299.93561, 282.3938, 330.00833, 256.25986, 236.28735, 361.77374, 266.25256, 335.7265, 296.061, 309.59506, 325.6998, 283.40411;
  133.62788, 225.71487, 167.56824, 195.28755, 200.79381, 165.75844, 233.41814, 137.58269, 166.06274, 226.59132, 199.67828, 196.14404, 232.5652, 167.01926, 264.55096, 139.12706, 164.63515, 258.73132, 198.56519, 227.48477, 231.77844, 197.34793, 264.05142, 168.4825, 197.54909, 259.57803, 231.09175, 228.59283, 263.74249, 198.65453, 295.46231, 169.80573, 196.5351, 292.45801, 230.38258, 260.74182, 263.41644, 229.92471, 295.47516, 200.03024, 229.68732, 293.35638, 263.02814, 261.77957, 295.41757, 231.11935, 326.73587, 201.44, 228.9478, 326.42926, 262.62787, 294.23083, 295.29791, 262.82825, 326.92142, 232.28899, 262.1431, 327.06863, 295.11096, 295.09811, 327.04221, 263.8938, 357.94394, 233.45938, 261.47351, 360.20364, 294.77533, 327.74719, 327.02432, 295.89609, 358.10715, 264.88367, 294.34921, 360.51111, 326.88144, 328.27679, 358.2439, 296.65524, 388.43552, 265.73129, 293.84427, 393.47467, 326.53613, 360.79922, 358.25488, 328.7829, 388.72971, 297.448;
  138.23303, 273.61838, 159.44235, 239.50334, 179.25107, 207.92738, 198.25594, 179.13307, 169.15619, 262.24365, 189.34752, 228.62961, 208.2382, 198.02612, 226.07294, 170.05258, 179.5029, 286.561, 199.84674, 251.05737, 218.90143, 218.2894, 236.76884, 188.56137, 211.20872, 274.80569, 230.39697, 239.87003, 248.23308, 208.29564, 264.78903, 178.87668, 223.41629, 300.2193, 242.72815, 263.31107, 260.556, 229.39471, 277.07449, 198.34325, 255.61282, 288.13019, 273.53503, 252.08685, 290.02216, 218.95854, 305.25882, 188.29079, 269.31049, 314.34625, 287.29065, 276.24295, 303.74945, 241.10307, 318.87643, 208.63745, 301.77805, 301.8801, 318.27625, 264.4957, 333.28033, 230.23323, 346.94302, 198.57982, 317.0134, 329.04733, 333.45697, 289.505, 348.34744, 253.15495, 361.75031, 219.74922, 349.38318, 315.96402, 364.18146, 277.36008, 377.43362, 242.26343, 389.32333, 209.8497, 365.97714, 344.0498, 380.67407, 303.18762, 393.814, 265.76727, 405.46646, 231.70404;
  158.46617, 327.03677, 142.74309, 294.76892, 128.28128, 265.0347, 115.62106, 237.9127, 166.89081, 296.7305, 151.01573, 266.01538, 136.93512, 237.89868, 124.29951, 212.1859, 192.52707, 298.5972, 175.2253, 267.08191, 159.42238, 238.05864, 145.5909, 211.66556, 200.83247, 268.16406, 183.56207, 238.33868, 167.9709, 211.04298, 153.63405, 185.97328, 228.02399, 269.20798, 209.11676, 238.55746, 191.98349, 210.37305, 176.23643, 184.70383, 236.24356, 238.79645, 217.25194, 210.00079, 199.90094, 183.47531, 183.93709, 159.18219, 264.63129, 239.29163, 243.99141, 209.51881, 225.13231, 182.39003, 207.72678, 157.48647, 272.25418, 209.06122, 251.62811, 181.29535, 232.59793, 155.73784, 215.09286, 132.56241, 301.82324, 208.90161, 279.49078, 180.25337, 258.83038, 154.22406, 239.94368, 130.45201, 308.63232, 179.32159, 286.24216, 152.60783, 265.75574, 128.50264, 247.04668, 106.313, 339.2327, 178.65581, 314.98886, 150.98193, 292.90796, 126.27336, 272.72134, 103.93088;
  231.62177, 350.2959, 202.0379, 322.83994, 173.64825, 296.34387, 146.76912, 270.65662, 229.25398, 320.77304, 199.71753, 293.91364, 171.81818, 267.90674, 145.26735, 242.7272, 257.31537, 318.60977, 226.97015, 291.37137, 197.82486, 264.98547, 170.24158, 239.7238, 254.959, 288.82755, 224.85347, 262.10339, 196.06992, 236.3949, 168.505, 211.57361, 283.87103, 286.00528, 252.80624, 259.02673, 223.02466, 233.00043, 194.43648, 207.92912, 281.64841, 255.94327, 250.71346, 229.58652, 221.14784, 204.24068, 192.64908, 179.76945, 311.00296, 252.77795, 279.35345, 226.12901, 248.82245, 200.54312, 219.33267, 175.868, 308.68173, 222.72163, 277.1586, 196.71065, 246.80714, 171.8427, 217.55684, 147.76772, 338.53513, 219.40765, 306.14325, 193.02081, 275.02017, 167.87938, 244.90289, 143.70773, 335.8699, 189.38344, 303.80246, 164.00635, 272.9584, 139.59375, 243.0928, 116.17101, 366.1355, 185.92381, 333.35858, 159.97125, 301.54199, 135.29514, 270.93839, 111.78416;
  241.90189, 369.2355, 224.95906, 343.06754, 207.73729, 315.77789, 190.10582, 286.87082, 248.41441, 349.64413, 231.44847, 322.73624, 214.30913, 294.35156, 196.5737, 264.28897, 271.6424, 356.28674, 255.18492, 329.59567, 238.30743, 301.66837, 221.1031, 272.14529, 278.85522, 336.25449, 262.39624, 308.8627, 245.65044, 279.85663, 228.30081, 249.45436, 302.38675, 342.99222, 286.5126, 315.72195, 270.07721, 287.1806, 253.30812, 257.29361, 310.18158, 322.53, 294.31531, 294.49884, 278.05923, 265.05594, 261.23813, 234.22057, 333.68237, 329.38489, 318.32837, 301.55679, 302.58212, 272.50003, 286.29172, 242.23253, 342.13843, 308.49554, 326.81381, 279.89612, 311.1163, 250.07213, 294.82205, 218.78848, 365.28189, 315.43567, 350.67465, 287.12363, 335.5343, 257.70947, 319.91269, 227.00673, 374.27606, 294.30624, 359.66086, 265.21167, 344.64096, 234.93303, 328.95227, 203.1636, 397.38803, 301.26154, 383.5563, 272.73965, 369.07175, 242.78926, 353.94244, 211.57422;
  162.67566, 382.61987, 162.13553, 356.5957, 162.01196, 329.69565, 162.01071, 301.11157, 177.29713, 370.5788, 177.18204, 344.24225, 177.377, 316.45557, 177.92177, 287.19385, 191.94521, 384.29102, 192.3064, 358.4884, 192.52068, 331.42688, 193.25911, 302.96942, 207.12575, 372.27554, 207.67329, 345.84525, 208.48116, 318.21478, 209.52176, 289.15506, 221.65149, 385.90411, 222.56715, 360.04614, 223.53699, 333.13422, 224.79706, 304.76697, 237.21202, 373.80157, 238.47942, 347.52304, 239.80173, 320.02225, 241.43788, 291.03058, 251.4518, 387.1749, 252.85294, 361.55573, 254.5209, 334.6084, 256.19858, 306.55783, 267.24655, 375.26633, 268.97287, 348.93964, 270.93842, 321.63437, 273.21826, 292.87228, 281.10327, 388.37149, 283.28345, 362.87921, 285.33344, 336.21152, 287.7901, 308.17984, 296.97406, 376.31903, 299.40918, 350.32111, 301.93359, 323.18073, 304.76978, 294.53372, 310.54395, 389.34818, 313.18591, 364.16052, 315.93784, 337.63834, 318.99533, 309.6467;
  96.017242, 380.85043, 101.09225, 353.58322, 106.52173, 326.65436, 112.03114, 299.74982, 111.97046, 370.22565, 117.01829, 343.05621, 122.37962, 316.05048, 128.01245, 289.25977, 122.82655, 386.82593, 127.84282, 359.58371, 132.99359, 332.48257, 138.3965, 305.64258, 138.66824, 376.09314, 143.77702, 348.92883, 149.06815, 321.91611, 154.35657, 294.98993, 149.83514, 392.64322, 154.75751, 365.37878, 159.92511, 338.36261, 165.10101, 311.40454, 165.83423, 381.84204, 170.88686, 354.77747, 175.96587, 327.71408, 181.22205, 300.74948, 177.03281, 398.37885, 181.87431, 371.10651, 186.78441, 344.05139, 191.95927, 316.99646, 193.03564, 387.47876, 197.90518, 360.41843, 202.84981, 333.42789, 207.8754, 306.49509, 204.32707, 403.67825, 209.02121, 376.61819, 213.78906, 349.61261, 218.74768, 322.77441, 220.22461, 392.77469, 224.89572, 365.77585, 229.64647, 338.86423, 234.54878, 312.11639, 231.38461, 409.035, 236.078, 381.94775, 240.77141, 355.13483, 245.36896, 328.36044;
  23.310019, 388.1622, 27.296598, 365.24896, 31.22139, 343.15762, 35.445583, 322.23734, 38.005013, 377.26907, 41.770206, 354.51474, 45.658577, 333.10739, 49.399044, 312.46103, 49.191269, 389.83786, 52.69545, 366.53226, 56.084946, 344.35815, 59.793674, 323.24945, 64.055092, 378.53091, 67.163857, 355.86356, 70.511017, 334.11832, 73.684372, 313.13818, 75.712967, 391.18225, 78.740578, 367.77808, 81.69561, 345.43246, 84.749413, 324.05875, 90.704262, 379.9902, 93.168961, 357.05002, 95.924202, 335.05737, 98.618797, 313.85919, 102.95158, 392.47964, 105.34069, 368.95096, 107.73685, 346.34009, 110.16233, 324.70328, 117.84499, 381.1828, 119.66876, 358.03891, 121.89951, 335.91147, 124.07755, 314.4389, 130.60611, 393.75339, 132.27708, 370.09833, 134.06888, 347.30484, 135.89836, 325.57007, 145.26277, 382.32806, 146.80667, 358.95108, 148.23592, 336.7608, 149.66144, 315.4111, 158.65321, 394.92529, 159.76837, 370.89032, 160.80061, 348.09247, 161.98531, 326.31549;
  41.216152, 433.44406, 37.725788, 407.0575, 34.38776, 381.12875, 31.610369, 355.84274, 51.704689, 417.42712, 48.011078, 391.04807, 44.790722, 365.43979, 41.994133, 340.44025, 66.051765, 427.94351, 62.108051, 401.1438, 58.452576, 375.13535, 55.378559, 349.70795, 76.60334, 411.56198, 72.662781, 385.02368, 69.141434, 359.17728, 65.915993, 333.87936, 91.684433, 421.93872, 87.418884, 395.12082, 83.49855, 368.89719, 79.903046, 343.2793, 102.52753, 405.30176, 98.245468, 378.71838, 94.176468, 352.69675, 90.403549, 327.15872, 118.11856, 415.83817, 113.40174, 388.7923, 109.01532, 362.33792, 104.92041, 336.45691, 129.15974, 399.04453, 124.33361, 372.15552, 119.95081, 345.97089, 115.76396, 320.27692, 145.27785, 409.38669, 140.09143, 382.16617, 135.30522, 355.55695, 130.75349, 329.5365, 156.25128, 392.2977, 151.09303, 365.35123, 146.25946, 339.07361, 141.64131, 313.3945, 172.967, 402.62485, 167.32191, 375.3226, 162.12798, 348.67352, 157.21535, 322.7258;
  111.35183, 465.45685, 105.87505, 439.14359, 100.87813, 412.36441, 95.895981, 384.43021, 122.44781, 450.67633, 117.25017, 424.09296, 112.24442, 396.57236, 107.49065, 368.18594, 138.60066, 461.93073, 133.47847, 435.55725, 128.71083, 408.61816, 123.96362, 380.64743, 149.89656, 446.93509, 145.0638, 420.30649, 140.43204, 392.87256, 135.94327, 364.41226, 166.27072, 458.10321, 161.45592, 431.73322, 156.84447, 404.66956, 152.60542, 376.83142, 177.71628, 442.90399, 173.11371, 416.30069, 168.91559, 388.90274, 164.76073, 360.61313, 194.03699, 453.98648, 189.56128, 427.69751, 185.27731, 400.66986, 181.14978, 372.7392, 205.52525, 438.86215, 201.47771, 412.22543, 197.50543, 384.81564, 193.51978, 356.53879, 221.55434, 449.79865, 217.58485, 423.43173, 213.65906, 396.56534, 209.84154, 368.74985, 233.44562, 434.56409, 229.70142, 408.01968, 225.9986, 380.57687, 222.42204, 352.47833, 249.19476, 445.16153, 245.63814, 419.00076, 242.05739, 392.2807, 238.55928, 364.51096;
  137.18694, 454.53043, 143.259, 424.40396, 149.8376, 393.85779, 156.57887, 362.38678, 155.05775, 442.10934, 161.37477, 411.98224, 167.96988, 381.1915, 174.77838, 349.67786, 166.56528, 459.28662, 172.81546, 429.69873, 179.3455, 399.4899, 186.02846, 368.63788, 184.15767, 446.75003, 190.58414, 417.19492, 197.19331, 386.96088, 204.06657, 356.10776, 195.43051, 463.53787, 201.76587, 434.41635, 208.26071, 404.81985, 214.96143, 374.54953, 212.59943, 451.15784, 219.13165, 422.02206, 225.7132, 392.45148, 232.69154, 362.18286, 223.37744, 467.31958, 229.84129, 438.79578, 236.37729, 409.79529, 243.16072, 380.10489, 240.24658, 455.04532, 246.75922, 426.5256, 253.39801, 397.5239, 260.34427, 367.85461, 250.56279, 470.81049, 256.86566, 442.83859, 263.47397, 414.38275, 270.26184, 385.25928, 266.91281, 458.57678, 273.45407, 430.65506, 280.06464, 402.21683, 286.72833, 373.04282, 276.4523, 474.04208, 283.25815, 446.52179, 289.72339, 418.56274, 296.36624, 389.93967;
  168.57501, 404.81802, 173.98438, 373.47064, 179.30295, 343.75345, 184.49753, 315.68231, 188.72229, 393.1503, 193.63071, 362.51343, 198.33124, 333.57285, 202.94563, 306.34637, 203.72894, 412.98535, 208.24602, 381.65964, 212.56297, 351.89023, 216.74637, 323.80289, 223.27654, 401.02423, 227.22533, 370.5303, 231.05769, 341.58212, 234.686, 313.97635, 238.77312, 420.65182, 242.35535, 389.45563, 245.75601, 359.83289, 249.0107, 331.62823, 257.60144, 408.62973, 260.57422, 378.30423, 263.51852, 349.2966, 266.48648, 321.5795, 273.11533, 428.03662, 275.68741, 396.92224, 278.25177, 367.42365, 280.74921, 338.92325, 291.12869, 415.79715, 293.40594, 385.6373, 295.42245, 356.71704, 297.40262, 328.99847, 306.64349, 434.82584, 308.50052, 404.0426, 310.2338, 374.4451, 311.80267, 346.43954, 323.78946, 422.54141, 325.26706, 392.48007, 326.43478, 363.76428, 327.52911, 336.41806, 339.30569, 441.19327, 340.38275, 410.60168, 341.34512, 381.33441, 342.06934, 353.52127;
  211.31706, 408.99683, 214.52936, 372.26706, 217.75839, 335.43994, 221.37949, 298.46765, 230.97206, 392.57782, 234.0914, 355.61758, 237.58914, 318.46909, 241.18463, 281.39767, 247.53029, 412.84888, 250.65831, 375.88559, 254.02069, 338.73782, 257.54724, 301.44061, 267.47891, 396.13852, 270.7919, 358.94293, 274.14413, 321.55371, 277.60187, 284.03476, 284.44284, 416.56766, 287.74466, 379.25623, 291.05463, 341.85397, 294.42892, 304.30991, 304.90237, 399.58148, 308.22003, 362.16153, 311.44049, 324.47894, 314.72028, 286.77948, 321.94812, 419.85712, 325.31137, 382.41553, 328.64481, 344.87524, 331.80759, 307.07388, 342.56497, 402.6676, 345.94467, 365.09402, 349.078, 327.37143, 352.25186, 289.46869, 359.6994, 422.84286, 363.10364, 385.25012, 366.38779, 347.6084, 369.49988, 309.82095, 380.31628, 405.37503, 383.55502, 367.80624, 386.73407, 330.02341, 389.80188, 292.19672, 397.4082, 425.4538, 400.8735, 387.87302, 404.0939, 350.31744, 407.18747, 312.47989;
  196.11592, 391.28668, 203.2778, 354.69574, 210.85234, 317.93961, 218.54988, 281.35446, 217.79063, 376.82678, 225.13008, 340.21036, 232.64548, 303.78879, 240.175, 267.39273, 232.33363, 398.76126, 239.47768, 362.40268, 246.80363, 326.06277, 254.13718, 289.6597, 253.8022, 384.24567, 261.00702, 347.89124, 268.09622, 311.76956, 275.49768, 275.59219, 268.10873, 405.81146, 275.28442, 369.77646, 282.39865, 333.65601, 289.40918, 297.67325, 289.32639, 391.20459, 296.30502, 355.33179, 303.35635, 319.5824, 310.33536, 283.74142, 303.4155, 412.41595, 310.3327, 376.70374, 317.2182, 341.12311, 324.04791, 305.50839, 324.11917, 397.70227, 330.92252, 362.35175, 337.80951, 327.03574, 344.44373, 291.52521, 337.55276, 418.45602, 344.38181, 383.28152, 351.19836, 348.12039, 357.73096, 312.99484, 357.7171, 403.83936, 364.51733, 369.00824, 370.96289, 334.10312, 377.24603, 299.3028, 370.92426, 424.08139, 377.64453, 389.45251, 384.05768, 354.90356, 390.24335, 320.26978;
  205.62915, 406.12628, 217.78883, 372.19846, 230.48947, 337.61411, 243.3091, 302.18558, 228.27556, 393.40793, 240.78423, 359.59204, 253.41286, 324.92291, 266.26202, 289.51813, 238.42436, 413.96271, 250.74622, 380.78595, 263.29886, 346.98306, 275.88733, 312.31216, 260.53256, 401.36053, 272.97757, 368.24658, 285.54346, 334.44351, 298.29819, 299.89536, 270.10248, 421.23495, 282.42395, 388.83142, 294.85437, 355.8067, 307.44131, 322.05353, 291.5025, 408.68259, 303.85345, 376.43054, 316.31039, 343.45868, 329.06998, 309.89044, 300.31512, 427.88919, 312.51431, 396.28543, 324.90552, 364.12051, 337.44498, 331.2529, 320.9346, 415.48523, 333.23074, 384.00024, 345.61606, 351.89825, 358.18439, 319.15643, 328.99255, 434.02261, 341.17419, 403.19336, 353.40958, 371.80865, 365.81012, 339.77765, 348.8725, 421.73071, 361.07828, 391.02673, 373.18405, 359.7644, 385.38348, 327.89316, 356.29178, 439.58304, 368.46356, 409.63425, 380.47928, 379.05804, 392.45609, 347.74924;
  273.01517, 423.41443, 280.13248, 393.7731, 287.26874, 363.92615, 294.3541, 333.63025, 291.5401, 411.87195, 298.60129, 382.18326, 305.67328, 352.20993, 312.5723, 321.87262, 302.79123, 429.70743, 309.93423, 400.23724, 316.98227, 370.51556, 323.84485, 340.54391, 321.02982, 418.04327, 328.13101, 388.56555, 335.1651, 358.7435, 342.11435, 328.59531, 332.06323, 435.66302, 339.35233, 406.40601, 346.3974, 376.89624, 353.32275, 346.99872, 350.20313, 423.95874, 357.2558, 394.78394, 364.42438, 365.23804, 371.36914, 335.24561, 360.86063, 441.25452, 368.05615, 412.31696, 375.20673, 383.06577, 382.24329, 353.46848, 378.73495, 429.49387, 385.89175, 400.59848, 392.896, 371.37848, 399.78702, 341.6748, 388.96402, 446.41113, 396.23648, 417.86063, 403.34143, 388.87241, 410.31183, 359.62534, 406.31464, 434.72565, 413.61703, 406.19412, 420.56454, 377.22583, 427.40302, 347.93484, 416.25409, 451.23886, 423.77292, 423.07227, 430.70367, 394.5369, 437.63797, 365.37537;
  316.46024, 424.93515, 320.40506, 398.36819, 323.88388, 372.62979, 327.40518, 348.24155, 332.97058, 411.52255, 336.40735, 385.24496, 339.68579, 360.0961, 342.88257, 335.97787, 345.9375, 425.16171, 349.32312, 398.16873, 352.40576, 372.30624, 355.24088, 347.61163, 362.5668, 411.48447, 365.27002, 384.9382, 368.06525, 359.57687, 370.52667, 334.99048, 376.25778, 425.07053, 378.91333, 397.89038, 381.29309, 371.81354, 383.58563, 346.79691, 392.60022, 411.27637, 394.99307, 384.51797, 396.98013, 358.64377, 398.729, 333.84644, 406.72562, 425.01569, 408.83374, 397.43954, 410.5737, 371.16907, 412.28214, 345.63431, 423.1463, 410.92276, 424.68402, 383.69943, 426.09668, 357.72156, 427.16315, 332.68787, 437.50143, 424.57047, 439.01172, 396.79053, 440.21738, 370.22305, 441.04431, 344.5683, 453.59131, 410.16696, 454.58002, 382.8797, 455.25754, 356.82471, 455.6954, 331.65439, 468.58099, 423.99426, 469.33572, 395.89841, 469.81143, 369.21515, 470.14487, 343.63327;
  376.54407, 415.12866, 374.36533, 385.8262, 372.15341, 357.78314, 369.97839, 330.87903, 391.13351, 400.75095, 388.73004, 372.14374, 386.12793, 344.92404, 383.47415, 318.75006, 408.18188, 415.51776, 405.20374, 386.57468, 402.38416, 359.0401, 399.42529, 332.52582, 421.97305, 401.1636, 418.77719, 373.03009, 415.48114, 346.20639, 412.36279, 320.22797, 438.89349, 415.69849, 435.35434, 387.31091, 431.82932, 360.01935, 428.34769, 333.79901, 451.89899, 401.5932, 448.02383, 373.86966, 444.27094, 347.22614, 440.62115, 321.44559, 468.54123, 415.66464, 464.39362, 387.75232, 460.30835, 360.84177, 456.34863, 334.74081, 480.75851, 401.7341, 476.46436, 374.37994, 472.14807, 348.17154, 467.89474, 322.66867, 496.96341, 415.45682, 492.4147, 387.98917, 487.88452, 361.47827, 483.3194, 335.81503, 508.39868, 401.60504, 503.67365, 374.75043, 498.86292, 348.97467, 494.04468, 323.97382, 524.3009, 415.17368, 519.47266, 388.0242, 514.43005, 362.04712, 509.3765, 336.91013;
  380.92462, 421.51645, 383.19077, 391.68097, 385.21481, 361.16907, 387.11151, 329.78644, 397.67581, 407.71713, 399.99899, 377.58133, 402.05191, 346.57397, 403.99298, 314.62396, 411.83862, 423.57281, 414.50275, 393.68317, 416.80573, 363.11435, 418.91586, 331.5267, 428.61902, 409.61288, 431.32864, 379.39319, 433.71329, 348.30667, 435.81921, 316.41058, 442.79752, 425.39737, 445.67883, 395.388, 448.28329, 364.80896, 450.68109, 333.32556, 459.65607, 411.28778, 462.64487, 380.96344, 465.18829, 349.98203, 467.54669, 318.12787, 473.32928, 426.84015, 476.58502, 396.99185, 479.49393, 366.39056, 482.17828, 334.8721, 490.2468, 412.66681, 493.50421, 382.56796, 496.4342, 351.55164, 499.12625, 319.64688, 503.49124, 428.18143, 507.0408, 398.30313, 510.24969, 367.82196, 513.17316, 336.42691, 520.26868, 413.89474, 523.90424, 383.84949, 526.97821, 352.84164, 529.84167, 321.10419, 533.15991, 429.121, 537.01605, 399.51627, 540.55524, 369.01718, 543.65179, 337.71167;
  399.79099, 430.67862, 388.9299, 401.7778, 377.66809, 372.66647, 366.46564, 343.29596, 408.07007, 411.49994, 396.92297, 382.17447, 385.61588, 352.68872, 374.2962, 322.90594, 427.52426, 421.33893, 416.43054, 391.85138, 405.03622, 362.10641, 393.60849, 332.24484, 436.116, 401.51086, 424.81262, 371.76779, 413.31091, 341.58804, 401.44891, 311.21475, 456.05219, 411.33197, 444.85544, 381.22861, 433.34183, 351.03497, 421.49881, 320.55704, 465.05859, 390.97983, 453.5192, 360.48654, 441.82788, 329.90005, 429.5647, 299.06744, 485.34897, 400.75104, 474.02917, 370.10709, 462.26178, 339.37305, 450.19635, 308.34158, 494.6167, 379.79059, 482.98785, 348.8299, 470.97989, 317.73169, 458.37186, 286.37308, 515.10706, 389.71378, 503.65286, 358.47849, 491.78485, 327.12302, 479.44955, 295.73486, 524.57214, 368.21695, 512.7381, 336.74219, 500.57199, 305.05923, 487.7822, 273.27155, 545.44086, 377.96466, 533.83374, 346.28906, 521.76312, 314.50174, 509.24463, 282.57846]
