image_Width 640
image_Height 480
board_Width 5
board_Height 6
square_Size 25.5
Camera_Matrix[686.5120694963093, 0, 304.5952883162001;
  0, 684.5496801792315, 268.1954812419954;
  0, 0, 1]
Distortion_Coefficients[-0.4009676183227734;
  0.3018937176345502;
  0;
  0;
  -0.2034294438961943]
Avg_Reprojection_Error 0.293796
Per_View_Reprojection_Errors[0.26072767;
  0.25149277;
  0.30936891;
  0.367055;
  0.44988954;
  0.2443904;
  0.39420268;
  0.56129247;
  0.54796976;
  0.49242017;
  0.29781246;
  0.25764632;
  0.3186577;
  0.26720828;
  0.23972289;
  0.31875435;
  0.43821445;
  0.36632216;
  0.36464778;
  0.27217472;
  0.28949451;
  0.29467121;
  0.24130952;
  0.24274665;
  0.27586931;
  0.35489351;
  0.30934361;
  0.34364501;
  0.26654097;
  0.38025948;
  0.30747822;
  0.44093102;
  0.27576435;
  0.2892409;
  0.3328408;
  0.21790367;
  0.27402389;
  0.19163996;
  0.246685;
  0.22713698;
  0.28653604;
  0.16440938;
  0.2083945;
  0.1790043;
  0.21902362;
  0.19905317;
  0.15369037;
  0.16345684;
  0.14099728;
  0.25834382;
  0.21893743;
  0.2128064;
  0.17092282;
  0.16164146;
  0.19254428;
  0.17142399;
  0.20227167;
  0.22099094;
  0.213479;
  0.17175302;
  0.16533709;
  0.17110294;
  0.21026908;
  0.18332024;
  0.14584523;
  0.21509618;
  0.1848885;
  0.29629356;
  0.41360441;
  0.5080573;
  0.47930101;
  0.39827237;
  0.26704422;
  0.22016573;
  0.12494613]
Extrinsic_Parameters[-2.336641225762188, 1.977225245832376, 0.3296382675055437, 70.20691128101612, 52.04622155222926, 325.6283569252288;
  -2.301418264220103, 2.016427685247479, 0.3152048542259896, 72.03022236681767, 49.94495125152925, 324.5353315387736;
  -2.267067141638048, 2.119618142032618, 0.2505326917495599, 74.74494185825596, 44.04660408466809, 320.0480200206569;
  -2.310883289216433, 1.871943541022793, -0.04174937291043523, 39.80446692384976, 46.00155991337937, 341.3955062100959;
  -2.333241047574868, 1.913605405245745, 0.07431772649086843, 48.88336637044025, 42.57982936492502, 329.448582784795;
  0.6921096709689621, -2.993001476326247, 0.1889559670737925, 54.08523985825129, -50.20344948722707, 376.4296911428111;
  0.386621115660141, -3.033532527916953, 0.1435065774960793, 49.32211905581467, -65.83556679256161, 364.8358117798761;
  0.1190514733033607, -3.027144944195369, 0.2823389164677734, 33.50925741886681, -84.3889796329063, 390.1286603695426;
  0.623776865170557, -2.974064333910033, 0.2297645562170425, 58.44463712757999, -54.04428190263892, 380.0983956452674;
  1.10765798741461, -2.827577684619508, 0.1832382805953043, 70.32666132625097, -24.59308489217906, 373.0724021414866;
  2.637763401083459, -1.716684412797726, 0.1135106268267107, 20.19018752262272, 68.2417286747413, 357.375632069992;
  2.6628745410058, -1.64016689932424, 0.1597930514048505, 18.60414171291198, 69.29194358074079, 354.667581273738;
  -1.991761371828965, 1.916718347988578, -0.2172140991826494, 4.028465249565221, 62.11123108894974, 398.7880786334945;
  -2.144503477327623, 2.023822907708085, -0.06399760463447998, 24.00585592977038, 65.5646485053299, 380.7080609560272;
  2.006789952423393, -2.309530281644083, 0.2243182341550052, 42.12064861311399, 10.23428022837313, 395.4789490626066;
  2.352790365412245, -2.078790100655293, -0.08067732099731749, 105.812457194742, 9.135983722109286, 365.7621242338088;
  2.175752593423846, -2.139781052930169, -0.1979110243860378, 104.8592972796231, -4.99302394725974, 352.7500812133901;
  -2.42737451147463, 1.917724041547711, -0.4108062540259067, 15.84910784629433, 80.73289798768025, 444.5597778579165;
  -2.454834257512657, 1.817397318441927, -0.1876348159312232, 6.040772702602998, 93.81275619547222, 446.2002506320342;
  1.929372892070152, -2.269532911631915, 0.4770094284313053, -30.19579367417012, 47.48497853662138, 435.3582382907605;
  -2.024840668027353, 2.124908861592941, -0.4700167909280177, -48.38513965753009, 75.37322429056081, 473.6590564420503;
  -1.956094479495835, 2.037855577977877, -0.3127773384642039, -38.20847327041776, 108.8492329614446, 485.2316279893971;
  -2.019070527358009, 1.973807048222125, -0.2863983907170562, -36.47483346237141, 125.4233480237877, 482.6454361882522;
  1.779414180105635, -2.249734719974832, 0.2462345271606224, 139.1101555228412, 51.54036516118419, 347.3640763184315;
  1.843911504257898, -2.235072646052748, 0.2582105463014527, 137.9536806286153, 57.1228103440441, 354.5247103862388;
  -2.313522716676497, 2.293344753662622, -0.2740102236788558, 128.3360047063111, 85.11046328098949, 378.4116768693795;
  -2.404423526907335, 2.0992953700896, -0.2285916391238957, 127.7618378543861, 96.76166864025558, 391.5822293405175;
  -2.424095763435725, 1.9909734431974, -0.2061390292307264, 131.1388498759818, 93.70357551791926, 398.1397804996462;
  -2.365548367207286, 1.832310576779922, -0.2215501396415354, 89.03102172633216, 9.089085598677281, 416.4966271003808;
  2.319974873073265, -2.232207424014522, -0.3293569246736476, 48.62354340284995, -5.715344558539387, 423.7395174870952;
  2.393067667058126, -2.231589810885359, -0.1047403284795671, -55.66519553407923, 85.28354297284689, 489.0736658511716;
  2.304417295932384, -2.10752192739956, 0.1549360214539932, -10.21734190071204, 18.14127629959751, 434.2101885639058;
  2.206599606203865, -2.501739959054667, -0.2744904786558759, -70.78605789448594, -29.64554867264858, 470.0825572556038;
  2.293746048463958, -2.419729630147991, -0.1302690113056155, -41.62036517877083, -49.73721356880049, 467.4374422706642;
  -2.170884770163037, 2.02810780548395, -0.3448854504011933, 35.20513509806235, 63.07771302627662, 562.8916915675819;
  1.853559717585468, -2.138570572697751, 0.1187148691157677, -50.94231629299463, 101.0859109927756, 604.8081365035384;
  -2.393991423213104, 1.843433969611361, 0.02304350318617321, -64.08431766014908, 68.91874825800277, 578.0304022461927;
  2.179929578802803, -2.155652446560542, -0.008600286327882031, -81.34530424896879, 5.676993243163058, 556.1083855472144;
  2.13292451454289, -1.877524350745273, -0.4262757153459704, 98.56108204630702, -26.36215694008024, 521.6866577194944;
  2.187915441657033, -2.037682067037669, 0.2334919281443742, 92.74348798642774, 45.55163314933052, 542.2201919459213;
  -2.228830207906192, 2.263563780205755, 0.2905759245992633, 116.0411475869902, 61.75106475837673, 528.5743590404001;
  2.367293004057662, -1.492527865270881, 0.48569736676741, 111.3650079871716, 74.9138026365588, 513.723158143261;
  1.955634422693994, -2.201250678502317, -0.3359113287946522, 27.97673260995137, 92.21749961145535, 541.8229221867346;
  2.281953446648819, -1.910670590902599, 0.5670993178870647, 37.07677279162878, 94.55399412424424, 551.6936585704411;
  -2.164678660047109, 2.306131024503473, 0.2218000998869814, 86.42364981785026, 91.38625915380325, 526.9266801614994;
  -2.4586665545384, 1.819106402082942, -0.3668323638157514, 52.232736074394, 33.54606826611255, 558.0099259675839;
  1.589278460881436, -2.239423485442189, -0.1818806036000372, 124.0615453714177, -61.31395001952525, 467.7422748437778;
  -2.205128290764018, 1.967003182648632, -0.1371866838559658, 106.0114270274134, 93.88241008917927, 626.1205262986665;
  -2.21638974323545, 2.184133634437251, -0.1644039090082437, 89.11426076097287, 111.021194475826, 707.3238192086211;
  1.934325695279896, -2.128213943881243, -0.3973931502643009, -94.76570739962376, 99.98384040386011, 669.8449105544609;
  -2.096289010320215, 1.628372513856714, 0.2869769406293779, -76.503957895675, -30.51524972354288, 643.0737325350135;
  1.53113590658481, -2.117515149485119, -0.719851911185581, 149.685635468258, -30.78136433132892, 560.8143553769145;
  2.062683962363313, -2.213174035708169, 0.616484128629428, 98.00970549238635, 52.55799572637013, 598.1937007944508;
  -2.142818431655558, 2.037297106626595, -0.8057339496871218, 71.14956281213311, 59.84947953726633, 614.9337293033833;
  1.874990608986324, -2.241579687626483, 0.4730054139211736, 157.4644368312779, 87.18439149413941, 559.0476141328492;
  -2.013570709718873, 1.812844935176832, -0.3031260190914836, 149.4481320972801, 106.9565368839398, 621.2827741874696;
  -1.92954815850365, 2.357676456384472, 0.3878869147064404, 250.7478910033861, 84.15553773442963, 574.0686072094542;
  -2.081975826181821, 2.093503084607442, 0.2073052699212239, 165.8698276931017, 10.85875221998593, 542.4353162052507;
  2.106016967499849, -2.334442115913953, 0.2073844411469905, -29.25340955257614, 18.5864948257488, 665.4902493899126;
  -2.262556157988282, 1.893389645345861, -0.2479462865084597, -95.79545143325059, 79.52325329162069, 752.9522402995714;
  2.480675713055515, -2.02430989091251, -0.2787533473273709, -103.2595182993121, 108.5518681412798, 797.8648724798618;
  1.918633431527395, -2.376547237157321, -0.5626062812925259, 124.3389507085127, -94.82494338641918, 674.6290846702491;
  2.263942582570908, -2.327467221446235, 0.001127391259655428, -28.57825171261863, -13.99247505421765, 785.2493778974651;
  -2.466127102797305, 1.57872279127345, 0.003847852554475906, -139.9997955489003, 35.10713794427036, 767.929224743786;
  -2.455627840547263, 1.95183591320834, -0.3742292830324814, 167.4636440579355, 154.9181395809826, 718.3877033727139;
  2.40846860988883, -1.989616201888572, 0.1957716918234747, 25.0488073002107, 32.09827033675297, 654.5190191160839;
  -2.158690385552105, 2.052485481397646, 0.1342857410737536, 3.589397992506081, 56.04256485530679, 548.2616992061278;
  -2.199313808425071, 2.085285290844993, 0.1174080143684676, 23.03522994820356, 53.92724657889851, 513.6131296046283;
  2.574817624818067, -1.72838663250183, -0.4605845300215292, 71.28137251517128, 29.68472486691909, 406.1802543508592;
  -1.941807178814847, 2.240308192223699, -0.1075923420562015, 45.73947385571703, -12.05327689666645, 364.8610094190836;
  -1.986917527441273, 2.204444727998731, -0.06908433345199866, 37.89923144095013, -9.757850111762664, 367.5563617331024;
  -2.027887332910722, 2.540329620582512, -0.2789809560644771, 116.8166597550396, 52.63892929083981, 335.4327354033127;
  2.34541033131077, -1.656861588302224, -0.04781226286280189, 36.64992078286358, 72.58247765836083, 398.049489689281;
  2.000624473178879, -2.258664194107886, 0.1167798880364139, 121.2266700312109, 36.58041216980675, 347.8541617322485;
  2.038869205662552, -2.208223172113071, 0.08075256211891874, 111.2004440594713, 34.09961032748939, 353.1588225972164]
Image_points[448.72726, 374.93973, 459.90463, 325.24295, 470.66049, 274.00937, 480.91479, 221.06042, 490.40915, 167.73787, 397.56512, 366.16275, 408.02856, 316.09698, 417.98465, 264.38391, 427.84894, 211.23747, 436.92633, 157.55278, 345.98425, 356.94992, 355.24771, 306.6839, 364.55249, 254.85075, 373.70306, 201.64622, 382.54028, 147.85718, 294.57068, 347.49918, 302.63361, 297.28326, 311.146, 245.60118, 319.50674, 192.5591, 328.04919, 138.81662, 243.69922, 337.79846, 250.93797, 288.00705, 258.3335, 236.35165, 266.0311, 183.74547, 273.92706, 130.65115, 194.18146, 327.96997, 200.03375, 278.78369, 206.68184, 227.74911, 213.61612, 175.85652, 221.17612, 123.50146;
  452.44687, 370.98242, 462.21881, 320.86673, 471.4014, 268.8472, 479.57431, 215.64503, 487.16327, 161.57962, 401.23834, 364.03412, 410.05487, 313.47739, 418.43729, 261.10065, 426.29446, 207.43254, 433.56689, 153.19597, 349.32837, 356.67093, 357.02423, 305.9975, 364.55334, 253.49809, 371.89911, 199.75864, 378.79355, 145.34225, 297.39139, 348.97662, 304.06186, 298.49872, 310.82758, 246.04074, 317.28955, 192.39371, 323.84665, 138.20081, 245.99013, 341.05978, 251.52773, 290.73004, 257.38443, 238.77069, 263.0853, 185.51288, 269.2944, 131.88527, 195.86562, 332.79193, 200.31517, 283.18637, 205.04472, 231.92255, 210.32161, 179.41623, 215.98436, 126.37943;
  460.10321, 360.15204, 466.15674, 308.1174, 471.22446, 254.69989, 475.34387, 200.35892, 478.40622, 146.19623, 407.82446, 356.56009, 413.19739, 304.25101, 417.82007, 250.49927, 421.59045, 195.86798, 424.86218, 141.28029, 354.89752, 352.78833, 359.37054, 300.24615, 363.39093, 246.38646, 366.96066, 191.93213, 369.99048, 137.16283, 302.08997, 348.46313, 305.60605, 296.11591, 309.01172, 242.49278, 312.25208, 188.09042, 315.0947, 133.73224, 249.52112, 343.81714, 252.32413, 291.88147, 255.10847, 238.77203, 257.83981, 184.95639, 260.51135, 131.04422, 198.56122, 338.78714, 200.29436, 287.87076, 202.30649, 235.36995, 204.72769, 182.1913, 207.58549, 129.2309;
  383.5, 359.5, 395.2991, 310.4754, 406.92038, 260.56799, 417.92422, 210.47626, 428.79895, 160.8024, 334.72208, 350.96829, 346.15948, 300.75223, 357.6543, 250.03375, 369.06879, 199.20695, 380.29282, 148.45285, 284.32166, 341.57642, 295.59412, 290.65961, 306.94955, 239.33386, 318.50043, 187.73573, 329.86176, 136.41743, 233.45024, 331.78979, 244.24266, 280.55435, 255.35606, 228.58478, 266.84671, 176.48051, 278.55276, 124.83662, 182.05702, 321.62433, 192.36723, 270.03949, 203.18593, 217.85487, 214.49869, 165.50764, 226.51045, 113.68694, 131.29944, 311.06113, 141.01628, 259.56458, 151.49399, 207.44337, 162.73473, 155.20744, 174.67926, 103.59226;
  404.26321, 355.60352, 416.39706, 304.91968, 428.08786, 253.2002, 439.17215, 201.17902, 449.55652, 148.96809, 353.56171, 346.63504, 365.18701, 295.18939, 376.57599, 242.72679, 387.6272, 189.83337, 398.44009, 137.18335, 301.63055, 337.07993, 312.71121, 285.10828, 323.85898, 232.21686, 334.84467, 178.72392, 345.79269, 125.72811, 249.50055, 327.13904, 259.84894, 274.86249, 270.54587, 221.70505, 281.37189, 168.14986, 292.36951, 114.66352, 197.19731, 316.84561, 206.95514, 264.61234, 217.15701, 211.33113, 227.82907, 157.94312, 238.62155, 104.87656, 146.09514, 306.34482, 155.03477, 254.52159, 164.58012, 201.62195, 174.89566, 148.45094, 185.68118, 95.473129;
  401.65759, 177.99359, 360.47699, 158.58727, 319.40344, 139.95126, 279.12717, 122.17185, 239.56087, 105.08612, 382.72208, 218.24303, 340.89893, 198.50735, 299.63058, 179.3033, 258.84967, 160.75247, 219.1004, 142.61186, 362.83426, 259.62411, 320.81827, 239.4928, 279.06812, 219.68858, 238.10648, 200.27147, 198.123, 181.57109, 342.483, 301.38248, 300.05972, 281.01984, 258.25653, 260.84698, 217.09232, 240.87914, 177.03503, 221.4827, 321.54803, 344.01398, 279.07642, 323.07846, 237.23492, 302.58859, 196.14505, 282.07397, 156.38664, 262.21484, 300.23627, 385.96902, 257.86462, 365.20102, 216.15979, 344.22556, 175.32121, 323.43521, 136.03566, 302.90179;
  394.64789, 147.03247, 349.28259, 135.87686, 304.53586, 125.23663, 260.43512, 115.66824, 217.37402, 106.5124, 384.32056, 191.03883, 338.42371, 179.57643, 292.84116, 168.69574, 248.14549, 158.41277, 204.49249, 148.32629, 373.2438, 236.80077, 326.90463, 224.95062, 280.8895, 213.56262, 235.52463, 202.36134, 191.54913, 191.89839, 361.66171, 283.1987, 314.89856, 271.33899, 268.5, 259.39182, 223.04901, 247.4491, 178.77467, 236.25175, 349.41367, 330.61111, 302.54504, 318.13196, 256.00751, 305.89322, 210.49492, 293.68918, 166.20537, 281.58847, 336.99786, 377.72214, 289.97314, 365.28494, 243.49579, 352.56757, 197.99954, 339.96506, 154.01361, 327.29517;
  362.534, 123.57057, 318.97067, 120.89375, 276.17337, 118.90133, 234.09035, 117.40818, 193.27544, 116.37169, 359.31711, 164.1675, 314.85504, 161.62807, 271.17435, 159.42543, 228.3221, 157.40508, 186.51657, 155.55688, 356.26965, 206.77953, 310.91162, 203.99538, 266.16595, 201.40289, 222.51529, 199.05426, 180.14458, 196.90405, 353.01611, 250.82741, 306.95865, 247.89867, 261.63199, 244.99677, 217.33223, 242.42734, 174.45978, 239.68323, 349.80582, 296.05774, 303.27661, 293.16745, 257.33881, 290.1153, 212.56339, 286.85147, 169.17104, 283.82239, 346.70514, 342.63214, 299.59473, 339.31531, 253.51167, 336.04822, 208.1604, 332.5, 164.50229, 328.95438;
  408.5325, 172.65187, 366.99243, 155.5253, 326.08813, 138.96613, 285.79932, 123.09148, 247.08794, 108.11636, 391.13583, 212.37645, 348.98196, 194.93471, 307.25821, 177.93832, 266.76755, 161.42583, 227.30811, 145.44258, 373.13782, 253.7226, 330.3855, 235.81683, 288.31128, 218.10902, 247.38512, 201.104, 207.54482, 184.56395, 354.93918, 295.86002, 311.74805, 277.54041, 269.34674, 259.49374, 227.93304, 241.86443, 188.1436, 224.38977, 336.49011, 338.62189, 292.99847, 320.20724, 250.60143, 301.81924, 209.04831, 283.50342, 168.87791, 265.65112, 317.84583, 381.75885, 274.3779, 363.03513, 231.70274, 344.31284, 190.24855, 325.65564, 150.59402, 306.92233;
  431.73734, 223.52756, 397.53333, 193.19258, 363.8783, 163.67482, 330.82846, 135.20818, 298.67593, 107.73201, 401.18954, 256.87283, 366.71576, 226.06395, 332.82858, 196.03638, 299.60873, 166.55035, 267.34866, 137.95267, 370.02341, 291.14944, 335.2381, 259.77951, 301.15921, 229.00868, 267.93539, 198.84268, 235.95358, 169.53851, 338.44427, 325.62997, 303.5, 294, 269.32794, 262.6828, 236.30173, 231.87029, 204.47153, 202.07744, 306.41702, 360.56186, 271.57016, 328.54773, 237.67003, 296.89111, 204.70776, 265.64423, 173.2717, 235.29634, 274.67706, 395.13922, 239.899, 363.03531, 206.10101, 331.05301, 173.50891, 299.47821, 142.51082, 268.47098;
  343.38742, 396.73584, 362.67978, 353.01889, 381.8042, 308.89633, 400.62976, 265.36148, 419.10751, 222.12668, 298.85156, 378.32462, 318.26215, 334.17612, 337.71655, 289.73074, 356.96817, 245.58745, 376.1535, 202.23557, 254.02119, 359.19171, 273.36136, 314.61966, 293.09366, 270.04123, 312.69702, 225.716, 332.37982, 182.18196, 209.41371, 339.49933, 228.72784, 294.79703, 248.57079, 250.24765, 268.52478, 205.9393, 288.52139, 162.52463, 165.42987, 319.67395, 184.48317, 275.00888, 204.40309, 230.53159, 224.50348, 186.50114, 244.94174, 143.51741, 122.60136, 299.75772, 141.55472, 255.36275, 161.17026, 211.22664, 181.35625, 167.48479, 202.06509, 124.98958;
  340.4848, 399.93265, 362.08444, 356.56805, 383.12473, 313.45517, 403.68146, 270.5697, 423.82565, 228.62057, 296.87048, 378.98624, 318.46213, 335.35968, 340.10431, 291.82629, 361.28302, 248.72905, 382.18805, 206.46573, 252.71788, 357.45544, 274.46039, 313.57239, 296.44534, 269.81604, 318.06302, 226.66315, 339.6633, 184.51077, 208.81079, 335.33313, 230.53955, 291.45251, 252.78123, 247.78522, 274.97952, 204.64114, 296.89014, 162.70341, 165.49474, 313.03534, 187.38957, 269.21954, 209.59222, 225.89172, 231.9015, 182.94969, 254.27913, 141.36211, 123.38659, 290.71295, 145.03061, 247.37308, 167.18816, 204.14842, 189.78287, 161.93369, 212.52893, 120.89385;
  312.05704, 373.97687, 314.74609, 331.64871, 317.63794, 288.31836, 320.36517, 244.29932, 323.38934, 199.58063, 270.24033, 375.87714, 272.50616, 332.77322, 274.96143, 288.49765, 277.67288, 243.29912, 280.83401, 197.56827, 227.14865, 377.63666, 228.70898, 333.68781, 230.78136, 288.52606, 233.21776, 242.49454, 236.09444, 195.81863, 182.8698, 379.02991, 183.80925, 334.3873, 185.46277, 288.5531, 187.32341, 241.63658, 190.0829, 194.18759, 137.50307, 380.05966, 137.79102, 335, 138.59354, 288.3924, 140.44588, 240.83769, 142.74817, 192.61986, 91.807518, 381.07608, 91.362221, 335.28873, 91.589203, 288.36652, 92.878174, 240.12137, 94.900841, 191.32872;
  347.26587, 384.63416, 351.06799, 340.42459, 354.54745, 295.09167, 358.0675, 248.89752, 361.47571, 202.31197, 302.40558, 384.021, 305.39145, 339.2229, 308.80548, 293.21463, 311.93552, 246.34747, 315.41812, 199.31168, 256.49649, 382.98431, 259.07047, 337.54449, 261.65988, 291.4093, 264.72083, 244.0425, 267.98761, 196.38837, 210.34875, 381.33105, 212.29353, 335.83603, 214.46805, 289.15039, 217.13034, 241.64911, 220.14795, 193.63593, 164.03621, 379.3407, 165.35316, 333.64377, 167.05574, 286.95703, 169.33571, 239.35075, 172.23366, 191.30351, 118.09349, 376.99756, 118.86862, 331.37378, 120.0007, 284.53897, 121.9802, 237.18613, 124.47618, 189.18341;
  377.33029, 285.39102, 370.51709, 242.75471, 363.63052, 201.23393, 356.59277, 161.12425, 349.99268, 122.48239, 333.87042, 291.71997, 327.32626, 248.62114, 320.90625, 206.52147, 314.70892, 166.10884, 308.70691, 126.74505, 289.80109, 297.95477, 283.67395, 254.63802, 277.86853, 212.27324, 272.23843, 171.20189, 266.82944, 131.6647, 245.7775, 304.06332, 240.07048, 260.55603, 234.72798, 218.05713, 229.69417, 176.78053, 225.11659, 137.14456, 202.04625, 310.20468, 196.70189, 266.62048, 191.83734, 224.06535, 187.43724, 182.82782, 183.53648, 143.14198, 158.99446, 315.99448, 153.89616, 272.64404, 149.56416, 230.43111, 145.78676, 189.11353, 142.47276, 149.21404;
  497.00705, 285.50986, 502.70111, 239.20667, 507.80685, 193.54904, 511.68002, 148.59863, 515.10266, 104.83817, 452.4794, 279.52457, 458.27316, 232.92287, 463.42133, 186.756, 467.83844, 141.56282, 471.68219, 97.080818, 406.64993, 273.58347, 412.48984, 226.57901, 417.85376, 180.28712, 422.74393, 134.72015, 426.84933, 90.059982, 360.3382, 267.70795, 366.2092, 220.73889, 371.67026, 174.11494, 376.87314, 128.45908, 381.5321, 83.813576, 313.44351, 261.82535, 319.34311, 214.77078, 324.90833, 168.16728, 330.3439, 122.58752, 335.58057, 78.170555, 266.8508, 255.78093, 272.64252, 209.08011, 278.40549, 162.71745, 284.05887, 117.48255, 289.73425, 73.402237;
  502.28021, 259.745, 502.83405, 211.44824, 502.44565, 163.8717, 501.14301, 117.51444, 499.02774, 72.508102, 455.16113, 258.52817, 455.58563, 210.18529, 455.55301, 162.42851, 454.65674, 116.05262, 453.38876, 70.849113, 407.34955, 257.34348, 408.13989, 209.0253, 408.30234, 161.43336, 407.72281, 115.04819, 406.93393, 70.031319, 359.5946, 256.37445, 360.45135, 208.34633, 360.84888, 160.84903, 360.61526, 114.8326, 360.3988, 69.77726, 312.3403, 255.21272, 313.15646, 207.62332, 313.66824, 160.62704, 314.05966, 114.93069, 314.24036, 70.67292, 265.6893, 254.22729, 266.58112, 207.23445, 267.34097, 161.03931, 268.16632, 116.0202, 268.91019, 72.058762;
  329.11713, 390.2103, 336.88745, 352.89468, 344.62125, 316.17896, 352.35422, 279.66586, 359.95703, 243.73456, 291.73419, 382.25269, 299.70596, 344.44681, 307.93726, 307.23254, 316.04681, 270.36795, 324.42578, 233.82339, 253.67073, 373.85617, 261.86334, 335.69724, 270.52087, 298.02286, 279.08804, 260.73239, 287.81485, 224.08382, 215.18019, 365.10278, 223.76231, 326.74722, 232.74585, 288.52429, 241.62073, 251.01984, 250.7106, 214.13522, 176.48482, 356.03909, 185.22452, 317.06503, 194.22644, 279.11154, 203.69733, 241.36105, 213.3147, 204.17476, 137.7381, 346.33923, 146.77554, 307.70636, 156.01895, 269.16623, 165.73097, 231.52223, 175.76288, 194.40288;
  314.18619, 409.21555, 325.45572, 373.0755, 336.42651, 336.63217, 347.38467, 299.89905, 358.39291, 263.32846, 277.46408, 399.44055, 288.14651, 362.90161, 299.48471, 325.73865, 310.57251, 288.78128, 321.83258, 251.63139, 239.97787, 388.95444, 250.89343, 351.88986, 261.99475, 314.55746, 273.30069, 277.2876, 284.82587, 240.01984, 202.14058, 378.09915, 213.12947, 340.88724, 224.18825, 303.38297, 235.61772, 265.71576, 247.22644, 228.11156, 164.39626, 366.95154, 174.98943, 329.4292, 186.17732, 291.84564, 197.73793, 253.95404, 209.57387, 216.28442, 126.9351, 355.29617, 137.49808, 317.81107, 148.48282, 280.07629, 160, 242.15445, 171.78424, 204.56232;
  257.70911, 342.36505, 251.38283, 304.30453, 245.2305, 267.3989, 239.48846, 232.16972, 234.18187, 198.25081, 217.88194, 348.13623, 211.97943, 309.94778, 206.73811, 272.91064, 201.57805, 237.19946, 197.03313, 202.78123, 178.3159, 353.63858, 172.83188, 315.15509, 168.19482, 278.07101, 163.96135, 242.13205, 160.08783, 207.52878, 139.22516, 358.96826, 134.55154, 320.4704, 130.3867, 283.24838, 126.76624, 247.30847, 123.57056, 212.41077, 100.97944, 364.05222, 96.896797, 325.65192, 93.371902, 288.36917, 90.216621, 252.48457, 88.007195, 217.7762, 63.933254, 368.80585, 60.118614, 330.62933, 57.098682, 293.60992, 54.771313, 257.61658, 52.954792, 223.15247;
  235.4558, 375.0925, 233.12527, 339.26688, 230.95166, 303.24588, 228.8974, 267.45477, 227.09473, 232.03204, 199.79716, 377.54886, 197.47569, 341.13425, 195.4864, 304.84491, 193.53798, 268.58118, 192.12401, 232.52301, 163.56343, 380.16251, 161.2366, 343.16235, 159.1909, 306.24039, 157.60197, 269.49887, 156.33049, 233.05688, 127.1081, 382.26752, 124.7139, 345.07883, 122.63516, 307.57941, 121.20633, 270.57974, 120.14027, 233.75266, 90.326492, 384.15436, 87.953316, 346.47748, 85.829346, 309.06436, 84.561234, 271.70737, 83.567917, 234.68797, 53.377567, 385.74139, 51, 348.31998, 49.047329, 310.3989, 47.898159, 272.75253, 47.144356, 235.88408;
  252.17145, 418.24368, 250.27704, 384.22134, 248.64607, 349.59079, 246.9812, 314.4704, 245.65904, 278.93948, 217.87373, 422.2117, 215.646, 387.92908, 213.56825, 352.46893, 211.76201, 316.9119, 210.43553, 280.74747, 182.96159, 425.94647, 180.19193, 390.99292, 177.88628, 355.36469, 175.97543, 319.40189, 174.43201, 282.62595, 147.44171, 429.47824, 144.43069, 394.28302, 141.82796, 358.45157, 139.65752, 321.60193, 137.90512, 284.62054, 111.74458, 432.6958, 108.35701, 397.24442, 105.32722, 360.92151, 102.82336, 324.01749, 100.8753, 286.50821, 75.788033, 435.4809, 71.985001, 399.8266, 68.703506, 363.54462, 65.82103, 326.37875, 63.516968, 288.41254;
  254.49203, 440.96927, 254.98334, 407.50656, 255.6497, 373.29715, 256.36923, 338.20474, 257.17081, 302.58829, 220.12946, 443.16632, 220.06693, 409.3103, 220.43108, 374.58224, 220.81197, 338.81195, 221.53033, 302.78311, 185.09221, 444.91531, 184.6239, 411.13977, 184.34888, 375.61514, 184.66325, 339.60593, 185.22075, 302.78741, 149.60672, 446.66138, 148.65015, 412.0585, 148.067, 376.49487, 148.0416, 339.84058, 148.40686, 302.75278, 113.53954, 447.88879, 112.27124, 412.82938, 111.28369, 376.89508, 110.84157, 340.15109, 111.00195, 302.5257, 77.575897, 448.78494, 75.845154, 413.40497, 74.555527, 377.28671, 73.74855, 340.32248, 73.558281, 302.36414;
  561.88525, 362.897, 549.01349, 318.91257, 535.89636, 275.85309, 522.42645, 234.18924, 509.00577, 194.00031, 518.99335, 375.50635, 506.39487, 330.63617, 493.5993, 286.84732, 480.66809, 244.40521, 467.70023, 203.13412, 474.19995, 388.0831, 462.06326, 342.69089, 449.73163, 297.96454, 437.26514, 254.92152, 424.97284, 212.7448, 428.2341, 400.38113, 416.42926, 354.42374, 404.62741, 309.25906, 393.02994, 265.49216, 381.53915, 223.22894, 381.25311, 412.39758, 369.92755, 366.21317, 358.7872, 320.75363, 347.74411, 276.48059, 337.18246, 233.78951, 333.883, 423.97403, 323.11569, 377.54898, 312.38733, 331.90378, 302.32861, 287.52557, 292.5849, 244.81255;
  555.16895, 371.14911, 544.4541, 327.36298, 533.33142, 284.38635, 521.72363, 242.52386, 510.22006, 202.34679, 512.63867, 381.80035, 502.11462, 337.15515, 491.15305, 293.44846, 480.31384, 250.88069, 469.50458, 209.46397, 468.23856, 392.37115, 458.12823, 347.20392, 447.7428, 302.6416, 437.36951, 259.1524, 427.01331, 217.10509, 422.68268, 402.7095, 412.85529, 356.83292, 403.02817, 311.76382, 393.26477, 267.82791, 383.61478, 225.2253, 376.12082, 412.68454, 366.58337, 366.46768, 357.28064, 321.07458, 348.15704, 276.74393, 339.41223, 233.78824, 329.12061, 422.18265, 319.9931, 375.81308, 311.21945, 330.14603, 302.78427, 285.69421, 294.80884, 242.63184;
  523.95892, 412.41254, 523.04382, 369.55225, 521.76971, 327.36905, 519.88025, 285.66278, 517.79321, 244.76808, 483.08221, 414.43588, 482.43134, 371.0184, 481.39655, 327.98401, 479.90576, 285.36111, 478.28522, 243.42949, 440.61694, 416.12521, 440.12518, 372.02069, 439.38385, 328.24078, 438.4183, 284.89154, 437.29315, 242.50198, 396.86581, 417.34695, 396.49268, 372.62839, 396.03452, 328.189, 395.58383, 284.54337, 394.97275, 241.4913, 351.69785, 418.20935, 351.68161, 373.10422, 351.54364, 328.3504, 351.4509, 284.08685, 351.39307, 240.73297, 306.12726, 418.36545, 306.03683, 373.03201, 306.52106, 327.98077, 306.68311, 283.61713, 307.1601, 240.21204;
  515.828, 427.08743, 520.78516, 385.63461, 524.94519, 344.49002, 528.78204, 303.59845, 532.19464, 263.25378, 476.89444, 424.05319, 481.9397, 382.0036, 486.60605, 339.85855, 490.7598, 298.33963, 494.83795, 257.16693, 436.18188, 420.64484, 441.56787, 377.81259, 446.5459, 335.26257, 451.34067, 292.79727, 455.62131, 250.91431, 394.35831, 416.64169, 399.80359, 373.33447, 405.2395, 330.01529, 410.36594, 287.1394, 415.26886, 244.77467, 351.17188, 411.94534, 356.85358, 368.26822, 362.50247, 324.61746, 367.91879, 281.32068, 373.36453, 238.67941, 307.33856, 406.67606, 313.0101, 362.91608, 319.02252, 318.86026, 324.74097, 275.28204, 330.70901, 232.52444;
  518.0141, 420.22168, 525.60583, 379.48099, 532.76312, 338.83972, 539.02838, 298.55362, 544.87097, 258.62088, 480.51044, 414.96396, 488.31863, 373.40881, 495.70953, 332.17136, 502.51431, 290.86047, 508.94543, 250.11392, 441.29553, 408.99042, 449.45395, 366.84995, 457.07669, 324.70007, 464.21936, 282.58868, 471.08942, 241.70845, 400.84494, 402.46088, 409.10678, 359.81018, 417.20233, 317.00955, 424.65988, 274.73575, 432.12003, 232.8705, 359.03012, 395.32993, 367.39417, 352.23877, 375.61053, 309.02228, 383.58249, 266.19876, 391.43176, 224.00647, 316.20148, 387.80298, 324.78467, 344.19351, 333.21213, 300.66055, 341.56482, 257.58102, 349.75858, 215.16446;
  449.0787, 282.47485, 458.42181, 242.79774, 467.16925, 203.98956, 475.32181, 165.84259, 483.40729, 128.76968, 411.9111, 272.51712, 421.52054, 232.05243, 430.78958, 192.35492, 439.61462, 153.60669, 448.40643, 115.75632, 373.18857, 262.03671, 383.14038, 220.83051, 392.94266, 180.45732, 402.38068, 141.06522, 411.66226, 102.72264, 333.0253, 251.39366, 343.38834, 209.58087, 353.55753, 168.49913, 363.69119, 128.66104, 373.5976, 89.788849, 291.48734, 240.25832, 302.13141, 198.1378, 312.81412, 156.52473, 323.5275, 116.29693, 333.98328, 77.013939, 249.01823, 229.11661, 260.07361, 186.3261, 271.27332, 144.51668, 282.42554, 103.88789, 293.4017, 64.617096;
  382.97934, 259.5076, 385.06754, 218.6237, 386.76862, 177.42279, 388.17194, 136.11972, 389.16678, 94.928688, 342.08734, 257.39224, 343.93188, 216.50127, 345.40558, 175.35893, 346.35312, 134.22661, 347.50763, 92.873459, 301.16901, 255.61516, 302.67929, 214.72115, 303.83047, 173.69873, 304.71313, 132.52847, 305.59119, 91.318619, 260.91989, 253.65013, 261.79486, 213.25017, 262.66766, 172.17961, 263.5, 131.5, 264.37558, 90.610992, 220.88504, 251.84694, 221.34935, 211.91946, 222, 171, 222.71027, 130.51204, 223.41055, 90.08696, 181.69077, 250.1306, 181.77135, 210.3884, 182.07463, 170.24829, 182.69824, 130.21246, 183.43596, 90.241371;
  227.93378, 386.08331, 229.71494, 351.86859, 231.52548, 317.22534, 233.4252, 281.81067, 235.31711, 245.87773, 192.92195, 383.07858, 194.12938, 349.19165, 195.62177, 314.75027, 197.16447, 279.4007, 198.98497, 243.55592, 158.29341, 380.11362, 159.08974, 346.81137, 160.16956, 312.36542, 161.44426, 277.17661, 162.96268, 241.51982, 124.63096, 377.11545, 125.04948, 343.61246, 125.80155, 309.64523, 126.74081, 274.77878, 128.09003, 239.51566, 91.820663, 373.8118, 91.8993, 340.71588, 92.235245, 306.86963, 92.928261, 272.52924, 93.994659, 237.54715, 60.151867, 370.48141, 59.69059, 337.85654, 59.648602, 304.15295, 60.111282, 270.0802, 61.075775, 235.772;
  289.33859, 297.3092, 292.43292, 257.02866, 295.61829, 217.56354, 298.84085, 179.25192, 301.89783, 141.70906, 248.71408, 293.69812, 252.20145, 253.366, 255.75365, 213.86961, 259.2135, 175.36284, 263.07523, 137.89021, 208.55103, 289.88821, 212.07628, 249.41177, 216.06647, 210.06099, 220.16304, 171.80504, 224.32121, 134.37515, 169.06439, 286.02298, 172.97301, 245.90285, 177.26144, 206.71432, 181.66499, 168.51085, 186.48889, 131.30969, 130.34157, 282.14447, 134.44185, 242.43674, 139.1993, 203.6255, 143.98912, 165.61754, 149.27846, 128.66478, 93.157768, 278.41443, 97.325508, 239.15094, 102.1148, 200.51987, 107.40177, 162.97925, 113.07082, 126.42749;
  202.16327, 225.4427, 196.85072, 189.45955, 191.90768, 153.10986, 187.17226, 116.49458, 182.60814, 80.091301, 166.29112, 230.30846, 160.67915, 194.52051, 155.5, 158.5, 150.45689, 122.27512, 145.53255, 85.999962, 131.34596, 235.44087, 125.5993, 199.83553, 119.88923, 164.13008, 114.71211, 128.30736, 109.82902, 92.464439, 97.846977, 240.14824, 91.573112, 205.10466, 85.753593, 169.88165, 80.397003, 134.39926, 75.171074, 98.599579, 65.263214, 244.97736, 58.952465, 210.33929, 52.852676, 175.71046, 47.184063, 140.73972, 42.059513, 105.59811, 34.081589, 249.77325, 27.418436, 215.8806, 21.103752, 181.43901, 15.417676, 147.05975, 10.321375, 112.46379;
  243.60571, 195.93228, 242.06381, 158.97185, 240.55302, 122.09267, 238.74409, 85.597816, 237.37819, 49.402786, 206.67671, 198.10939, 204.91728, 161.42931, 203.18553, 124.68235, 201.41338, 88.040382, 200.07678, 51.824772, 170.00955, 200.56548, 168.05836, 163.88774, 166.19096, 127.25913, 164.55429, 90.753082, 163.05475, 54.73074, 134.162, 202.92889, 131.85211, 166.42372, 129.97159, 130.50906, 128.2245, 94.027718, 126.76206, 58.237934, 99.061157, 205.65146, 96.661301, 169.56062, 94.552994, 133.42564, 92.730812, 97.627953, 91.278473, 61.836338, 64.947609, 208.33626, 62.155823, 172.79861, 59.94046, 136.97633, 58.086605, 101.65116, 56.803036, 66.265472;
  347.51038, 344.06406, 349.1893, 313.34222, 350.69949, 282.90179, 352.27194, 252.5815, 353.96024, 222.60461, 317.9642, 342.80551, 319.64401, 311.69934, 321.29343, 280.55084, 323.17242, 249.94063, 325.02649, 219.56752, 287.43304, 341.44101, 289.27322, 310.19632, 291.2124, 278.41513, 293.271, 247.44159, 295.32062, 216.45015, 256.4408, 340.10437, 258.33606, 308.27005, 260.36496, 276.37939, 262.51132, 244.67352, 264.77271, 213.41891, 224.69408, 338.7121, 226.56732, 306.26385, 228.6266, 274.25214, 231.00963, 242.19438, 233.50194, 210.54018, 192.25319, 336.98502, 194.26985, 304.21521, 196.57903, 271.82397, 199.01927, 239.49004, 201.59062, 207.59062;
  247.56065, 381.14825, 244.83192, 353.16809, 242.18822, 325.86017, 239.6712, 299.0687, 237.26001, 272.63916, 220.46423, 384.55576, 217.7534, 356.97, 215.34106, 329.72128, 213.0403, 303.15179, 210.61397, 276.716, 193.64577, 387.66388, 191.5, 360.5, 189.22311, 333.54251, 187.09698, 307.07639, 185.03001, 281.03, 168.1998, 390.70364, 166.006, 363.45822, 164.0186, 337.10529, 162.06912, 310.87219, 160.39684, 285.1012, 143.52887, 393.49976, 141.47124, 366.84854, 139.68741, 340.66849, 137.75072, 314.8461, 136.47504, 289.22607, 119.57561, 395.99817, 117.6517, 369.7955, 115.93555, 343.95102, 114.37638, 318.36227, 113.32298, 293.21115;
  229.03143, 348.88889, 236.31911, 320.44122, 243.67896, 291.79935, 251.11075, 262.6665, 258.9014, 233.31837, 200.04419, 341.62262, 207.27933, 313, 214.55882, 284.2356, 221.99422, 255.02153, 229.49371, 225.67877, 171.71136, 334.03552, 178.46721, 305.42249, 185.41823, 276.63373, 192.71408, 247.34935, 200.12985, 217.67337, 143.39478, 326.46344, 149.95148, 298.04211, 156.85387, 268.96429, 163.83847, 239.65656, 171.12535, 210.04111, 115.42068, 318.91714, 121.66297, 290.20001, 128.09491, 261.26486, 135.04424, 232.12242, 142.23296, 202.5778, 87.790955, 311.15454, 93.65773, 282.84818, 100.03181, 253.90968, 106.86536, 224.60143, 113.84491, 195.26401;
  205.13565, 275.28342, 205.86375, 244.00864, 206.80692, 213.17946, 207.47403, 182.90436, 208.6572, 153.3698, 174.95242, 274.83789, 175.67725, 244.03429, 176.70901, 213.37976, 177.73874, 183.45799, 178.87927, 153.82283, 145.52957, 274.62558, 146.32251, 243.9655, 147.39038, 213.75682, 148.6973, 183.86809, 149.9689, 154.53764, 117.27574, 274.12949, 118.14731, 243.80411, 119.06718, 213.87877, 120.56485, 184.25679, 122.05676, 155.53581, 89.690094, 273.68909, 90.351479, 243.88617, 91.827446, 214.34155, 93.194725, 185.15527, 94.745514, 156.58366, 63.189312, 273.07474, 64.150406, 243.87793, 65.310509, 214.8107, 66.891266, 186.12755, 69, 158;
  432.32156, 234.00696, 435.90305, 201.20822, 439.45041, 169.03439, 442.51672, 137.49669, 445.35336, 106.49706, 400.95508, 230.48991, 404.61908, 198.15988, 408.10736, 166.28369, 411.43637, 135.1734, 414.40994, 104.30881, 370.08133, 227.33978, 373.84326, 195.15073, 377.46057, 163.63763, 380.80463, 132.63121, 384.05634, 102.32407, 340.29236, 223.70587, 344.02808, 192.47346, 347.53946, 161.52348, 351.11676, 130.91971, 354.57666, 100.78062, 311.2189, 220.95227, 315.01138, 189.7933, 318.60791, 159.30374, 322.04028, 129.23373, 325.63992, 99.881493, 283.07623, 218.02393, 286.53992, 187.61415, 290.35764, 157.41779, 294.047, 127.75536, 297.82245, 98.658981;
  420.21265, 324.5, 421.49991, 293.52274, 422.78546, 263.21439, 423.60968, 233.2261, 424.56766, 203.95619, 388.98846, 322.45047, 390.5, 291.5, 391.98959, 260.96008, 393.25458, 230.81241, 394.44852, 201.20248, 357.39301, 320.70193, 359.22446, 289.32422, 360.61157, 258.6741, 362.55679, 228.16251, 364.07339, 198.69423, 325.42621, 318.74457, 327.48993, 287.3078, 329.46851, 256.42715, 331.29529, 226.05937, 333.2464, 196.45911, 293.23154, 316.45203, 295.52911, 285.04111, 297.83704, 254.18369, 299.9436, 223.77713, 302.24103, 194.13895, 261.15567, 314.11346, 263.60181, 282.79327, 266.18295, 251.86415, 268.45981, 221.49806, 271.1084, 192;
  451.56006, 346.35449, 452.31363, 314.33112, 452.51315, 282.19299, 452.49344, 249.50656, 452.33835, 216.34409, 419.4541, 346.53885, 419.83838, 314.61258, 419.98947, 282.40723, 419.80399, 249.78162, 419.45297, 216.9528, 387.30804, 346.57114, 387.39545, 314.77533, 387.27597, 282.64844, 387.08963, 250.30331, 386.41992, 217.46866, 355.41946, 346.48581, 355.24698, 314.78836, 354.95154, 282.92941, 354.34238, 250.63261, 353.6705, 218.09114, 323.53745, 346.25436, 323.33072, 314.84192, 322.49628, 283.1456, 322.00769, 251.09186, 321.40958, 218.88026, 292.48563, 345.86301, 291.63501, 314.55542, 290.90536, 283.39612, 290.09625, 251.52357, 289.39032, 219.72992;
  449.5, 365.5, 460.02802, 337.47739, 469.48407, 310.44995, 478.41077, 284.78094, 486.73633, 259.60278, 419.80737, 352.13229, 431.04126, 324.14514, 441.12897, 297.38092, 450.86014, 271.64056, 460.06592, 246.78003, 390.01611, 338.47018, 401.64523, 310.64746, 412.5, 284, 422.59155, 258.33279, 432.45645, 233.88463, 359.83282, 324.55853, 371.9827, 297.19342, 383.40884, 270.69244, 394.47632, 245.37778, 404.86057, 221.22403, 329.44739, 310.98141, 342.09436, 283.60748, 354.24365, 257.48611, 365.75992, 232.43382, 376.76657, 208.57973, 299.17154, 297.11664, 312.37061, 270.15195, 325.11685, 244.24765, 337.35046, 219.64493, 348.81226, 196.16922;
  339.96902, 383.24011, 336.32806, 352.17453, 332.4967, 320.5748, 328.57129, 288.72769, 324.50238, 256.78369, 309.17499, 385.60803, 305.4549, 354.38678, 301.5, 323.5, 297.67596, 292.02274, 293.56924, 260.69235, 279.34949, 387.26395, 275.37103, 356.82755, 271.56406, 326.00812, 267.70096, 295.32999, 263.75027, 264.2626, 250.61249, 388.76501, 246.68805, 358.81152, 242.73251, 328.5007, 238.82341, 298.1506, 235, 267.5, 222.73878, 389.92319, 218.75439, 360.69275, 214.90839, 330.86798, 211.00818, 301.04965, 207.21448, 271.01038, 196.10159, 391.05011, 191.96478, 362.42795, 187.99319, 333.06882, 184.12724, 303.81787, 180.48958, 274.26035;
  350.13684, 383.71335, 353.88687, 353.88699, 357.28394, 324.75128, 360.72491, 296.47107, 364.01907, 268.45676, 319.98996, 378.58752, 324.18954, 348.87463, 328.09616, 319.02136, 331.88742, 290.41565, 335.73035, 262.3775, 289.28796, 373.10547, 293.68433, 342.93164, 298.10376, 313.13452, 302.56265, 284.38333, 306.75842, 256.04147, 258.21173, 367.56598, 263.14105, 337.15903, 267.67694, 307.254, 272.45901, 278.1608, 277.5, 250, 226.66663, 361.53229, 231.92116, 331.16202, 237.18443, 301.15872, 242.57751, 272.14554, 247.64365, 243.73999, 194.81212, 355.5817, 200.65421, 324.91995, 206.47307, 295.03613, 212.2916, 265.90201, 217.82755, 237.72073;
  414.78995, 384.55368, 413.71606, 352.68817, 412.41434, 320.48682, 410.7186, 287.91656, 408.92133, 254.86192, 382.38763, 386.17557, 381, 354.5, 379.38028, 322.56088, 377.68936, 289.85535, 375.54053, 256.91599, 349.89981, 387.62717, 348.36151, 356.32349, 346.5, 324.30408, 344.40436, 292.09677, 342.30807, 259.07501, 317.87479, 389.1311, 315.81665, 357.73016, 313.8959, 325.86786, 311.74515, 293.80161, 309.37054, 261.11484, 285.93851, 390.0434, 283.81158, 358.98547, 281.48532, 327.42972, 279.20389, 295.4765, 276.75333, 263.08319, 254.61577, 390.91318, 252.22423, 360.20227, 249.6734, 328.6503, 247.27307, 297.258, 244.75259, 265.23196;
  369, 309, 376.76434, 279.34375, 384.57626, 250.40656, 391.88623, 221.78859, 399.58459, 193.9118, 339.99405, 300.15991, 348.05795, 270.19504, 356.22491, 240.72272, 364.03748, 211.88049, 372.07297, 183.64345, 310.24255, 290.91299, 318.78699, 260.72726, 327.12903, 230.97319, 335.69714, 201.97688, 344.00281, 173.64651, 280.36575, 281.31616, 289.21103, 250.96852, 297.97464, 221.21236, 306.74554, 191.94608, 315.42719, 163.46021, 249.69489, 271.76624, 258.9501, 241.30498, 268.14764, 211.31581, 277.34534, 182.06293, 286.38269, 153.34912, 218.97801, 262.31396, 228.5853, 231.5, 238.18886, 201.41493, 247.54773, 172.07277, 256.92569, 143.36972;
  480.61096, 181.50729, 468.07843, 149.3792, 455.55145, 118.98381, 443.16718, 89.55854, 430.79697, 62.020885, 447.83255, 194.58081, 435.83368, 162.87054, 423.92636, 132.10561, 412.04459, 102.84784, 400.39471, 74.717285, 415.11252, 207.63589, 403.84613, 175.80692, 392.42697, 145.1962, 381.37012, 115.71023, 370.34399, 87.7714, 383.20413, 220.61456, 372.2265, 188.86974, 361.49655, 158.4086, 350.75079, 128.86487, 340.68542, 101.04333, 351.56094, 233.19528, 341.27271, 201.61037, 331.13519, 171.43124, 321.17026, 142.16594, 311.60898, 114.17755, 320.70844, 245.76801, 310.97653, 214.58427, 301.25156, 184.33304, 292.01431, 155.2923, 283.11584, 127.64534;
  418.72842, 368.7963, 422.44714, 342.26047, 426.18347, 314.97641, 429.86548, 287.7951, 433.40967, 260.46259, 393.06369, 367.20065, 396.67508, 339.77658, 400.40253, 312.51743, 404.0553, 284.9754, 407.59967, 257.27859, 366.59317, 365.56873, 370.31052, 337.8107, 374.06824, 310.29431, 377.39786, 282.24182, 381.21631, 253.99736, 339.55496, 363.50787, 343.33807, 335.65182, 346.94598, 307.48782, 350.50476, 279.46216, 354, 251, 311.91498, 361.40295, 315.57184, 333.35318, 319.01294, 304.8909, 322.59995, 276.26456, 326, 247.79355, 283.61053, 359.00488, 287.18375, 330.84338, 290.65976, 302.21338, 294, 273.29715, 297.49783, 244.33946;
  389.65067, 373.91443, 390.0968, 349.95734, 390.63916, 325.77969, 390.71695, 301.27792, 390.98257, 277.04306, 365.71161, 374.28839, 366.34076, 349.76379, 366.66025, 325.52377, 367, 300.92413, 367.07645, 276.55902, 341.55923, 374.44058, 341.98257, 349.95694, 342.39505, 325.44321, 342.62823, 301, 342.85852, 276.35236, 317.37964, 374.35696, 317.65964, 349.82449, 318, 325.12952, 318.14551, 300.5, 318.46384, 275.75116, 292.46698, 374.34717, 292.83783, 349.64456, 292.96771, 325, 293.30151, 300.22513, 293.59787, 275.43323, 267.64795, 374.00858, 267.92249, 349.49954, 268.20261, 324.76563, 268.31018, 299.97253, 268.50674, 275.03268;
  209.12115, 369.01041, 206.49757, 343.53925, 203.79849, 317.8476, 201.20869, 292.10803, 198.47025, 266.42795, 186.96124, 369.45364, 184.42937, 344.33798, 181.66948, 319.14365, 179.05682, 294.1821, 176.38947, 268.88168, 165.92407, 369.73404, 163.24133, 345.0343, 160.44537, 320.47729, 157.82388, 295.83206, 155.38217, 271.24872, 146.00932, 369.78653, 143.13222, 345.77621, 140.32121, 321.70975, 137.86055, 297.70728, 135.1937, 273.34076, 126.69068, 369.88412, 124.12225, 346.37805, 121.29144, 322.64798, 118.5815, 298.98318, 116.19991, 275.44711, 108.54959, 370.01093, 105.35263, 346.86093, 102.89594, 323.83002, 100.30437, 300.65564, 98.079659, 277.52777;
  223.33328, 236.23428, 229.6042, 211.91721, 236.43706, 186.99065, 243.23145, 161.73891, 250.4274, 135.58464, 196.90901, 230.95988, 202.87073, 206.35216, 209, 181.13188, 215.36205, 155.73232, 222.22363, 129.60609, 170.50175, 225.52846, 176.09654, 200.96466, 181.56076, 175.85796, 187.68094, 150.08507, 194.05421, 123.69592, 144.13771, 220.24115, 149.21684, 195.73209, 154.54735, 170.46849, 160.03853, 144.6418, 166, 118, 118.12896, 215.03151, 122.73422, 190.29216, 127.42239, 164.9456, 132.79335, 139.08904, 138.05145, 112.44631, 92.154709, 209.90646, 96.225349, 185.25528, 100.63552, 159.85387, 105.31552, 133.68448, 110.48893, 107.06264;
  482.55289, 231.8947, 473.46555, 202.82121, 464.14017, 174.27902, 454.28943, 146.10695, 444.44275, 118.62286, 457.09259, 240.15375, 448.20016, 212.00429, 439.05734, 183.83273, 429.47931, 156.21809, 419.8681, 129, 432.6113, 248.13959, 423.9147, 220.43968, 414.97235, 193.04614, 405.74631, 166.01546, 396.3212, 139.36673, 409.06708, 255.71783, 400.56149, 228.62643, 391.84164, 201.84541, 383, 175.5, 373.89767, 149.27757, 386.53027, 263.21957, 378.18454, 236.64383, 369.79556, 210.34952, 361.09814, 184.49648, 352.39056, 158.94524, 364.87546, 270.09363, 356.66946, 244.14366, 348.5, 218.5, 340.23639, 193.41573, 332.03574, 168.25015;
  415.73056, 327.42883, 411.46799, 299.84937, 407.17664, 272.98715, 402.94687, 246.92291, 398.98129, 220.93858, 389.01828, 329.1008, 384.87482, 301.4259, 380.8075, 273.8949, 376.8642, 247.08221, 373.17935, 220.90045, 361.3158, 330.85715, 357.33163, 302.47015, 353.51578, 274.55014, 350.13263, 247.51744, 346.49472, 221.01663, 332.98257, 332.68652, 329.3526, 303.82401, 325.99155, 275.45303, 322.49896, 248.18764, 319.45053, 221.39931, 303.73718, 334.40204, 300.50031, 305.08194, 297.31479, 276.56693, 294.40952, 248.78096, 291.47223, 221.58434, 274.10608, 335.77029, 271.1387, 306.49719, 268.26547, 277.49896, 265.61008, 249.37376, 263.13803, 222.13341;
  383.60699, 334.00409, 381.99072, 307.02737, 380.37939, 280.69052, 378.75269, 254.74156, 377.40695, 229.56409, 358.87851, 332.31705, 357.64276, 304.56171, 356.19891, 277.64035, 354.97766, 251.40868, 353.92236, 225.45102, 333.20609, 330.11517, 332.18292, 301.89999, 331.32953, 274.50919, 330.31992, 247.57307, 329.46609, 221.56949, 306.64465, 327.75412, 305.81235, 299.50104, 305.33539, 271.29147, 304.84924, 243.97105, 304.25601, 217.43657, 278.90933, 325.53308, 278.56171, 296.34183, 278.35287, 268.02631, 278.18301, 240.3912, 278.12708, 213.6123, 250.36157, 323.05249, 250.44838, 293.50296, 250.64375, 264.4093, 250.88365, 236.41528, 251.12498, 209.29626;
  490.65652, 370.67834, 483.31262, 342.25586, 476.00162, 314.66876, 468.53448, 287.40366, 461.33676, 260.67178, 462.91965, 376.79736, 455.95383, 347.7999, 448.80402, 319.771, 441.47687, 292.16071, 434.5462, 264.75415, 434.6893, 382.88312, 427.73874, 353.54199, 420.86295, 324.88315, 413.91721, 296.84164, 407.14063, 269.28656, 405.50717, 388.89374, 398.80484, 359.16907, 392.0582, 330.25714, 385.61282, 301.80219, 378.85938, 273.71344, 375.55072, 394.92804, 368.97995, 364.96674, 362.44946, 335.41507, 356.25348, 306.6026, 350.02142, 278.50403, 345.00732, 400.97678, 338.56924, 370.69235, 332.47229, 340.83051, 326.5, 311.72644, 320.24899, 283.11612;
  464.58923, 382.41656, 469.25381, 355.923, 473.60196, 329.34497, 478.15814, 302.564, 482.66708, 275.14883, 443.29965, 382.99893, 447.84171, 356.21622, 452.4072, 328.99622, 456.97119, 301.52563, 461.61105, 273.39951, 420.76031, 383.85861, 425.50204, 356.40677, 430.20663, 328.53763, 434.82504, 300.37259, 439.29977, 271.62949, 397.52954, 384.53009, 402.11252, 356.54739, 406.64935, 328.03009, 411.21317, 299.16977, 415.7923, 269.71103, 372.70111, 385.09543, 376.93845, 356.6394, 381.79718, 327.19479, 386.30884, 297.75906, 390.83594, 267.53232, 346.75031, 385.5239, 351.25046, 356.23959, 355.56522, 326.65329, 360.1347, 296.27103, 364.48044, 265.47372;
  582.42096, 361.36679, 580.63824, 335.44391, 578.29358, 308.33481, 575.42285, 280.64005, 572.25964, 252.48996, 556.21405, 367.03461, 553.909, 340.71487, 551.19928, 313.93054, 548.2207, 286.28571, 544.74939, 257.97925, 529.31549, 372.31552, 526.45819, 346.34604, 523.6178, 319.43582, 520.17194, 291.86334, 516.49103, 263.43887, 502.33716, 377.70532, 499.31525, 351.52179, 495.90167, 324.7887, 492.05243, 297.34274, 487.91043, 268.96573, 474.67484, 382.83353, 471.33023, 356.82449, 467.59821, 330.28519, 463.3924, 302.60989, 458.98441, 274.35168, 447.01086, 388.05731, 443, 362.09366, 439, 335.42453, 434.4278, 308.23239, 429.84546, 279.79095;
  506.76459, 281.73404, 509.10684, 251.20927, 510.82678, 220.01068, 512.15167, 188.52179, 512.92822, 156.91707, 477.72876, 282.14246, 479.60669, 251.23972, 481.04559, 219.55499, 482.20941, 187.8981, 483.11487, 155.69083, 447.68094, 282.31906, 449.36127, 251.26532, 450.31906, 219.68092, 451.5, 187.7189, 452.02936, 155.06004, 416.89645, 282.56415, 418.22601, 251.37389, 419.18695, 219.42743, 419.94476, 187.18114, 420.23743, 154.55768, 385.42734, 282.88126, 386.39096, 251.44055, 387.13068, 219.33992, 387.5, 187.02348, 387.83734, 154.16264, 353.45154, 283.23184, 353.90125, 251.51639, 354.5, 219.5, 354.53629, 186.909, 354.49747, 153.94984;
  274.82849, 287.49362, 272.07349, 261.31461, 269.18686, 235.78659, 266.52045, 210.22157, 264.23178, 185.07323, 248.5, 290.03732, 245.81967, 263.83557, 243.12309, 238.13846, 240.49921, 212.61734, 238.40274, 187.33627, 222.07326, 292.40207, 219.47488, 266.6467, 217, 240.73715, 214.47392, 214.99597, 212.49657, 189.82536, 196.16925, 295, 193.57159, 268.80411, 191.14841, 243.0136, 189.08118, 217.61951, 187.00447, 192.5, 170.51758, 297.5289, 167.9958, 271.409, 165.71207, 245.55461, 163.55217, 220.12766, 161.74834, 194.8903, 144.93625, 300.01462, 142.5, 274, 140.2843, 248.2843, 138.38745, 222.92522, 136.73643, 197.75278;
  218.5, 339.5, 222.14667, 316.9935, 226, 294.5, 229.85316, 272.01608, 234.05975, 249.52194, 195.74335, 336, 199.43379, 313.56146, 203.39438, 290.62729, 207.40958, 268.17197, 211.38708, 245.41284, 173.11684, 332.46863, 176.91682, 309.7496, 180.47115, 287, 184.57549, 263.91135, 189, 241.2056, 150.36206, 328.69943, 154.07196, 305.72473, 157.97417, 282.98846, 161.83728, 260, 166.09932, 237.168, 127.73067, 324.62677, 131.40202, 301.73233, 135.25972, 278.86508, 139.47313, 255.8737, 143.5, 233, 105.15489, 320.84201, 108.75488, 297.94864, 112.45798, 274.94342, 116.68996, 251.85757, 120.80106, 228.90631;
  216.79459, 360.08887, 220.49829, 339.99811, 224.11717, 319.20432, 227.90504, 298.25751, 231.4588, 276.99677, 196.08121, 355.40738, 199.47015, 335.035, 203, 314.5, 206.39426, 293.69357, 209.83672, 272.5, 175.73938, 350.53754, 178.8741, 330.3703, 181.9628, 309.6991, 185.20294, 289.1506, 188.66388, 267.9068, 155.71037, 345.53226, 158.67674, 325.5495, 161.65604, 305.12982, 164.66786, 284.47281, 168, 263.5, 136.20343, 340.56046, 138.89172, 320.66226, 141.56738, 300.55347, 144.62872, 280.01678, 147.6181, 259.05145, 116.88387, 335.85391, 119.42363, 316.15814, 121.95705, 295.98077, 124.72652, 275.52594, 127.63602, 254.85596;
  428.76532, 174.16393, 423.08008, 149.30066, 417.30301, 124.58562, 411.56769, 100.27607, 405.24982, 75.822792, 404.1684, 178.9014, 398.5625, 154.16525, 392.88458, 129.84476, 386.74396, 105.4925, 380.71829, 81.355522, 379.84598, 183.89175, 374.20676, 159.32382, 368.39755, 135.06244, 362.48669, 110.97218, 356.44131, 86.993782, 356.10681, 188.66196, 350.12134, 164.56422, 344.46854, 140.36639, 338.53302, 116.34773, 332.62781, 92.652374, 332.20181, 193.58488, 326.38943, 169.65373, 320.74493, 145.75034, 314.83707, 121.9666, 309, 98.137596, 308.95657, 198.46233, 303.24911, 174.73613, 297.44556, 151.09653, 291.65677, 127.52994, 285.88144, 104.13062;
  280.12082, 256.08755, 279.17752, 233.80479, 278.68973, 211.73512, 277.8945, 189.53668, 277.20087, 167.51312, 257.6543, 256.6543, 256.83673, 234.5, 256.26453, 212.16277, 255.48476, 190.15016, 255, 168, 235.04645, 257.41968, 234.49135, 235.0712, 233.68973, 212.73512, 233.0571, 190.7291, 232.68973, 168.73512, 213.01968, 257.97983, 212.1687, 235.83043, 211.7014, 213.7014, 211.00833, 191.48523, 210.5, 169.5, 190.98259, 258.60193, 190.19594, 236.3019, 189.38695, 214.12679, 189.02966, 192.07047, 188.43256, 170.01291, 169.12567, 259.3494, 168.44379, 237.08316, 167.37743, 214.90562, 167.10139, 192.85284, 166.549, 170.98956;
  181.49722, 299.22507, 190.25833, 278.91656, 199.2337, 258.77762, 208.34453, 238.28627, 217.43379, 217.43855, 160.68024, 290.14523, 169.51756, 269.83771, 178.5, 249.5, 187.46405, 228.95735, 196.58429, 208.34109, 140.48097, 281.12912, 149.01312, 260.57224, 157.63248, 240.1707, 166.76218, 219.7485, 176.02516, 199.20103, 120.06832, 272, 128.70419, 251.70419, 137.38478, 231.12743, 146.16328, 210.5, 155.37852, 189.91525, 99.951019, 262.99725, 108.5, 242.5, 117.04835, 221.96938, 125.89449, 201.46332, 135.03694, 180.79002, 80.037766, 253.86784, 88.5, 233.5, 96.953896, 213, 105.68973, 192.26488, 114.74879, 171.63161;
  458.86053, 410.29272, 463.05304, 387.49124, 467.35046, 364.7084, 471.36685, 342.30408, 475.40881, 319.81613, 437.36469, 406.36069, 442.08725, 383.24716, 446.36282, 360.3226, 450.70139, 337.70139, 454.73529, 314.80347, 415.78473, 401.89639, 420.41846, 378.81964, 425, 355.45401, 429.33206, 332.55734, 433.3316, 309.71613, 393.63351, 397.75989, 398.45798, 374.05658, 403.14059, 350.69711, 407.47421, 327.48389, 412.11594, 304.5881, 370.98544, 393.2757, 375.76764, 369.46713, 380.51633, 345.88614, 385.38821, 322.45706, 389.87088, 299.18161, 347.62781, 388.34763, 352.67914, 364.48849, 357.69836, 340.58612, 362.54993, 317.1937, 367.18704, 293.83136;
  331.04822, 301.78546, 335.90903, 275.84363, 340.5, 250, 345.20825, 224.47629, 349.89597, 198.98692, 304.66388, 296.64575, 309.5, 270.5, 314.31552, 244.68448, 319.25848, 219.13538, 324.06683, 193.85223, 278.32669, 291.57672, 283.29376, 265.5, 288.14124, 239.59924, 293.13702, 213.97023, 298.07959, 188.56102, 252.1104, 286.41791, 257.19052, 260.27405, 262.18567, 234.22926, 267.15472, 208.56618, 272.37204, 183.36597, 225.85403, 281.34695, 231.02667, 255.1387, 236.10228, 229.10794, 241.33675, 203.67177, 246.47624, 178.26999, 199.97333, 276.1387, 205.07764, 250.04582, 210.1154, 224.11418, 215.39867, 198.45961, 221.01488, 173.52184;
  308.88818, 337.87802, 311.02631, 307.10739, 312.8327, 275.62418, 314.87268, 243.5296, 316.7196, 211.14175, 277.17212, 336.63303, 278.39557, 305.70822, 280.17966, 274.18347, 281.79086, 242.25368, 283.66119, 209.63628, 245.34669, 335.14059, 246.5, 304.0722, 247.51114, 272.80759, 249, 240.4787, 250.56241, 207.99603, 213.67667, 333.69815, 214.57715, 302.72253, 215.44539, 271.29138, 216.50648, 239.29639, 217.82605, 206.5957, 182.61121, 331.93826, 182.90802, 301.24484, 183.40244, 269.73569, 184.31277, 237.91066, 185.5, 205.5, 151.65381, 330.25027, 151.65979, 299.66809, 151.95535, 268.38278, 152.55762, 236.57643, 153.54674, 204.43898;
  335.0415, 339.75092, 337.19907, 306.41837, 339.62332, 272.53033, 342.10281, 238.33752, 344.1553, 203.7579, 301.03925, 338.06235, 303.04285, 305.11484, 305.0145, 270.9603, 307.08261, 236.57355, 309.20184, 202.00793, 266.86984, 336.31073, 268.63165, 303.11575, 270.38361, 269.29782, 272.07364, 235.12346, 274.10535, 200.1792, 233.20718, 334.58463, 234.67064, 301.42877, 236.11165, 267.62665, 237.55164, 233.36456, 239.32991, 198.58395, 199.95155, 332.48917, 200.94324, 299.47318, 202.10376, 265.83948, 203.46515, 231.86118, 204.96591, 197.32999, 167.29628, 330.59537, 167.88249, 297.61942, 168.67342, 264.25516, 169.76093, 230.205, 170.9857, 196.11662;
  423.53082, 317.42996, 439.91162, 279.07709, 456.31439, 239.82155, 472.61926, 200.26276, 488.67569, 160.40291, 384.97629, 300.93954, 400.73566, 262.50613, 416.72464, 223.06352, 432.71771, 183.36496, 448.76648, 143.49803, 346.30045, 284.46497, 361.55753, 245.67438, 377.11191, 206.52824, 392.74094, 166.79951, 408.48184, 127.02374, 308.23749, 268.36282, 322.96866, 229.70386, 337.97757, 190.46907, 353.13669, 150.77853, 368.66217, 110.92433, 270.90869, 252.11278, 284.89926, 213.61852, 299.47372, 174.65314, 314.17981, 135.28491, 329.41592, 95.82666, 234.38698, 236.41756, 247.80536, 198.30743, 261.68341, 159.52437, 276.04166, 120.57934, 291.08453, 81.511147;
  390.70389, 246.01204, 384.18466, 198.92598, 377.54556, 152.00787, 370.80594, 105.84488, 364.34781, 60.419464, 344.47696, 252.72209, 337.6239, 204.71353, 330.92648, 157.0499, 324.34717, 109.87604, 318.09662, 63.894497, 297.06207, 259.66913, 290.00546, 210.99986, 283.1459, 162.48427, 276.66821, 114.81358, 270.54849, 68.004173, 248.8792, 266.65558, 241.5708, 217.57072, 234.65187, 168.75436, 228.18347, 120.47496, 222.43109, 73.283501, 200.34377, 273.79623, 192.73642, 224.52736, 185.76587, 175.44658, 179.45686, 126.86813, 173.78217, 79.41877, 152.10912, 280.96283, 144.18219, 231.71692, 137.17249, 182.5065, 131.11533, 133.70201, 125.62333, 86.33268;
  375.50391, 250.14171, 371.0502, 203.08078, 366.45724, 156.40019, 361.71066, 110.22147, 357.10043, 64.782471, 329.11868, 255.07448, 324.27188, 207.35233, 319.45612, 159.93234, 314.90115, 112.95423, 310.44513, 66.756805, 281.55185, 260.14743, 276.47104, 212.01555, 271.57874, 163.94923, 266.98477, 116.3867, 262.65134, 69.816193, 233.53719, 265.37061, 228.09477, 216.76793, 223.10548, 168.38477, 218.58685, 120.62381, 214.52991, 73.575317, 185.27989, 270.53915, 179.57262, 221.95395, 174.47371, 173.41179, 170.01421, 125.49704, 166.24898, 78.211365, 137.47514, 275.77768, 131.53377, 227.50877, 126.31794, 178.73715, 121.92861, 130.71715, 118.51923, 83.631699;
  531.25531, 369.4838, 519.25946, 322.56012, 506.82806, 275.99945, 493.97266, 230.28401, 481.1723, 185.50308, 486.31232, 382.23157, 474.28165, 334.36871, 461.81265, 286.81723, 449.22861, 239.93456, 436.63739, 194.12326, 438.93362, 395.01114, 426.86157, 346.18076, 414.59558, 297.89096, 402.50629, 249.9924, 390.32404, 203.43164, 390.53186, 407.59497, 378.20721, 358.19995, 366.17319, 309.04391, 354.24042, 260.58932, 342.63461, 213.22925, 340.4278, 419.84274, 328.32324, 370.07861, 316.47485, 320.53238, 304.94968, 271.46988, 294.01163, 223.72777, 289.91919, 431.72672, 277.91791, 381.42035, 266.19165, 331.68961, 255.27737, 282.48874, 245.03677, 234.51549;
  366.78107, 391.4722, 381.8783, 350.88953, 396.26944, 310.58755, 410.0394, 270.87872, 423.26895, 231.70029, 326.64548, 376.60507, 341.61877, 336.53015, 356.06018, 296.9559, 370.14877, 257.57855, 383.57547, 218.99135, 287.30334, 362.25629, 302.21829, 322.57306, 316.48029, 283.43817, 330.65073, 244.81514, 344.57132, 206.75818, 249.21103, 347.76917, 263.95761, 309.00281, 278.52365, 270.40073, 292.75104, 232.35046, 306.6308, 195.18364, 212.51653, 333.64996, 227.06157, 295.5, 241.5032, 257.80704, 255.78352, 220.61444, 269.85089, 184.13843, 177.32034, 319.84775, 191.55351, 282.67865, 205.71237, 245.5666, 220.19165, 209.36511, 234.51456, 173.94839;
  532.58936, 336.59839, 525.9035, 289.51523, 518.51318, 243.10057, 510.54285, 197.75365, 502.4166, 153.52402, 487.32156, 343.57504, 480.62646, 295.62646, 473.56424, 248.52618, 466.18094, 202.4557, 458.57443, 157.38327, 440.43204, 350.47644, 433.95071, 302.21469, 427.25839, 254.22037, 420.21674, 207.37498, 413.12836, 162.09294, 392.42993, 357.14902, 386.12201, 308.31665, 379.62827, 260.20541, 373.27008, 212.96341, 366.68033, 167.28683, 343.51718, 363.47696, 337.4389, 314.50827, 331.4678, 266.22501, 325.52924, 218.62711, 319.75626, 172.69537, 294.43668, 369.47156, 288.74881, 320.5502, 283.09567, 272.13327, 277.51422, 224.53891, 272.65601, 178.86314;
  512.1369, 331.60532, 507.58194, 284.53848, 502.33517, 238.38199, 496.54568, 193.11354, 490.35992, 149.16809, 466.43243, 336.31281, 461.99771, 288.60422, 457.1774, 241.90045, 451.78351, 196.10826, 446.1232, 151.73029, 419.18481, 340.90363, 415.10431, 292.92822, 410.56757, 245.49579, 405.707, 199.34943, 400.7038, 154.68968, 371.37952, 345.09952, 367.43683, 296.93597, 363.32068, 249.57831, 359.0553, 203.09477, 354.67859, 158.1239, 323.06863, 349.07788, 319.32202, 300.97092, 315.6326, 253.5, 311.81934, 207.1013, 308.16791, 162.19194, 274.99124, 352.72037, 271.48041, 304.95111, 268.10645, 257.59451, 264.92972, 211.3054, 262.0144, 166.58913]
