image_Width 640
image_Height 360
board_Width 4
board_Height 11
square_Size 24.8
Camera_Matrix[491.5089475297527, 0, 326.8866421665744;
  0, 493.3339873279698, 171.3448826737942;
  0, 0, 1]
Distortion_Coefficients[0.02747433113967849;
  -0.07334225699862074;
  0;
  0;
  0.01119470433137914]
Avg_Reprojection_Error 0.207584
Per_View_Reprojection_Errors[0.19276597;
  0.20024246;
  0.21283157;
  0.1596961;
  0.16716217;
  0.17708617;
  0.18643998;
  0.17215307;
  0.23492277;
  0.17662895;
  0.27584639;
  0.16429244;
  0.16968921;
  0.34691384;
  0.33224791;
  0.17427409;
  0.19477193;
  0.25126001;
  0.24345013;
  0.17486103;
  0.16523154;
  0.15807076;
  0.24772091;
  0.25798973;
  0.3243264;
  0.19635229;
  0.21217927;
  0.19251554;
  0.32363299;
  0.17754197;
  0.22961308;
  0.17133532;
  0.15383223;
  0.16348501;
  0.20228948;
  0.174375;
  0.15291096;
  0.19573568;
  0.19318663;
  0.17627639;
  0.18527451;
  0.1883321;
  0.17101182;
  0.16422264;
  0.14575888;
  0.16653189;
  0.16962117;
  0.18245907;
  0.2199856;
  0.2256007]
Extrinsic_Parameters[0.01257028785576893, 0.03468922006863802, 1.625312077969255, 140.119459354821, -70.21002352118146, 553.9893531598625;
  -0.008715466357100932, 0.06955958190688966, 1.586812540046494, 119.1726323198942, -103.2999880964944, 635.0341066571992;
  -0.004064348561182225, 0.07852592970268316, 1.586609482520421, 115.1167219444864, -104.3287559805232, 644.0022358732953;
  -0.0101234499951103, 0.07817228670378922, 1.570900162138453, 84.16765353285805, -101.3348785328601, 713.6191145042948;
  -0.07672097652523953, 0.05711130020908255, 1.552168847883643, 73.05129937009085, -105.0611554583523, 749.6791393635035;
  0.2116571521073279, 0.5120949827607031, 1.880955870152509, 87.44574404751845, -66.93529764141775, 719.6061191555566;
  0.2183429022669934, 0.4915027458728936, 1.969634528812813, 169.7661657979619, -16.3997010446361, 775.3327170336363;
  0.0337042052519444, 0.1284581661450417, 1.747040844911207, 415.9484550823034, 39.85386717971545, 986.2945063982619;
  0.06270802839846044, 0.1797524478891529, 1.678162109823828, 383.7791884112414, -56.35820453096596, 1029.798015824739;
  0.3827737953851254, -0.3390557889656536, 1.632157759754744, 270.3984812841586, -88.8608670707054, 823.678713657135;
  -0.245628596745725, -0.1729904773529912, 1.331747080079547, 9.974688278485674, -132.6042577320785, 730.6468483601282;
  0.2284638209249735, -0.3924636289181687, 1.603204008327326, -84.53166766159075, -77.53469291657616, 580.6502197139657;
  0.2225262779954627, -0.4230443389878035, 1.596442148707559, -84.34597873999795, -75.17860575840315, 580.4133905868379;
  -0.3706506162682703, -0.1008307447448832, 1.294339293225209, -69.57113454046889, -58.73228624381183, 705.4710538411182;
  -0.3518920925059197, -0.004803004119176967, 1.31604815618479, -54.31422328427575, -51.65597507649633, 706.9929978054324;
  -0.3213484136137558, 0.06920102326538041, 1.72775548288071, -88.3256481453148, -75.78831116553243, 1055.96234995413;
  -0.3364349753173454, 0.03092435243609414, 1.941834210126335, -65.29272826901868, -53.77790029066548, 1047.967836862731;
  -0.1509269731809805, 0.08424288003329754, 1.020201516548821, -80.40519188646279, -112.2418045725943, 946.9603781945984;
  -0.1401313608321378, 0.08254028851509304, 0.9297741773484749, -91.21033849768959, -107.0883897889905, 945.9754859447924;
  -0.3877505921033527, 0.3580348224850271, 1.062712519262407, -141.6364639971239, -90.06668000187618, 1050.237802177367;
  -0.5782009994143942, 0.5099065853048962, 1.222250703879364, -145.6965336181168, -39.15043607615765, 1109.933706373379;
  -0.1176284741524221, -0.6167026341202476, 1.625680407575237, -211.7125576018395, -53.96290580201077, 846.6095676032181;
  -0.3304558168740207, -0.5010906852789747, 1.543579638318625, -134.4030093590902, -150.8743687473624, 737.2733977640233;
  -0.1004770080690548, -0.273601662708951, 1.548535316471044, -42.6669951509292, -197.6474051437509, 670.2394699263862;
  -0.04663249577365107, -0.1995527617120448, 1.587381976129957, -16.54177694717103, -194.7119599080998, 660.4232475782081;
  0.1824783856054897, 0.2154233595097806, 1.684747138230145, 84.95099112770558, -193.5027188328735, 656.9230772784924;
  -0.08344293160837213, -0.3056669798514717, 1.202166712134962, -11.0558992196108, -198.0542880445547, 624.4152639945178;
  -0.3193618604941265, 0.5169368359504047, 1.409618397150292, 160.6194218787028, 4.25453786666744, 836.3225296293052;
  -0.1434951790875704, 0.3130076456001824, 1.448225511993694, 119.0939883507342, 38.59858664305029, 794.3484155266327;
  -0.3354220267594542, -0.01716383644234562, 1.522682095119202, -137.2821313797248, 48.16147301516824, 845.7158979820021;
  -0.2033732533399794, -0.3259429462402856, 1.472362039820325, -173.4769073624845, 30.04285429580621, 827.2860285864698;
  -0.1718167421097747, -0.7529256475118529, 1.478825757064556, -246.8161705481339, 69.61722575865014, 820.0502073521416;
  -0.3643682381481539, -0.2413002160840899, 1.487579972166636, -149.263371252391, 15.33614679932094, 1252.073683331866;
  0.1766540043386382, 0.3033285585442023, 1.806730679727838, 465.3220265818378, -183.7564675568839, 1155.208268929351;
  0.1958562587318186, 0.04141830805482095, 1.810869883773957, 416.2886612746909, -215.7728639279538, 1133.865855266311;
  -0.4267996567767033, -0.1739943619513904, 1.410823028626211, 237.7978269885237, -234.4924935472479, 1132.353553795673;
  -0.4964198964807387, 0.3435388617043059, 1.205256465434533, 74.07725870507542, -205.8419927903395, 1129.033413656155;
  0.02006137639519945, -0.04698113915437015, 1.880372341135872, -103.5769816716207, -137.5491067951679, 1009.777695684564;
  0.0251752230330793, -0.2276680665882951, 1.880079157300533, -130.644783613087, -131.4911495912903, 1009.777419267945;
  -0.7223633179950452, -0.2983922328102839, 1.168926562613553, -280.744535989796, -68.22359313055203, 1033.671097327163;
  -0.7222812351103914, -0.2669026166503128, 1.164178564079819, -277.155571367801, -62.67137915701614, 1033.754023026948;
  -0.5133698655904085, 0.197402347214383, 1.272540943182006, -150.2742352979932, -26.44332606610347, 1055.301960445362;
  -0.3796485283286233, 0.3330430789122232, 1.643079572782878, -60.1892144621068, 62.91702331099896, 1025.735252619024;
  0.03536162120519809, 0.2294626586232878, 2.09941593900185, 142.59590046772, 133.8919123815454, 1012.86370390586;
  -0.04485231017314138, -0.04815494909856333, 2.066123443998003, 171.2415941230831, 126.733672756394, 1024.895379548974;
  -0.2126247079831721, -0.2610483719581145, 1.854064425556625, 203.298262925113, 101.2994890779153, 1042.098021653806;
  -0.5356217051813833, -0.3438699746085149, 1.349728864317008, 264.4066055412034, 89.50614816142635, 1089.975236789157;
  0.314632401220925, 0.3432634311077331, 1.93329010494906, 468.5235172212511, 130.0935656460046, 1040.44757407347;
  -0.2083895157391554, 0.02944085693397995, 0.8292037198068537, -119.5013222209739, -104.989393276794, 989.8916407702294;
  -0.1816968141797409, -0.1945631873972026, 1.963571949364969, -41.96351274364076, -21.33113399949422, 941.1497603921969]
Image_points[451.22498, 108.61236, 449.30923, 152.88747, 446.96161, 197.18791, 444.59088, 241.33353, 428.09735, 129.65195, 425.9061, 173.55441, 423.3782, 217.80249, 421.24591, 262.37134, 407.07837, 106.66657, 404.78833, 150.78876, 402.39554, 194.46381, 400.08459, 238.93326, 383.9451, 127.37032, 381.61584, 171.33784, 379.22067, 215.18173, 376.93567, 259.74835, 363.57645, 104.21032, 360.84924, 148.44414, 358.39191, 192.12689, 355.93344, 236.27307, 340.13846, 125.30554, 337.53552, 169.19574, 335.52603, 212.87759, 332.80869, 257.2092, 319.42786, 102.24423, 317.23355, 146.00656, 314.64035, 189.57741, 312.28336, 233.5457, 296.4668, 122.87428, 294.23862, 166.60681, 291.57205, 210.43747, 289.33875, 254.54909, 275.68988, 99.752213, 273.62509, 143.6093, 271.22223, 187.18269, 268.49966, 230.953, 253.31726, 120.68408, 250.65984, 164.43484, 248.18091, 207.68114, 245.58199, 251.92343, 232.5441, 97.529449, 230.41586, 141.38864, 227.91638, 184.69348, 225.26126, 228.54617;
  419.48386, 91.025558, 419.09833, 129.31644, 418.54794, 167.6725, 418.0665, 206.82277, 400.12097, 110.03775, 399.33856, 148.48065, 398.82813, 187, 398.11938, 225.9928, 380.70276, 90.683479, 380.13959, 128.76674, 379.62393, 167.29155, 379.177, 206.15347, 361.19705, 109.63488, 360.69144, 147.90685, 360.18921, 186.11099, 359.43076, 225.30896, 342.56967, 90.347206, 341.71439, 128.58696, 341.12729, 166.79529, 340.37363, 205.472, 322.93573, 109.2256, 322.30768, 147.37213, 321.47235, 185.66948, 320.79706, 224.68037, 304.27625, 89.867325, 303.578, 128.25027, 302.59213, 166.25751, 301.91119, 205.02721, 284.98846, 108.95715, 283.98157, 147.01843, 283.22623, 185.00986, 282.32993, 223.93784, 266.40753, 89.592453, 265.45987, 127.63046, 264.634, 165.66418, 263.52481, 204.22017, 247.04955, 108.35711, 246.25845, 146.53685, 245.22302, 184.50684, 243.85378, 223.3351, 228.5507, 88.951729, 227.80156, 127.2217, 226.64737, 165.05273, 225.49696, 203.42682;
  415.09109, 91.349068, 414.47433, 129.14272, 413.98721, 167.03087, 413.5654, 205.41243, 395.81528, 110.04708, 395.11581, 147.80544, 394.65051, 185.9408, 394.17932, 224.50432, 377.08881, 91.113754, 376.43689, 128.6322, 375.79761, 166.64442, 375.33942, 204.76062, 357.74982, 109.70724, 357.29257, 147.50601, 356.51086, 185.25226, 355.74036, 223.73242, 339.24396, 90.669044, 338.4201, 128.44986, 337.77634, 166.05057, 337.08591, 204.22949, 320.1705, 109.56285, 319.41663, 146.91383, 318.46188, 184.81232, 317.70801, 223.04601, 301.53568, 90.46434, 300.75659, 128, 300.14908, 165.53255, 299.29587, 203.79143, 282.52454, 109.12149, 281.55908, 146.55908, 280.61771, 184.23615, 279.69815, 222.50153, 264.36816, 90.284874, 263.5325, 127.59676, 262.55136, 165.18301, 261.32358, 202.65877, 245.46613, 108.56291, 244.4821, 146.20551, 243.46434, 183.53566, 242.41144, 221.70239, 227.33287, 89.507095, 226.43306, 127.30259, 225.54051, 164.5762, 224.11916, 202.377;
  384.97174, 101.13653, 385.02039, 135.20207, 385.10693, 169.73166, 385.14386, 204.43799, 367.80139, 118.36314, 367.86691, 152.54987, 367.84879, 186.94193, 368.05301, 221.83096, 350.65747, 101.45231, 350.64581, 135.41174, 350.61893, 169.67523, 350.70004, 204.16626, 333.65384, 118.60809, 333.56778, 152.78564, 333.58163, 187.04073, 333.4584, 221.69608, 316.56995, 101.68145, 316.53748, 135.66782, 316.5621, 169.68169, 316.19812, 204.21051, 299.65451, 118.79477, 299.60352, 152.71002, 299.31476, 186.8112, 298.9494, 221.50383, 282.89423, 101.95889, 282.7468, 135.62064, 282.55173, 169.67336, 282.05356, 204.05731, 265.99109, 118.81306, 265.67813, 152.83609, 265.14023, 186.98351, 264.96402, 221.82222, 249.23393, 101.98421, 249.01692, 135.99083, 248.64682, 169.7504, 247.93466, 203.95955, 232.2122, 119.06712, 231.90463, 152.9874, 231.21336, 186.91286, 230.96886, 221.50427, 215.55888, 102.11611, 215.05031, 135.97714, 214.91763, 169.80676, 214.22568, 203.87265;
  374.96573, 102.17867, 375.55487, 134.64839, 376.4075, 167.14735, 377.21301, 200.08725, 358.89301, 118.38623, 359.6908, 150.99852, 360.41876, 183.6266, 361.09579, 217.19728, 342.27701, 102.57481, 342.82935, 135.06436, 343.57065, 167.62209, 344.44928, 200.9019, 326.57712, 119.03957, 327.04181, 151.60089, 327.60062, 184.42059, 328, 218, 309.76538, 103.30501, 310.39307, 135.59116, 310.71841, 168.28209, 311.28616, 201.36053, 293.54688, 119.65961, 294.19852, 152.33606, 294.4259, 185.24435, 294.63574, 218.60512, 277.20932, 103.38691, 277.33054, 136.16446, 277.69934, 168.70702, 278, 202, 260.76385, 120.02034, 261.06992, 152.6188, 261.36224, 185.54819, 261.47003, 219.22035, 244.52708, 104.09387, 244.62331, 136.58385, 244.56075, 169.56075, 244.56441, 202.73138, 228.02264, 120.51995, 228.12016, 153.38257, 228.12529, 186.33424, 228.0668, 220, 211.57712, 104.48154, 211.55655, 137.13153, 211.37802, 170.02551, 211.40753, 203.34117;
  386.41217, 125.58782, 374.47656, 156.64172, 362.71539, 188.61287, 350.21301, 221.08725, 365.57242, 136.88969, 353.44571, 167.66122, 341.53461, 199.27644, 329.09833, 231.50354, 356.93494, 117.51317, 345.05362, 147.77318, 333.12881, 178.64047, 321.00967, 209.85536, 336.92749, 128.50496, 325.14923, 158.57715, 313.06943, 188.9088, 300.96024, 220.37436, 329.02988, 109.8186, 317.49454, 139.0341, 305.57578, 168.94189, 293.36996, 199.37321, 309.52365, 120.68414, 298.17694, 149.90109, 286.4736, 179.25592, 274.19977, 209.45587, 302.50726, 102.427, 291.00131, 130.96736, 279.55972, 160.07277, 267.50089, 189.48071, 284.35138, 113.18237, 272.73114, 141.56996, 261.12125, 170.09569, 249.05283, 199.07919, 277.70279, 95.675278, 266.40799, 123.51688, 254.82172, 151.69839, 243.11073, 180.13989, 260.0741, 106.19395, 248.62679, 133.64038, 237.32628, 161.32439, 225.56177, 189.9221, 254.09181, 89.415092, 242.8436, 116.46, 231.67868, 143.58458, 220.04555, 171.37428;
  434.681, 161.0323, 421.15457, 189.1142, 407.78952, 218.07518, 394.21875, 246.96687, 413.69861, 169.09544, 400.19949, 197.2562, 387.14883, 225.57515, 373.88474, 254.52913, 406.35657, 149.92783, 393.29706, 177.47131, 379.99222, 204.99222, 366.86731, 233.30028, 386.37387, 158.09395, 373.56744, 185.38428, 360.43002, 213.0029, 346.91046, 240.94289, 379.86768, 139.26898, 367.06818, 166.14471, 354.16266, 193.16264, 341.18857, 220.28632, 360.65457, 147.70816, 347.69913, 174.16017, 335.15338, 200.71327, 322.004, 227.99318, 354.57047, 129.3625, 342.07053, 155.42354, 329.33224, 181.87752, 316.32477, 208.15691, 336.31491, 137.64708, 323.64816, 163.17021, 311.18021, 189.2876, 298.21552, 215.81987, 330.54919, 119.85409, 318.30939, 145.44348, 305.83658, 170.67592, 293.12378, 196.60992, 313.10339, 128.00568, 300.76169, 152.85721, 288.1149, 178.20137, 275.69568, 203.91711, 307.97864, 111.09616, 295.82532, 135.76869, 283.4046, 160.49796, 270.82388, 185.67532;
  534.78876, 191.34793, 530.75085, 215.81001, 527.02496, 240.56721, 522.96033, 265.24091, 519.97839, 201.29472, 516.18164, 225.93909, 512.08435, 250.35971, 507.8754, 275.42706, 509.29715, 187, 505.26443, 211.33817, 501.24884, 235.76421, 497.60547, 260.50507, 494.95712, 196.7263, 490.78159, 221.36191, 486.91077, 245.70447, 482.9093, 270.45987, 484.43613, 182.55234, 480.41788, 206.92958, 476.29715, 231, 472.14856, 255.66026, 470.04535, 192.35619, 465.88831, 216.58916, 462.11115, 240.9585, 457.93829, 265.81348, 459.71814, 178.55379, 455.68167, 202.22081, 451.48929, 226.42516, 447.30994, 250.99971, 445.3562, 188.04533, 441.20981, 212.3924, 437, 236.5, 432.86487, 260.80515, 435.38385, 173.98738, 431.19403, 197.95883, 427.05731, 221.94119, 422.79288, 246.04315, 421.14276, 183.79727, 416.89874, 207.75108, 412.84558, 231.79578, 408.3049, 255.94453, 411.17096, 169.67418, 406.95621, 193.70105, 402.56293, 217.5927, 398.39395, 241.73447;
  510.63968, 144.43558, 508.38776, 167.85358, 506, 191.29713, 503.49481, 215.0546, 497.14856, 155, 495.00504, 178.33327, 492.5, 202, 490.31421, 226.00262, 486.08228, 142.21873, 483.83926, 165.58055, 481.29715, 189, 479.14087, 212.32709, 472.80304, 152.62239, 470.5, 176, 468.1698, 199.10225, 465.84421, 222.95311, 461.99637, 140, 459.54794, 163.17947, 457.36728, 186.23218, 454.74304, 209.70709, 448.75705, 150.33495, 446.42734, 173.58734, 444.0387, 196.5, 441.41302, 220.45273, 438.28699, 137.54857, 435.52222, 160.69354, 433.36002, 183.58958, 430.82437, 206.95531, 425, 148, 422.56729, 170.78758, 420.17444, 194.17444, 417.65332, 217.26906, 414.49588, 135.56883, 412.04517, 158.24019, 409.6499, 181.12685, 407.05746, 204.2832, 401.58691, 145.73117, 399.20059, 168.56209, 396.5545, 191.55118, 394.10181, 214.84216, 391.31912, 133.49979, 388.70654, 155.8826, 386.22968, 178.77032, 383.496, 201.70879;
  488.5126, 117.75974, 482.20328, 145.49403, 475.8934, 171.26717, 469.86835, 195.85887, 470.73175, 130.53896, 464.87283, 157.14684, 458.81445, 182.38162, 453.5, 206.5, 459.10886, 115.19167, 453.07339, 142.62135, 447.67615, 168.76527, 442.57474, 193.13684, 441.20239, 127.59405, 436.00867, 154.45325, 431.16901, 179.85086, 426.49454, 203.98288, 429.23587, 112.58352, 424.24225, 139.67856, 419.52194, 165.78537, 415.06006, 190.74448, 412.12592, 124.92406, 407.62949, 151.80539, 403.36234, 177.13167, 399.50146, 201.4487, 399.84763, 109.80279, 395.7002, 137.2737, 391.55099, 163.21184, 387.58975, 188.13844, 383, 122.5, 379.27704, 148.96826, 375.5, 174.5, 372.1459, 198.9391, 370.258, 107.08681, 367, 134.57768, 363.53949, 160.58572, 360.25537, 185.37758, 354.20361, 119.5162, 351.1788, 146.32132, 347.94244, 171.88078, 345.31589, 196.06584, 341.19272, 104.49066, 338.34012, 131.68781, 335.64352, 157.82339, 332.98743, 182.97104;
  333.77011, 81.944954, 341.108, 114.28371, 348.99759, 146.53477, 356.5694, 179.4711, 321.6098, 101.19565, 329.37103, 133.70512, 337.04504, 166.51677, 344.82181, 199.7634, 302.08032, 87.533539, 309.52673, 120.67542, 317.51169, 153.50703, 325.31998, 187, 289.68063, 107.25536, 297.45828, 140.56662, 305.04108, 174.07912, 313.15863, 208.01408, 269.40994, 93.465767, 276.92676, 127.18372, 284.99054, 160.90683, 292.69464, 195.063, 255.96501, 113.67419, 264.00555, 147.33678, 272.05276, 181.81708, 280.02728, 216.27591, 234.93289, 99.724686, 242.74867, 133.95566, 250.90622, 168.50763, 258.77475, 203.13733, 221.0565, 120.16015, 229.08383, 154.99837, 237.03523, 189.90712, 245.12425, 225.40721, 199.18433, 105.96615, 207.02634, 141.11688, 215.13655, 176.53328, 223.28851, 211.91243, 184.5433, 127.10651, 192.63257, 162.78632, 200.5294, 198.48189, 209.09171, 234.38725, 161.82343, 112.57673, 169.71881, 148.72307, 178.06647, 184.77588, 186.15529, 220.96188;
  255.28087, 105.32378, 254.62555, 145.47769, 253.75717, 182.47916, 253.05161, 217.29707, 233.69865, 124.69513, 233.60983, 163.51836, 233.60452, 199.53073, 233.49623, 233.84271, 212.33939, 103.24352, 212.91087, 143.5912, 213.33565, 181.32622, 214.07776, 216.85014, 191.12476, 122.64719, 192.45039, 161.99576, 193.69084, 198.82278, 194.78662, 233.14195, 168.49335, 100.92946, 170.5753, 141.86797, 172.57344, 179.90112, 173.96379, 215.96848, 147.57797, 120.81643, 150.49414, 160.48032, 152.63455, 197.69986, 155.05829, 232.63026, 123.96423, 98.707626, 127.22379, 139.89346, 130.58241, 178.53319, 133.58501, 214.9075, 103.46429, 118.86726, 107.32146, 158.82355, 111.37718, 196.46526, 114.67233, 231.84543, 78.530548, 96.524796, 83.24926, 138.13667, 88.018936, 177.39442, 92.43071, 213.84599, 58.548847, 116.73955, 63.882793, 157.32402, 68.926216, 195.28484, 73.987312, 230.91281, 32.933407, 94.341942, 38.921223, 136.49434, 44.821339, 175.75725, 50.497417, 212.74147;
  255.32494, 107.39771, 254.47533, 147.01814, 253.96158, 183.90727, 253.11316, 218.38576, 233.96463, 126.63844, 233.95168, 165.30164, 233.97432, 201.02481, 233.89108, 234.88132, 212.40504, 105.58448, 213.03879, 145.55472, 213.78703, 183.02747, 214.17088, 218.03084, 191.14044, 125.04789, 192.48859, 164.22305, 193.79402, 200.59035, 195.00459, 234.99078, 168.22041, 103.68867, 170.29939, 144.19704, 172.47894, 182.21056, 174.15619, 217.80016, 147.31303, 123.55328, 150.0488, 163.03485, 152.7597, 199.88071, 154.9895, 234.72794, 122.91298, 101.64453, 126.68609, 143.17557, 130.23123, 181.32852, 133.44254, 217.20335, 102.63718, 121.91228, 106.62922, 161.72772, 110.76535, 199.08101, 114.47304, 234.42389, 77.033638, 100.00311, 82.119827, 141.26617, 87.118393, 180.39867, 91.456047, 216.769, 56.951912, 119.95277, 62.581238, 160.62015, 67.956894, 198.57272, 73.383934, 233.9205, 30.523781, 97.716881, 37.079632, 139.83334, 43.607754, 179.4106, 49.480423, 216.34529;
  277.94196, 130.092, 287.62732, 163.05112, 297.08511, 196.9149, 307.00693, 231.43401, 266.0282, 150.07898, 275.52139, 183.84198, 284.95694, 218.57623, 295.02264, 253.93521, 244.12395, 137.12445, 253.48581, 171.08699, 263.00061, 205.48795, 272.69464, 240.91737, 231.50113, 157.83327, 240.92975, 192.29509, 250.46523, 227.83281, 260.1387, 264.15289, 208.88361, 144.20462, 218.31926, 179.16666, 227.68138, 214.59119, 237.14307, 251.08707, 195.34663, 165.9456, 204.47083, 201.35339, 213.70505, 237.43773, 223.3624, 274.89963, 171.87379, 151.92949, 181.11104, 187.61452, 189.98073, 224.02567, 199.3575, 261.56, 157.09943, 174.05067, 165.91014, 210.47951, 175.23656, 247.79459, 184.58679, 286.25357, 133.20448, 160.24767, 141.897, 196.75354, 150.93745, 234.11244, 159.71074, 272.60168, 117.46294, 182.74797, 126.43088, 220.19875, 135.01422, 258.69531, 144.2856, 298.09399, 92.508492, 168.44327, 101.26524, 206.16571, 109.68976, 244.64676, 118.62003, 283.86435;
  288.582, 135.24683, 297.61292, 167.61301, 306.53299, 201.53297, 315.93805, 236.5327, 276.07492, 155.25244, 284.9942, 188.72652, 293.97327, 223.0574, 303.35944, 259.13916, 254.98421, 141.76607, 263.26202, 175.40718, 271.91779, 209.71509, 280.99927, 245.30707, 241.5, 162, 249.92975, 196.29509, 258.60587, 231.73264, 267.48633, 268.48642, 219.69267, 148.81035, 227.65526, 183.00287, 235.96538, 218.04826, 244.59364, 254.47185, 205.42973, 169.62642, 213.5, 204.5, 221.61267, 240.54919, 230.08047, 278.05106, 183.12514, 156.0401, 190.7049, 190.81984, 198.64899, 226.70586, 206.87157, 264.07275, 168.20023, 176.944, 175.56393, 212.9368, 183.40262, 249.89879, 191.32036, 288.34207, 145.29849, 163.036, 152.63835, 198.96815, 160.02969, 235.6711, 167.4377, 273.91882, 129.70335, 185.01292, 136.48444, 221.59146, 143.62856, 259.57126, 151.17386, 298.84186, 106.13649, 171.11223, 112.98751, 207.56648, 119.86248, 245.1084, 126.66795, 283.98294;
  285.7196, 135.72397, 281.86301, 157.75729, 277.87411, 180.40155, 273.60062, 203.83846, 272.45047, 144.52235, 268, 167, 264, 190, 259.3782, 213.46719, 262.68295, 131.39325, 258.54184, 153.47948, 254.4446, 176.25175, 249.92583, 199.24817, 249.11258, 140.25836, 244.76787, 162.50909, 240.39066, 185.42157, 235.29713, 209, 239.59314, 126.79919, 234.99637, 149, 230.73268, 171.70328, 225.51013, 194.94699, 225.48183, 135.52896, 221, 158, 215.94682, 181.23167, 210.87418, 204.69827, 216, 122, 211.40021, 144.3575, 206.16359, 167.14452, 201.10965, 190.79092, 201.74287, 130.64662, 196.7547, 153.49831, 191.44162, 176.48648, 186.0054, 200.5, 192.08376, 117.46389, 187.12154, 139.70132, 181.97591, 162.56042, 176.2493, 186.03899, 177.72461, 126.15417, 172.13087, 148.85745, 166.5009, 171.9765, 160.80002, 195.82365, 167.76831, 112.6907, 162.40846, 135.09245, 156.84337, 158.18375, 151.13245, 181.61916;
  296.255, 145.95641, 287.94095, 167.02791, 278.95636, 188.74203, 269.65192, 211.12579, 281.04553, 151.8564, 272.38889, 173.2639, 263.0679, 195.02409, 253.93858, 217.5, 274.65387, 136.65387, 265.7988, 157.63329, 256.71201, 179.3754, 247.04533, 201.64381, 259.55237, 142.44193, 250.1698, 163.89775, 240.80376, 185.6808, 231.08345, 208.24332, 252.89821, 127.15783, 243.78195, 148.37155, 234.28635, 170, 224.63478, 192.03189, 237.07596, 133.06876, 227.85126, 154.39661, 218.01805, 176.28113, 207.86908, 198.74985, 230.54134, 117.48589, 220.95212, 138.81239, 211.48726, 160.36003, 201.19986, 182.8698, 214.58296, 123.55525, 204.83202, 144.64323, 195.06291, 166.42186, 184.33527, 189.12503, 208.09927, 108.07231, 198.20645, 129, 188.09485, 150.84264, 177.90829, 172.98418, 191.94868, 113.71043, 181.73894, 135.08456, 171.40437, 156.96002, 160.56888, 179.28764, 185.15663, 98.183746, 174.94859, 119.46478, 164.72169, 140.9912, 153.99258, 163.25041;
  285.5119, 113.05137, 298.28824, 134.36674, 311.57367, 156.04399, 325.09155, 178.21452, 280.91327, 130.40213, 293.67947, 151.88217, 307.11722, 173.76714, 320.98105, 196.25435, 263.12613, 126.10467, 276.02054, 147.74545, 289.10617, 169.65909, 302.73123, 191.95715, 258.10965, 143.1852, 271.22369, 165.2626, 284.54019, 187.49806, 298.1189, 210.03549, 240.37674, 139.05972, 253.32977, 161.17513, 266.32101, 183.00159, 280.0181, 205.92021, 235.6512, 156.60783, 248.5815, 178.76021, 261.57047, 201.28566, 275.3837, 224.16913, 217.73602, 152.12422, 230.5, 174.5, 243.26877, 196.81621, 256.99588, 219.75076, 212.65985, 169.89835, 225.46849, 192.57285, 238.59213, 215.36641, 252.23483, 238.56068, 194.70483, 165.68037, 207.36313, 188.1008, 220.28398, 210.85497, 233.98683, 234.07025, 189.49419, 183.84361, 202.17322, 206.53233, 215.49814, 229.4404, 228.75339, 253.12419, 171.67101, 179.12515, 184.24655, 202.06313, 196.98157, 225.04073, 210.54349, 248.40193;
  280.0491, 115.70539, 294.5, 135.9946, 309.92966, 156.08498, 325.3801, 177.25203, 276.62076, 133.32631, 291.8576, 153.60754, 306.91025, 174.24825, 322.67737, 195.50826, 258.74875, 130.74873, 273.64178, 150.90762, 288.70148, 171.8501, 304.09787, 192.66551, 255.29852, 148.1499, 270.37338, 168.99103, 285.78806, 189.97647, 301.28693, 211.30864, 237.20621, 145.77274, 252.35536, 166.35187, 267.2261, 187.39032, 282.68115, 208.49294, 233.77783, 163.64723, 248.79446, 184.75261, 264.16486, 205.72234, 279.75064, 227.34599, 215.78267, 160.81505, 230.82996, 181.79062, 245.99255, 202.93086, 261.11768, 224.65074, 212.39149, 179.19592, 227.27692, 200.4408, 242.57742, 221.81784, 258.18994, 243.90904, 194.1499, 176.29852, 208.95912, 197.65749, 223.88953, 218.94856, 239.38887, 240.83119, 190.54002, 194.93973, 205.46782, 216.47731, 220.80161, 238.09048, 236.3226, 260.32025, 172.39514, 192.25656, 187.18758, 213.70058, 202.00642, 235.31773, 217.56596, 257.39294;
  260.31805, 128.88969, 269.3735, 146.07703, 278.99155, 164.54697, 288.8551, 183.65279, 254.20337, 142.67, 263.3432, 160.26796, 272.68912, 179.38605, 282.78775, 199.28294, 239.19687, 138.8383, 247.93536, 156.61714, 256.81253, 175.03955, 266.42697, 194.58954, 232.63959, 152.86502, 241.38065, 171.0029, 250.2995, 190.04022, 259.78568, 210.24226, 217.64014, 148.86725, 225.9222, 166.97868, 234.52151, 185.81143, 243.37328, 205.62672, 210.69475, 162.88031, 218.65494, 181.619, 227.28061, 200.96809, 236.41759, 221.43391, 195.67563, 159.11595, 203.5015, 177.50826, 211.53748, 196.58487, 220.08664, 216.71715, 188.56844, 173.36351, 196.13066, 192.42664, 203.99034, 212.39034, 212.57674, 233.13481, 173.63474, 169.18767, 180.99355, 188.00981, 188.5414, 207.74126, 196.30598, 228.24939, 165.94531, 183.63272, 173.08449, 202.85722, 180.49916, 223.50279, 188.46236, 244.87784, 151.23329, 179.83249, 158.10506, 198.69693, 165.18878, 218.72806, 172.26605, 239.71771;
  262.28738, 153.89333, 266.40201, 169.49249, 270.83267, 186.18565, 275.49673, 204.25017, 253.19621, 164.19733, 257.28912, 180.53819, 261.4877, 198.19124, 265.83984, 216.69032, 240.39336, 159.09885, 243.98189, 175.00699, 247.65248, 191.68863, 251.56387, 210.09613, 231.12199, 169.69606, 234.71852, 186.20036, 238.03806, 203.65755, 241.58089, 222.70847, 218.78416, 164.30656, 221.63083, 180.43417, 224.46159, 197.73523, 227.66153, 215.97957, 208.72246, 175.00076, 211.51048, 191.74626, 214.1329, 209.76791, 216.81917, 228.92589, 196.43777, 169.47025, 198.42308, 185.74828, 200.91664, 203.31918, 203.36449, 222.24484, 185.99091, 180.41554, 188.11201, 197.36842, 189.8958, 215.64755, 192.11336, 235.08273, 173.63951, 174.53612, 175.38116, 191.55022, 176.87318, 209.47165, 178.57855, 228.34491, 162.94519, 185.45886, 164.15202, 203.15109, 165.41144, 221.69734, 166.53491, 241.52434, 150.93106, 180.22714, 151.7836, 197.19719, 152.52792, 215.34561, 153.43282, 234.52039;
  203.92616, 139.52301, 201.01009, 167.53673, 198.4315, 193.97763, 195.85533, 219.70604, 187.66043, 153.14311, 185.43481, 180.526, 182.68007, 207.03482, 180.43399, 232.72646, 174.01964, 138.04649, 171.73631, 166.55136, 169.09689, 193.79631, 167.1763, 220.54285, 157.17598, 151.73065, 155.15797, 180.12875, 153.14522, 207.36649, 151.23306, 233.8992, 142.54446, 136.51974, 140.51701, 165.73364, 138.71634, 193.81345, 137.00203, 220.93733, 125.11557, 150.80896, 123.60002, 179.48579, 121.93732, 207.5231, 120.59395, 234.6983, 109.22987, 134.74078, 107.67791, 164.82013, 106.41331, 193.71701, 105.12302, 221.48721, 91.100105, 149.09065, 90.146317, 179.18188, 89.135666, 207.92043, 88.190666, 235.62106, 73.974541, 133.22807, 73.142357, 163.72789, 72.440056, 193.50691, 71.719948, 222.42253, 55.593697, 147.77544, 55.089203, 178.46886, 54.610111, 208.01105, 54.175125, 236.71484, 37.028591, 130.69719, 36.651539, 162.86284, 36.578793, 193.22334, 36.660389, 222.96323;
  237.03355, 70.666359, 236.21555, 103.7486, 235.60211, 136.62086, 234.83289, 169.21695, 220.64037, 86.107475, 220.17139, 119.60808, 219.48195, 152.83139, 218.52754, 185.70282, 204.35507, 67.346809, 203.98416, 101.95524, 203.28271, 135.93076, 202.68214, 169.65048, 186.9458, 83.348885, 186.4892, 118.43152, 186.10774, 152.73978, 185.9695, 186.89496, 169.26617, 63.993565, 168.91269, 99.912689, 168.5782, 135.05145, 168.32983, 170.06232, 150.55876, 80.63546, 150.35506, 116.94084, 150.22202, 152.65724, 149.91649, 187.95439, 131.46112, 60.491764, 131.36789, 97.762558, 131.09848, 134.33867, 131.27289, 170.57643, 111.30135, 77.46122, 111.34574, 115.42658, 111.20142, 152.53023, 111.4228, 189.36452, 90.778374, 56.5359, 90.61084, 95.430809, 90.654266, 133.43503, 91.013725, 171.06891, 69.071991, 74.410088, 69.446434, 113.61192, 69.733414, 152.20056, 70.19577, 190.40195, 46.720814, 52.413254, 47.016037, 93.016678, 47.427578, 132.54565, 48.046749, 171.66772;
  295.19342, 25.73275, 295.94672, 63.138618, 296.08054, 99.65065, 296.55209, 135.98738, 277.45343, 43.677872, 277.90784, 80.98912, 278.56064, 117.87284, 279, 154.00023, 258.50781, 23.962759, 259.39404, 61.913197, 260.06192, 99.33886, 260.70618, 135.96391, 240.43604, 42.392387, 241.27162, 80.53318, 242.14236, 117.59415, 242.77048, 154.52496, 220.68866, 22.306488, 221.7968, 60.944508, 223.0226, 98.666176, 223.70724, 136.25018, 201.66577, 40.907471, 203.07146, 79.590889, 204.24263, 117.50112, 205.39429, 154.97441, 181.21968, 20.157869, 182.92577, 59.823647, 184.05952, 98.371246, 185.45889, 136.46278, 161.90306, 39.35463, 163.464, 78.856888, 164.94925, 117.37025, 166.50941, 155.56036, 140.52846, 18.488741, 142.43985, 58.581573, 144.08386, 97.95285, 145.87436, 136.45773, 120.58741, 37.906822, 122.56029, 78.00325, 124.39666, 117.35973, 126.15807, 155.9257, 98.410324, 16.754932, 100.58131, 57.627602, 102.53542, 97.342018, 104.41307, 136.69893;
  314.36908, 25.899261, 313.5, 63.565834, 312.92676, 100.69209, 312.13177, 137.43211, 295.44022, 43.801632, 294.88028, 81.402496, 294.19196, 118.52628, 293.63956, 155.67082, 276.99078, 23.587444, 276.73837, 61.578762, 276.43665, 99.485832, 275.56299, 136.52751, 258.21243, 41.651974, 257.65213, 79.563339, 257.46432, 117.46434, 256.97906, 154.55067, 239.11371, 21.145491, 238.67833, 59.648048, 238.5193, 97.632278, 238.53294, 135.30112, 219.62167, 39.583916, 219.5378, 78.016785, 219.47827, 115.91079, 219.28737, 153.71614, 200.06306, 18.733692, 200.09973, 57.771461, 200.13275, 96.214653, 200.28966, 134.1868, 180.17493, 37.014332, 180.41234, 76.250504, 180.66338, 114.56427, 180.72769, 152.59572, 160.07196, 16.104746, 160.56636, 55.903732, 160.85974, 94.800522, 161.09637, 133.216, 140.23325, 35.063801, 140.47008, 74.232643, 141.12593, 113.25853, 141.38263, 151.70099, 119.51619, 13.97426, 120.12665, 53.717476, 120.61573, 93.088692, 120.99892, 132.07169;
  390.64609, 25.631838, 386.05896, 62.776592, 381.49011, 99.700851, 376.78928, 137.14818, 370.02347, 43.417324, 365.56638, 79.927475, 360.78687, 116.66728, 356.51819, 153.6004, 354.21146, 24.222622, 349.84171, 60.415199, 345.21939, 96.780609, 340.76987, 133.10612, 334.53806, 41.268112, 329.92535, 77.248291, 325.46146, 113.21762, 320.9494, 149.50383, 319.25314, 22.620846, 314.91489, 58.085098, 310.51782, 93.966141, 305.9039, 129.50435, 300.11084, 39.324528, 295.52487, 74.923546, 291.43198, 109.96007, 286.66321, 145.32248, 285.40759, 20.885176, 281.27216, 55.947056, 276.96304, 90.867836, 272.42142, 125.90627, 266.72925, 37.389565, 262.53101, 72.056671, 258.40244, 106.94968, 253.90352, 141.7984, 252.83427, 19.304672, 248.55771, 53.942326, 244.46922, 88.093575, 240.19232, 122.54955, 235.06609, 35.759926, 230.55771, 69.942322, 226.55771, 103.94232, 222.51425, 137.98447, 221.7213, 18.148722, 217.35368, 51.747173, 213.21248, 85.375298, 209.19249, 119.33385;
  318.45795, 14.901498, 330.93423, 52.945175, 343.33295, 90, 354.96634, 125.6934, 306.9523, 40.037506, 319.51938, 77.59761, 332.06668, 114.28663, 344.10294, 150.11458, 282.2049, 26.379311, 295.49176, 65.033783, 308.32492, 102.37935, 321.04654, 138.88097, 270.40771, 51.902897, 284.15445, 90.080643, 297.17633, 127.14233, 310.19867, 163.42699, 244.61046, 38.207424, 258.57861, 77.465057, 272.41571, 115.48587, 285.91019, 152.43051, 232.45972, 64.567207, 246.84262, 103.24146, 260.9751, 140.78371, 274.78232, 177.39764, 205.58907, 50.709591, 220.50537, 90.524529, 235.16695, 129.05424, 249.56795, 166.39566, 193.10747, 77.465569, 208.63312, 116.75039, 223.4352, 154.89507, 238.1454, 192.00336, 165.01546, 63.690784, 181.06186, 104.30409, 196.49321, 143.04398, 211.93854, 181.09013, 152.13022, 90.917686, 168.88661, 131.02301, 184.66693, 169.63843, 200.44106, 207.08505, 123.07204, 77.174232, 140.05841, 118.34508, 156.5, 157.77528, 172.74144, 195.99442;
  421.18869, 173.86118, 426.73093, 199.39276, 432.26196, 226.9572, 438.28763, 256.37799, 409.04922, 188.60887, 414.18982, 215.26147, 419.69238, 243.42509, 425.29016, 274.20172, 392.02356, 178, 396.64444, 203.94215, 401.40762, 231.17177, 406.3168, 260.60272, 379.98141, 192.85835, 383.88342, 219.38744, 388.21555, 247.81415, 392.77075, 278.26794, 363.50006, 182.28073, 367.0545, 208.03523, 370.77094, 235.53134, 374.50989, 264.66473, 350.76538, 197.15363, 353.89133, 223.61194, 357.35046, 251.86124, 360.6373, 282.11206, 335.16675, 186.61357, 337.70947, 212.10493, 340.41428, 239.47821, 343.34955, 268.79333, 321.91019, 201.11537, 324, 227.42232, 326.13974, 255.91595, 328.61621, 286.40186, 306.8541, 190.54919, 308.52783, 216.08189, 310.26538, 243.18619, 312.09518, 272.81061, 293.46603, 205.01299, 294.65826, 231.48206, 296.09302, 259.91528, 297.46078, 290.53101, 278.85071, 194.46901, 279.73883, 220.01514, 280.36694, 247.42157, 281.23795, 276.90021;
  400.2677, 195.26772, 404.53113, 225.51894, 408.66165, 256.94876, 413.45276, 289.9137, 387.16672, 212.09967, 391.03494, 242.78319, 395.01328, 274.79581, 399.33618, 308.61902, 370.06528, 199.05321, 373.67532, 229.01109, 377.35742, 260.4617, 381.2674, 293.15738, 356.76981, 215.67184, 359.9621, 246.43396, 363.67493, 278.25943, 367.09195, 312.03571, 340.11581, 202.34264, 342.95966, 232.45401, 346.10468, 263.76816, 349.37537, 296.52313, 326.41605, 219.01465, 329.17099, 249.84406, 331.92514, 281.54938, 335.03662, 314.90457, 309.98123, 205.8777, 312.59131, 236.05832, 315.17932, 267.23569, 317.60315, 299.84595, 296.26093, 222.51259, 298.45721, 253.14615, 300.53748, 285.19391, 303.21167, 318.18164, 280.82581, 209.27559, 282.33325, 239.44376, 284.04358, 270.37805, 286.0394, 303.13339, 266.66718, 225.94682, 268.07224, 256.60687, 269.65738, 288.45557, 271.5943, 321.71005, 251.27386, 212.58672, 252.4637, 242.72255, 253.68092, 273.78229, 255.08421, 306.34378;
  247.36343, 199.53479, 247.9747, 228.5, 248.5591, 258.1507, 249.23875, 288.64697, 232.80359, 214.36194, 233.14622, 243.9214, 233.89166, 274.21176, 234.18903, 305.07056, 217.52496, 200.29962, 217.80428, 229.68758, 218.25891, 259.86887, 218.45444, 290.58902, 202.40848, 215.4223, 202.54086, 245.27359, 202.58777, 276.13809, 202.87491, 307.5657, 187.05211, 200.93127, 186.86906, 230.87558, 186.84135, 261.42422, 187.16095, 292.43222, 171.48094, 216.17531, 171.11702, 246.78081, 170.96466, 277.92627, 170.83153, 309.82785, 155.78622, 201.97473, 155.39561, 231.87509, 154.82121, 263.01401, 154.64467, 294.76529, 139.40273, 217.22667, 138.67078, 248.17789, 138.39255, 279.69449, 137.80504, 312.28323, 123.46152, 202.38593, 122.5831, 233.22241, 121.69716, 264.55276, 121.30455, 297.11929, 106.67302, 218.32864, 105.59268, 249.71938, 104.89227, 281.67502, 103.98659, 314.77957, 90.526253, 203.39418, 89.569519, 234.64645, 88.059502, 266.5451, 86.985718, 299.47055;
  224.03702, 188.90977, 226.20372, 218.13145, 228.96329, 247.09883, 231.1311, 276.06769, 210.1248, 205.44893, 212.6459, 234.94318, 214.98497, 264.06656, 217.65102, 292.66324, 193.37997, 192.34875, 195.9248, 222.09145, 198.58458, 251.74963, 201.20471, 280.68036, 178.83711, 209.17027, 181.8006, 239.1994, 184.48137, 268.56021, 187.21074, 298.00772, 161.64006, 195.68094, 164.51846, 226.04538, 167.30106, 255.97337, 170.38329, 285.85797, 146.65067, 213.00337, 149.74507, 243.1937, 152.61902, 273.30725, 155.5, 303.5, 128.57141, 199.35826, 131.80226, 230.33134, 134.70885, 260.55936, 137.93291, 291.15723, 113.2243, 216.83003, 116.38412, 247.77019, 119.65655, 278.53156, 122.65382, 309.06451, 94.196152, 203.17348, 97.847496, 234.59787, 100.92014, 265.72903, 104.30249, 296.39194, 78.412827, 220.81856, 81.938095, 252.48001, 85.155121, 283.80536, 88.93779, 314.42966, 58.573818, 206.70625, 62.389198, 239.0054, 66.045975, 270.84692, 69.787079, 302.19168;
  178.54494, 213.29736, 179.12012, 239.74275, 179.99312, 265.10547, 180.4231, 289.62146, 163.86656, 229.4227, 165.02391, 255.60532, 165.63345, 281.00772, 166.52847, 305.30023, 147.86095, 218.55188, 149.30157, 245.70915, 150.20857, 271.9277, 151.47449, 297.21686, 132.54626, 235.4106, 134.14572, 262.59335, 135.67825, 288.38208, 137.16618, 313.44879, 115.17139, 224.26195, 117.33427, 252.40471, 118.87226, 279.29953, 121, 305, 99.152367, 241.83685, 101.55914, 269.46786, 104.00131, 296.05276, 106.08936, 321.57101, 79.993629, 230.39703, 82.95549, 259.36301, 85.90255, 286.97443, 88.070595, 313.19135, 63.232693, 248.66985, 66.651344, 277.1543, 69.809219, 304.25507, 72.812347, 330.27338, 42.64045, 237.04796, 46.637516, 266.78198, 50.144531, 295.0806, 54.105316, 321.83533, 25.26339, 255.65558, 29.754082, 285.1521, 33.870964, 312.99152, 38.028008, 339.53137, 2.9742386, 243.69949, 8.0981121, 274.4931, 12.940414, 303.51276, 17.546532, 331.22787;
  268.33981, 177.31448, 269.65875, 196.76196, 270.71109, 216.48805, 272.23074, 236.35486, 259.40643, 187.73029, 260.70108, 207.29892, 262.22095, 227.24536, 263.28314, 247.38774, 248.98647, 178.37598, 250.36908, 198.26204, 251.6272, 218.13577, 252.88141, 238.10916, 239.73032, 188.7498, 241.03229, 209, 242.47566, 229.04868, 243.60538, 249.35507, 229.26819, 179.56654, 230.6221, 199.52676, 231.66867, 219.77765, 233, 240, 219.85083, 190.15399, 220.99898, 210.29852, 222.06332, 230.95233, 223.27599, 251.38495, 208.89828, 180.29132, 210.01199, 201.01199, 211.08284, 221.4021, 212.32321, 242.10811, 199.02756, 191.33786, 200.02858, 211.91618, 201.32269, 232.98103, 202.603, 253.87337, 187.63252, 181.1694, 189, 202.28506, 190.15855, 223.15855, 191.04063, 244.24173, 177.44389, 192.43047, 178.92014, 213.5515, 179.93619, 234.82787, 180.93695, 256.10651, 165.80469, 182.4946, 167.04999, 203.70959, 168.25668, 225.1011, 169.45273, 246.25751;
  525.43005, 92.952911, 520.21179, 112.92914, 515.20361, 133.5, 510.03839, 153.99174, 511.90027, 100.84938, 506.70419, 121.0055, 501.61792, 141.33307, 496.52609, 162.00403, 503.57486, 88.956306, 498.42679, 109.08642, 493.32178, 129.01028, 488.33344, 149.31415, 490.42212, 96.995071, 485.15579, 117.04102, 480.29782, 137.01195, 474.90433, 157.28737, 482.38724, 85.112198, 477.25766, 104.94086, 472.10065, 124.87221, 467.05576, 144.99484, 469.2113, 93.108749, 464.17609, 112.9733, 459.13736, 132.81349, 454.05624, 152.7682, 461.40601, 81.268913, 456.45135, 100.97435, 451.14105, 120.82265, 446.5, 140.29675, 448.80087, 89.220299, 443.73862, 108.90279, 438.71524, 128.5, 433.56232, 148.5, 441.16599, 77.833733, 435.97726, 97.160568, 431.0871, 116.70518, 426.02087, 136.15576, 428.67081, 85.741104, 423.64999, 104.9339, 418.71133, 124.22778, 413.80396, 144.12192, 421.33328, 74.147156, 416.2626, 93.390259, 411.34692, 112.85201, 406.20898, 132.11812;
  507.61884, 77.159859, 501.84366, 98.431122, 496.14853, 119.38572, 490.11771, 140.07503, 493.86914, 85.567673, 488.11011, 106.32269, 482.46628, 127.07038, 476.74619, 148.09517, 486.13678, 72.323334, 480.54141, 93.458588, 474.59784, 114.40449, 469.01685, 135.30479, 472.69687, 80.843018, 467.11423, 101.59478, 461.23825, 122.45388, 455.55511, 143.06395, 464.92007, 67.90229, 459.4823, 88.852921, 453.66324, 109.67178, 447.86914, 130.56767, 451.47269, 75.950768, 446.05457, 96.929573, 440.28281, 117.56697, 434.58328, 138.07558, 443.77527, 63.128639, 438.34747, 84.056313, 432.57251, 104.93805, 427.18448, 125.50273, 430.49057, 71.194611, 425, 92, 419.42599, 112.73264, 414.11612, 133.35304, 422.98926, 58.446396, 417.36841, 79.388329, 411.98032, 100.12207, 406.63104, 120.39246, 409.90466, 66.743866, 404.65015, 87.349854, 399.05914, 107.74234, 393.8562, 128.32397, 402.22189, 54.039726, 396.95874, 74.79689, 391.595, 95.252808, 386.1694, 115.63253;
  430.23434, 69.056274, 434.43433, 89.927444, 438.43649, 110.72925, 442.56665, 131.81142, 423.20938, 79.78772, 427.43582, 100.57405, 431.42252, 121.68268, 435.88541, 143.2603, 412.11731, 69.445381, 416.06851, 90.602623, 420.10196, 111.81923, 424.36041, 133.151, 404.47183, 80.320335, 408.63342, 101.73238, 412.82825, 123.00557, 417.05542, 145.06105, 393.02863, 69.815514, 396.97464, 91.395546, 400.88599, 112.86135, 405.1561, 134.82686, 385.25305, 81.017906, 389.21387, 102.6804, 393.46445, 124.58063, 397.84302, 146.72778, 373.3681, 70.21904, 377.1319, 92.229393, 381.24936, 114.19971, 385.41251, 136.68716, 365.40921, 81.567162, 369.32269, 103.73201, 373.11423, 126.02907, 377.40521, 149.11423, 353.20663, 70.774551, 356.92096, 93.063095, 360.9455, 115.46175, 364.89404, 138.50494, 344.52747, 82.265266, 348.45166, 104.59805, 352.31357, 127.66408, 356.23807, 150.86497, 332.00839, 71.146179, 335.74371, 93.889091, 339.58377, 116.81931, 343.51987, 140.39897;
  358.98343, 81.291565, 367.05579, 96.978653, 375.7211, 113.48119, 383.99448, 130.62189, 352.94562, 91.832649, 360.87054, 107.80289, 369.22696, 124.94361, 377.66492, 142.66995, 338.77469, 86.713898, 346.31793, 102.5, 354.26877, 119.06802, 362.60886, 136.5733, 332.04797, 97.167999, 339.85373, 113.4265, 347.5, 130.58321, 355.72253, 148.91138, 317.96417, 92.008583, 325.1734, 108.07519, 332.81689, 125.02393, 340.58694, 142.72392, 311.23285, 102.59731, 318.27774, 119.3075, 325.62097, 136.73117, 333.5, 155, 297.08353, 97.173149, 304.02359, 113.76319, 310.9241, 130.73618, 318.44745, 148.97623, 290.02869, 108.16212, 296.39032, 125.27637, 303.42676, 143.05353, 310.62732, 161.64854, 275.78391, 102.53465, 282.19727, 119.36974, 288.62692, 136.86511, 295.50891, 155.14972, 268.12747, 113.69472, 274.2554, 131.08794, 280.52643, 149.02527, 287.39734, 168.19556, 254.13028, 108.20358, 260.05188, 125.34371, 265.88373, 143.14421, 272.5249, 161.97992;
  276.58871, 104.16652, 269.28088, 127.09914, 261.63031, 150.25441, 254.48987, 173.05301, 261.24835, 111.92487, 254, 135, 246.56454, 157.94862, 239.5, 181, 253.55954, 96.936974, 246.1781, 119.85478, 239, 143.00363, 231.55162, 165.95203, 238.05338, 104.48537, 231, 127.5, 223.81737, 150.55438, 216.43546, 174.05138, 230.28635, 89, 223.05138, 112.43546, 215.73555, 135.50278, 208.69141, 158.74844, 215.14719, 97.081924, 207.73688, 120.3533, 200.57626, 143.28188, 193.47171, 166.6248, 207, 81.297134, 199.77066, 104.8787, 192.64381, 127.95466, 185.5, 151.09891, 191.5827, 89.358139, 184.52383, 112.96799, 177.5, 135.90109, 170.29462, 158.9509, 183.60756, 73.896782, 176.21922, 97.363075, 169.09662, 120.57362, 162.42387, 143.88544, 168.19975, 81.828453, 161.26529, 105.30878, 154.30589, 128.49289, 147.17389, 151.83186, 160.14949, 66.164101, 152.87589, 89.734825, 146.04776, 113.28429, 139, 136.5;
  263.5, 107, 256.15442, 130.20422, 248.84946, 152.88542, 241.84337, 175.18375, 248.2123, 114.75848, 240.81886, 137.85887, 233.70529, 160.57887, 226.66988, 182.63412, 239.90666, 99.288437, 232.7413, 122.52271, 226.14494, 145.17242, 218.60912, 168.12175, 224.64381, 107.04534, 217.29082, 130.24103, 210.10225, 153.1698, 203.54527, 175.82924, 216.05768, 91.309982, 209.05489, 114.94865, 202.01228, 138.15277, 195.05606, 161.09433, 200.51627, 99.089615, 193.55637, 122.74618, 186.78532, 145.76308, 179.75897, 168.70918, 191.87341, 83.070778, 184.84456, 107.13728, 178.01633, 130.49991, 171.14987, 153.49973, 176.03571, 91.293762, 169.1931, 115.06665, 162.46422, 138.40089, 156.08942, 161.42534, 167.03452, 75.212509, 160.43192, 99.240891, 153.85521, 123.07457, 147.22934, 146.12129, 151.63278, 83.201149, 144.79225, 107.17427, 138.25127, 130.74873, 131.88086, 154.06386, 142.55528, 66.970169, 135.60968, 91.226105, 129.09447, 115.0489, 122.79348, 138.56375;
  193.08206, 138.69594, 201.62526, 160.05887, 209.65762, 182.00998, 218.2899, 204.39188, 186.22713, 151.49437, 194.7751, 173.41219, 203.24356, 196.18335, 211.81332, 218.89369, 170.93036, 142.54971, 179.24957, 164.71159, 187.75157, 187.63678, 196.35709, 210.25369, 163.40134, 156.02425, 171.83192, 178.83192, 180.69006, 201.86478, 189.30476, 225.59479, 146.99323, 146.75191, 155.75005, 169.88371, 164.16016, 193.13615, 173.09785, 216.91988, 139.14738, 160.65161, 147.70148, 184.1499, 156.28233, 208.09018, 165.16071, 232.64288, 122.0111, 150.97185, 130.67679, 175.0468, 139.01991, 199.23438, 147.84196, 224.02525, 112.84604, 165.677, 121.54152, 189.97185, 130.27777, 215.10829, 139.23233, 240.43172, 95.079987, 155.85103, 103.71513, 180.85945, 112.24015, 206.0947, 121.17017, 231.49263, 85.158882, 171.09497, 93.937943, 196.6297, 102.67072, 222.39651, 111.50878, 248.91724, 66.204056, 161.02655, 74.655624, 186.62675, 83.53653, 212.89058, 92.114647, 239.57837;
  194.80183, 141.21924, 203.34145, 162.6985, 211.66411, 184.37993, 220.61151, 206.55907, 188.05252, 154.10005, 196.65796, 175.91977, 205.39966, 198.39966, 214.16808, 221.16808, 172.53401, 145.59608, 181.02182, 167.50458, 189.60229, 189.71358, 198.37184, 212.67717, 164.83597, 158.69118, 173.68626, 181.50557, 182.28235, 204.21577, 191.29713, 228, 148.79791, 149.62907, 157.2298, 172.50084, 165.95576, 195.88599, 174.90582, 219.65726, 140.61993, 163.61913, 149.18066, 186.97305, 158.20224, 210.91563, 167.05504, 235.15445, 123.78436, 154.25145, 132.05574, 177.95355, 140.73119, 202.10001, 149.49863, 226.49771, 114.40343, 168.94644, 123.22995, 192.99692, 131.82353, 217.85611, 141.03651, 243.17799, 96.401596, 159.1563, 105.24486, 184.01251, 113.75528, 208.7296, 122.6153, 234.3864, 86.566254, 174.25763, 95.217842, 199.34102, 104.15675, 225.16553, 113.21208, 251.60228, 67.881897, 164.77635, 76.192039, 190.01482, 84.945007, 215.96809, 93.979187, 242.69984;
  256.74847, 158.91936, 262.52802, 178.87364, 268.31155, 199.70033, 274.3894, 221.61552, 248.07492, 171.29527, 253.73141, 191.72946, 259.43152, 213.60069, 265.40482, 236.32756, 233.62326, 163.69675, 238.795, 183.9752, 244.26469, 205.44615, 249.98978, 227.51817, 224.4716, 176.11632, 229.6993, 197.03854, 235.00363, 219, 240.35429, 242.00998, 210.12933, 168.22166, 215, 189, 220.086, 210.70216, 225.07254, 233.27599, 200.43835, 180.92299, 204.98409, 202.46228, 209.97423, 224.55737, 215.1098, 248.05991, 185.8517, 172.85376, 190.26384, 194.29425, 194.84337, 216.18375, 199.44147, 239.16986, 175.59641, 185.91934, 180.10245, 207.79718, 184.14014, 230.66766, 188.54024, 254.24968, 161.13997, 177.74498, 164.87411, 199.36131, 169.04048, 221.70052, 173.09821, 245.14063, 150.32486, 191.18279, 153.93674, 213.39101, 157.8056, 236.53381, 161.65796, 260.82486, 135.93881, 182.9868, 139.13866, 204.94264, 142.88475, 227.60367, 146.31491, 251.66849;
  298.17343, 201.36406, 295.28198, 223.76723, 292.26575, 247.55414, 289.04175, 272.44269, 284.49515, 211.43456, 281.36066, 234.59648, 277.97705, 258.68588, 274.64813, 283.64465, 274.35297, 199.27267, 271.13287, 221.60513, 267.49875, 244.94106, 263.83591, 269.65906, 260.52856, 209.02084, 257.07596, 231.93124, 253.21104, 255.912, 249.12645, 281.25613, 250.54956, 196.59535, 246.91437, 219.08859, 242.91885, 242.56255, 238.5, 266.9946, 236.92354, 206.5845, 232.65724, 229.3918, 228.14438, 253.19615, 223.39374, 278.21631, 226.97713, 194.1732, 222.61198, 216.45509, 218.01073, 239.90274, 213.19702, 264.17831, 212.87146, 204.11839, 208.00681, 226.80707, 202.98856, 250.68382, 197.87302, 275.56445, 202.90228, 191.75401, 198.18227, 214.07576, 193.29417, 237.49786, 187.72612, 261.4642, 188.7923, 201.39459, 183.52177, 224.41582, 177.98605, 248.01979, 172.16336, 273.11359, 179.15361, 189.35524, 173.99867, 211.56122, 168.13298, 234.8177, 162.29459, 258.96048;
  396.09891, 236.5, 384.05136, 257.56454, 371.70612, 278.81137, 359.29715, 300, 379.65002, 240.659, 367.31277, 261.77164, 355, 282.5, 342.65686, 304.00476, 375.10223, 224.1698, 362.99637, 245, 350.71756, 265.66455, 338.64203, 286.75769, 358.88324, 228.19795, 346.71768, 248.98206, 334.4729, 269.71912, 322.10608, 290.87344, 354.84338, 211.81625, 342.58374, 232.4772, 330.47858, 253, 318.18399, 273.87231, 338.48019, 215.92509, 326.3194, 236.53615, 314.33664, 256.90311, 301.65875, 277.76013, 334.39441, 199.73759, 322.40872, 220.28937, 310.50885, 240.52362, 297.86063, 261.02756, 318.51486, 203.79054, 306.52582, 224.22214, 294.63983, 244.42387, 281.65875, 265.23987, 314.6734, 187.86446, 302.67743, 208.02338, 290.5199, 228.29768, 278.29257, 248.51657, 299, 192, 286.75436, 211.79854, 274.75467, 232.16162, 262.4884, 252.61583, 295.41345, 176.23444, 283.18314, 196.39244, 271.27158, 215.98859, 259, 236.10054;
  409.16733, 232.34819, 398.03287, 253.41263, 386.48318, 274.48486, 375.17032, 295.82968, 392.95602, 237.34, 381.84363, 258.52029, 370.47943, 279.55988, 359.19623, 300.74158, 388.34512, 221.32581, 377.04553, 242.1436, 365.66214, 263.39877, 354.45297, 284.60074, 372.15442, 226.20422, 360.68246, 247.22108, 349.63757, 268.27435, 338.19485, 289.86487, 367.48184, 209.98978, 356.1698, 230.89775, 344.6853, 252.13808, 333.51886, 273.4942, 351.30878, 214.73471, 339.72281, 235.90981, 328.43546, 257.05136, 317.07236, 278.75323, 346.5, 198.5, 335.16809, 219.83192, 323.66275, 240.78537, 312.22101, 262.23877, 330.31747, 203.50847, 318.8338, 224.78383, 307.5, 246, 295.79578, 267.15442, 325.49313, 187.09514, 314, 208.5, 302.5029, 229.50291, 291.06992, 250.87135, 309.29263, 191.95099, 297.68185, 213.20662, 286.17496, 234.70998, 274.46521, 255.97624, 304.43451, 175.89507, 292.6752, 197.02242, 281.16809, 218.16808, 269.82263, 239.68829;
  423.08292, 219.42491, 416.14395, 242.08517, 409.36444, 264.41171, 402.65067, 286.85306, 409.36575, 227.64737, 402.54358, 250.50255, 395.88235, 272.84912, 388.82605, 295.66248, 402.32358, 213.44206, 395.37393, 236.26671, 388.59964, 258.84058, 381.65836, 281.83978, 388.42258, 221.66316, 381.52466, 244.50883, 374.70575, 267.73618, 367.65524, 290.80396, 381.45303, 207.00844, 374.50443, 229.95753, 367.60165, 253.42223, 360.52362, 276.49115, 367.16946, 215.38878, 360.03632, 238.8196, 353.32031, 262.10583, 346.1698, 285.89777, 359.79071, 200.61098, 352.81888, 224.14113, 345.58292, 247.42538, 338.60138, 271.09708, 345.466, 209.06564, 338.08826, 232.7323, 330.87167, 256.37009, 323.78424, 280.28235, 337.72089, 193.89571, 330.41724, 217.83302, 323.2374, 241.50334, 315.94632, 265.39017, 322.85736, 202.35915, 315.29233, 226.44875, 308.07611, 250.55145, 300.81638, 274.87369, 314.8782, 187.10426, 307.55338, 210.96887, 300.16034, 235.26489, 292.871, 259.57437;
  446.47003, 212.06926, 451.48578, 234.15233, 456.16507, 256.741, 461.11575, 278.86639, 440.94003, 225.08075, 445.73874, 247.55028, 450.5, 270.35388, 455.51944, 293.39142, 430.19998, 215.74072, 435.29605, 238.55052, 440.1535, 261.68655, 444.96863, 284.93085, 424.47852, 229.50037, 429.58664, 252.61194, 434.46558, 275.70346, 439.62073, 299.47797, 413.59705, 220.10417, 418.5, 243.5, 423.4881, 266.74442, 428.65863, 290.79733, 407.44336, 233.98819, 412.36502, 257.96704, 417.47003, 281.68668, 422.64737, 306.03333, 396, 224.5, 400.78198, 248.46986, 406.0463, 272.76233, 411.16473, 297.08575, 389.29675, 239.01794, 394.39005, 263.42773, 399.57996, 287.92508, 404.8382, 313.0274, 377.43356, 229.1924, 382.44492, 254.03334, 387.8342, 278.80624, 392.83441, 303.94516, 370.1933, 243.96542, 375.48016, 269.11221, 380.87155, 294.67374, 385.95132, 320.29861, 357.65979, 233.93602, 362.7403, 259.56168, 367.99625, 285.01962, 373.44589, 311.19809;
  549.12842, 233.04095, 539.70142, 254.8308, 530.20673, 276.25504, 521.06226, 297.51752, 532.47858, 239, 523.07458, 260.36716, 513.82068, 281.65491, 504.83978, 302.90268, 525.48804, 223.49902, 516.10321, 244.95236, 507.08563, 266.08859, 498.02264, 286.97495, 509.43213, 229.47488, 500.48679, 250.5688, 491.4227, 271.48218, 482.47232, 292.44312, 502.57901, 214.53749, 493.53232, 235.58505, 484.92288, 256.34222, 475.84167, 276.81982, 486.88614, 220.5462, 478.24948, 241.26161, 469.5, 261.5, 460.754, 282.09772, 480.49756, 205.42999, 471.57907, 226.20755, 463.17676, 246.69818, 454.75397, 266.79004, 465.52362, 211.49113, 456.7923, 231.82834, 448.42294, 252.08598, 439.94702, 272.30322, 459.25879, 196.98441, 450.79581, 217.21318, 442.28549, 237.42683, 433.94235, 257.49948, 444.41769, 203, 436.38004, 223.04916, 428.01382, 242.57634, 420.0155, 262.60233, 438.5271, 188.68831, 430.63647, 208.76076, 422.22192, 228.576, 414.14499, 248.18973;
  267, 119, 283.75214, 136.7421, 300.65363, 154.68408, 317.5, 172.9946, 266.2793, 135.93622, 283, 153.9034, 299.89532, 172.12613, 316.89746, 190.84012, 248.29713, 135, 265.25467, 153, 281.89874, 171.24892, 298.90811, 189.97044, 247.4514, 152.23288, 264, 170.28635, 280.85617, 188.91626, 298.01749, 207.82211, 229.59334, 151.03012, 246.10493, 169.56549, 262.88007, 188.24409, 279.88589, 206.71535, 228.06876, 168.68169, 244.8889, 187.11362, 261.82169, 205.80298, 278.70972, 224.92972, 209.9838, 167.79903, 226.69917, 186.07814, 243.48499, 204.97734, 260.31686, 224.10229, 208.46317, 185.32645, 225.15332, 204.15332, 242.0784, 223.03464, 259.1944, 242.43207, 189.99434, 184.56715, 206.86253, 203.19801, 223.84544, 222.14005, 240.5638, 241.65552, 188.49767, 202.39748, 205.23276, 221.23744, 221.92853, 240.41876, 239.10408, 260.32108, 170.16034, 201.38332, 186.90048, 220.44554, 203.6512, 239.60783, 220.46945, 259.43585;
  305.19849, 159.73973, 294.9465, 184.08798, 284.66946, 208.25685, 274.17322, 232.53233, 288.12195, 166.77995, 278.01913, 191.14311, 267.50156, 215.5, 256.87296, 239.94902, 281.18314, 149.61789, 271.0209, 174.11998, 260.5, 198.5, 250.12085, 222.98537, 264.03482, 156.83858, 253.61234, 180.95639, 243.01619, 205.71248, 232.43063, 230.63419, 256.77277, 139.19693, 246.66513, 163.64742, 236.15845, 188.54349, 225.23131, 213.37016, 239.29895, 146.39497, 228.94731, 170.91878, 217.92731, 195.91782, 207.16716, 220.55853, 232, 128.59863, 221.52438, 153.47562, 210.78951, 178.17279, 199.98013, 203.43092, 213.93251, 135.57637, 203.23404, 160.55453, 192.46948, 185.68521, 181.07649, 210.68645, 206.30168, 117.30913, 195.6774, 142.67973, 184.6277, 167.73718, 173.56885, 192.92418, 188.06622, 124.45106, 177.07933, 149.70364, 166.11528, 175.31264, 154.7782, 200.58784, 180.02951, 106.30577, 169.03433, 131.79955, 158.12582, 157.21025, 146.81038, 182.63687]
