image_Width 640
image_Height 360
board_Width 4
board_Height 11
square_Size 24.8
FixAspectRatio 1
flagValue 14
Camera_Matrix[494.3468830726493, 0, 328.1822001082265;
  0, 495.7986629809123, 170.4839954231361;
  0, 0, 1]
Distortion_Coefficients[0.02566622849799188;
  -0.06652784435798766;
  0;
  0;
  0.03364151038206978]
Avg_Reprojection_Error 0.177035
Per_View_Reprojection_Errors[0.13876112;
  0.14832404;
  0.15393397;
  0.13495053;
  0.25787333;
  0.13949387;
  0.11314454;
  0.18618037;
  0.12149773;
  0.13330469;
  0.11839408;
  0.12795216;
  0.16252789;
  0.14516087;
  0.12472069;
  0.12742995;
  0.1702275;
  0.11989518;
  0.13675041;
  0.14507197;
  0.18184453;
  0.26597279;
  0.11696091;
  0.15073322;
  0.17716844;
  0.2880924;
  0.30186754;
  0.21574286;
  0.16340286;
  0.12742002;
  0.10412382;
  0.11766332;
  0.12512977;
  0.16117208;
  0.14039092;
  0.12606078;
  0.29644716;
  0.26150686;
  0.25219247;
  0.19491309;
  0.15695742;
  0.12010431;
  0.28812274;
  0.14535733;
  0.12711158;
  0.11442316;
  0.091945596;
  0.15428825;
  0.18672647;
  0.3010411]
Extrinsic_Parameters[0.009239011084106602, 0.03465054622013054, 1.62522143176007, 138.7164949935154, -69.23956676024623, 557.5186409523548;
  0.008426543236035819, 0.04342817734696863, 1.623093532233885, 134.5113538099698, -75.27732076929841, 570.4195688112148;
  -0.008943514066700693, 0.0660834955490734, 1.589003483216418, 119.4966668080104, -101.1695621332304, 633.8466829397348;
  -0.003540397588271622, 0.07818765736459649, 1.580330065127398, 87.41718486879954, -102.0378856575174, 701.4035090750856;
  -0.1385147440485763, 0.0166899947262325, 1.514032366337072, 49.51980849352067, -106.3692475511573, 759.5574211119598;
  -0.3682936132142868, 0.00885274720317261, 1.319980810325081, -41.29407135382772, -100.5737406120202, 798.2339749907687;
  -0.3137269949100044, -0.0766222878871364, 1.260676515714996, -135.5275195594509, -96.90635340237984, 794.943906970738;
  0.009441763714912432, -0.1731114284398485, 1.397408678488924, -132.9537953135909, -122.1233299427871, 747.095092426143;
  0.4083027572374389, -0.07628645018152226, 1.578381427291336, -51.18086118319135, -121.1960505713261, 688.1245197709774;
  0.3572560523666125, 0.3505497135613532, 1.830141692557827, 53.05795108465446, -90.98954844008324, 699.9005880361156;
  -0.009766409060143064, 0.7195004644592482, 1.914474455885574, 140.959686124572, -24.06335104429154, 789.2360021287282;
  0.3988814510562903, 0.1423924145706957, 1.950525624414247, 190.2902538819668, -1.939394938308443, 742.6840991054523;
  0.2926730751099416, -0.2350466827119693, 1.856615858795527, 247.4988972269986, 48.33868268367318, 727.1347813838942;
  -0.0672886637477631, -0.2199933351969465, 1.646167193055607, 261.0284556133692, 40.76226418411631, 782.592099476614;
  -0.3787057077822116, 0.2177004494569526, 1.502824543506666, 309.746825812498, 10.70240247970641, 875.2979997954689;
  -0.1714332820717972, 0.6056794139173147, 1.636091502561957, 378.8990298622919, 24.42325603082647, 858.3764165948154;
  0.1735373536773502, 0.4793063494596204, 1.893027170242986, 414.4982824209716, 51.96951379411546, 820.591039062092;
  0.1582149363199791, 0.1231920796660035, 1.843464690028151, 414.654485861249, 51.08471359758996, 919.1833902299086;
  -0.08292258383232141, 0.2748609179287136, 1.67875344979123, 395.4524614349185, -10.17139639184255, 1070.142760262468;
  0.390135012052611, -0.2445108172648226, 1.652282208794099, 299.4353278305805, -88.31430107837153, 872.7181345970831;
  0.2069510648257799, -0.5082137959994315, 1.556569068134333, 174.1532376153404, -97.0568564516536, 732.0854256693824;
  -0.09971296857146883, -0.3739205715794848, 1.382031730218263, 56.69027928283393, -122.4279920666924, 717.0219782838061;
  -0.2508867243493654, 0.09490696915549664, 1.328356022340276, -18.7038362523367, -138.5554546879733, 728.6553499874042;
  0.1027865458278255, 0.02388167895669083, 1.562639796005091, -63.46385067146168, -128.6470922037818, 633.1015309462943;
  0.1322540907646616, -0.4617111236034757, 1.555075210072112, -83.6727432969966, -73.26002826219394, 596.5602848530922;
  -0.3472149366858822, -0.2262853185845635, 1.311417492147144, -80.15971104520652, -63.84820351688454, 698.5347965617733;
  -0.2472789580238857, 0.1670005848569823, 1.468362763129531, -5.863348012098988, -27.06008021124955, 703.6635940073662;
  0.02151439436565173, 0.162433362763992, 1.801315128590334, 86.72434411197111, -1.82841737208557, 674.7224301860911;
  -0.009441145479055595, -0.3598798497732362, 1.714405166750797, 120.2211651786099, 9.646418552088472, 668.082219099018;
  -0.3547255127329493, -0.1977054515883366, 1.282124734642907, 4.331474891437003, -76.70107004385555, 792.7688354286599;
  -0.2614994783547557, 0.08872659744139641, 1.329361752759858, -53.89688770627359, -82.43092084861054, 938.0588217011605;
  -0.3057544424142764, 0.08960488885785851, 1.660117105069074, -94.05892273213502, -80.29371792301015, 1057.356909376857;
  -0.363114654348792, -0.005550283427759102, 2.16358676694838, -39.56415615441675, -25.01111712472821, 1041.976170057342;
  -0.3512343126275686, -0.09654735613112717, 2.713229509881938, -22.47355474091098, 76.49164129693155, 1032.144806722505;
  0.3059626646103112, 0.09496120021780059, -3.01922121404234, -40.3940466020733, 126.6968424601132, 1019.492334839979;
  0.2741850171728277, 0.1870323884973454, -2.654514582073887, -68.45999941284006, 165.5370279121569, 1015.33263512242;
  0.3735302918708438, 0.06803047227917439, -2.891210680215034, -2.182310642783612, 158.0011123288254, 996.0991602308769;
  -0.303939262479794, 0.004378119513864174, 2.683848169765216, 55.50452020077044, 38.28909492854896, 976.0597557886892;
  -0.2860974869534499, -0.00422645227407725, 1.938495122415096, 32.86441157021298, -19.14878712262453, 968.7199790019907;
  -0.2213624570929607, 0.08627550082283883, 1.279172232447031, -48.4206452908253, -117.5066785376968, 959.1648852418581;
  -0.08702015438011466, 0.06675285837850413, 0.6556808159056151, -134.0412321572869, -95.37689136028813, 947.4085755234872;
  -0.0603224846250915, 0.04332509481309443, 0.3448216707561626, -202.1307601591606, -94.28499021208249, 952.4177873827202;
  -0.07456385384210283, 0.02923862123257246, 0.2964987716172111, -232.742659831791, -91.16972931365322, 961.7635777502113;
  -0.3280600690038737, 0.3115343899586753, 0.9773498515619182, -154.5683985504587, -109.1123489037526, 1029.792641235593;
  -0.6385755978306248, 0.5075294055572026, 1.293538631672036, -165.7739413553429, -25.00082459395806, 1114.333045352582;
  -0.615707327879488, 0.05628716326161775, 1.482618454299477, -242.5016467278328, -23.16135191754137, 997.2858117914634;
  -0.191572710727938, -0.5444130947327812, 1.618953331464094, -221.5374009311685, -53.43369478917408, 866.5976379637625;
  0.02403540640505085, -0.7773122495567012, 1.656164507080261, -160.7307866724372, -76.27884403629373, 719.3525920248346;
  -0.337913293730041, -0.4963390860126246, 1.54259040058933, -136.6951442335354, -149.7225640233206, 742.5540280665801;
  -0.1568139077670447, -0.3493793003789524, 1.508835528185418, -71.00905084629034, -202.3674940884426, 687.4194525898025]
Image_points[451.30621, 108.70757, 449.18805, 152.89035, 446.91144, 197.04045, 444.52133, 241.32533, 428.04633, 129.7099, 425.77347, 173.78606, 423.45575, 217.88513, 421.14151, 262.39621, 407.1778, 106.67624, 404.76544, 150.59755, 402.54434, 194.48422, 400.11996, 238.78011, 383.97437, 127.45264, 381.63837, 171.35745, 379.28812, 215.298, 377.00983, 259.84998, 363.26068, 104.4374, 360.88205, 148.3427, 358.52963, 192.13988, 356.1763, 236.24219, 340.12527, 125.32618, 337.7901, 168.99716, 335.44305, 212.84555, 333.01129, 257.29172, 319.49216, 102.06828, 317.19882, 145.98561, 314.73157, 189.64609, 312.33127, 233.65265, 296.49139, 122.89896, 294.11661, 166.61076, 291.69156, 210.328, 289.21371, 254.59331, 275.87912, 99.872589, 273.68091, 143.61578, 271.19662, 187.16936, 268.65854, 231.09785, 253.18326, 120.65697, 250.909, 164.24646, 248.18192, 207.81566, 245.60902, 252.07594, 232.61604, 97.519913, 230.44513, 141.29642, 228.08067, 184.75365, 225.3071, 228.62926;
  445.01581, 104.89024, 443.02332, 148.00993, 440.88614, 191.10516, 438.59219, 234.38487, 422.27756, 125.52444, 420.15533, 168.45435, 417.87988, 211.50041, 415.6608, 255.12247, 401.75021, 102.9761, 399.51328, 145.92259, 397.38077, 188.82726, 395.26721, 231.9669, 379.27246, 123.40348, 376.99997, 166.17992, 374.71762, 209.23233, 372.58435, 252.62207, 358.8718, 100.85561, 356.6008, 143.76349, 354.49182, 186.5144, 352.09161, 229.7363, 336.29517, 121.39672, 334.14236, 164.07248, 331.74393, 206.9017, 329.48483, 250.25099, 316.24329, 98.922867, 313.87573, 141.63225, 311.52979, 184.19081, 309.14569, 227.28752, 293.69833, 119.2426, 291.41107, 161.96512, 289.15533, 204.5538, 286.52167, 247.84058, 273.7261, 96.839378, 271.40372, 139.56055, 269.05743, 181.9585, 266.53888, 224.81346, 251.44148, 117.1629, 249.14801, 159.68475, 246.66647, 202.20906, 244.07486, 245.29427, 231.35754, 94.717278, 229.20061, 137.44388, 226.8824, 179.67474, 224.22302, 222.58667;
  421.58298, 91.287727, 421.14441, 129.84978, 420.61084, 168.64632, 420.04224, 207.84708, 401.84375, 110.32321, 401.25238, 148.9196, 400.66577, 187.83987, 400.01816, 227.28415, 382.80475, 90.796654, 382.19324, 129.37872, 381.43051, 168.05287, 380.77505, 207.06415, 363.04883, 109.82441, 362.34103, 148.35771, 361.68658, 187.06664, 360.9404, 226.42123, 344.15274, 90.304199, 343.37167, 128.91216, 342.66721, 167.37221, 341.82709, 206.39517, 324.5603, 109.34624, 323.65472, 147.80847, 322.77863, 186.51195, 322.0007, 225.69919, 305.72775, 89.734451, 304.8364, 128.33519, 303.9523, 166.74509, 303.02365, 205.54604, 286.08185, 108.84574, 285.09088, 147.22006, 284.16028, 185.7124, 283.07281, 224.91655, 267.42441, 89.33802, 266.48639, 127.8108, 265.48486, 166.11508, 264.38531, 204.84546, 247.86407, 108.33518, 246.97226, 146.63557, 245.79413, 185.06152, 244.55383, 224.12549, 229.28993, 88.799385, 228.47229, 127.25082, 227.35614, 165.45667, 226.03487, 204.17116;
  389.91916, 98.343948, 389.6051, 133.24915, 389.40543, 168.16481, 389.13116, 203.63872, 372.16476, 115.64841, 371.80423, 150.58107, 371.51059, 185.76881, 371.26825, 221.32529, 354.83197, 98.21862, 354.52661, 133.03819, 354.09183, 167.96513, 353.76135, 203.272, 337.28116, 115.59438, 336.90439, 150.34683, 336.4595, 185.40326, 336.06711, 220.94853, 320.14444, 98.045349, 319.62094, 132.92709, 319.15689, 167.70453, 318.70938, 202.95126, 302.53656, 115.47735, 302.05157, 150.10771, 301.48456, 185.04424, 300.92456, 220.48248, 285.53442, 97.936592, 284.96091, 132.71988, 284.40192, 167.40552, 283.74857, 202.49855, 267.92627, 115.25225, 267.32285, 149.84311, 266.67026, 184.72752, 265.98599, 220.12968, 251.0497, 97.774597, 250.51662, 132.567, 249.82544, 167.17116, 248.95888, 202.09753, 233.70427, 115.14233, 233.04552, 149.6917, 232.19673, 184.35924, 231.31609, 219.66164, 216.78812, 97.686043, 216.2921, 132.39359, 215.50999, 166.87512, 214.52917, 201.83292;
  360.42279, 101.08922, 362.44879, 132.78194, 364.38153, 165.07021, 366.46686, 197.79141, 345.35443, 117.64458, 347.35529, 149.63303, 349.10144, 182.24866, 351.3616, 215.44295, 328.41333, 102.31236, 330.23914, 134.43863, 331.91666, 166.84251, 333.84912, 199.76932, 313.10675, 118.92477, 314.87372, 151.40605, 316.57468, 184.12598, 318.43658, 217.53839, 296.02515, 103.52118, 297.51154, 135.86195, 299.16974, 168.60051, 300.90714, 201.76033, 280.52707, 120.32492, 281.90198, 152.94272, 283.37939, 185.99127, 285.11499, 219.68628, 263.31726, 104.6641, 264.54303, 137.25819, 266.0571, 170.28473, 267.43881, 203.74408, 247.20453, 121.67342, 248.49417, 154.55823, 249.83234, 187.90619, 251.09956, 221.88811, 229.91786, 105.89143, 231.17233, 138.91934, 232.25075, 172.00056, 233.51732, 205.66066, 213.79593, 123.02016, 214.84398, 156.33609, 215.81296, 189.82573, 216.89351, 224.06049, 196.36076, 107.21992, 197.33781, 140.50984, 198.22202, 173.86948, 199.07802, 207.90701;
  302.53772, 108.10462, 310.23242, 136.56346, 318.03983, 165.83125, 326.06375, 196.12048, 291.50375, 125.04317, 299.06717, 154.11909, 306.77121, 184.13399, 314.91049, 215.18011, 272.6922, 113.27821, 280.10059, 142.40079, 287.52667, 172.11633, 295.32294, 202.95503, 260.86639, 130.57672, 268.25891, 160.26129, 275.7403, 190.8118, 283.57404, 222.59737, 241.7603, 118.52428, 248.88394, 148.30122, 256.07263, 178.78601, 263.61118, 210.15799, 229.3894, 136.21512, 236.29855, 166.63911, 243.54869, 197.82974, 250.87857, 230.21275, 209.78362, 124.05367, 216.46411, 154.49919, 223.37123, 185.59412, 230.47586, 217.6828, 196.48705, 142.23584, 203.1179, 173.26048, 209.97025, 205.17938, 216.9129, 238.32661, 176.61049, 129.69817, 182.92787, 160.9649, 189.39394, 192.70708, 196.06725, 225.49553, 162.55473, 148.27586, 168.77359, 180.16478, 175.28313, 212.81026, 181.82826, 246.80186, 142.00719, 135.67465, 148.17444, 167.5162, 154.23547, 199.89677, 160.53386, 233.63622;
  243.8398, 110.00613, 252.93204, 138.96941, 262.02667, 168.28329, 270.93866, 198.2003, 233.13301, 128.30469, 242.2404, 157.71712, 251.30594, 187.61566, 260.54626, 218.04355, 213.40244, 117.41901, 222.24854, 147.00746, 231.32761, 176.90044, 240.46741, 207.38751, 202.17517, 136.12057, 211.18187, 166.11006, 220.18938, 196.62474, 229.34261, 227.69312, 181.80562, 125.03859, 190.62196, 155.2683, 199.58774, 185.85509, 208.64644, 216.90369, 169.95891, 144.12369, 178.8177, 174.86757, 187.79247, 205.99077, 196.93611, 237.79146, 148.93958, 132.89699, 157.67346, 163.8632, 166.65625, 194.99046, 175.58864, 226.76385, 136.32526, 152.60831, 145.21167, 183.95581, 154.11322, 215.73616, 163.13716, 248.26221, 114.829, 141.09673, 123.55417, 172.69722, 132.37991, 204.58853, 141.24271, 237.03102, 101.71222, 161.36179, 110.43216, 193.40297, 119.19068, 225.86195, 128.16974, 259.03574, 79.454971, 149.62955, 88.226616, 182.09715, 96.952446, 214.67802, 105.60876, 247.80293;
  239.75224, 89.472458, 246.06157, 121.9975, 252.09637, 154.02769, 258.14993, 185.70132, 226.59245, 108.51196, 232.90831, 140.77954, 239.07031, 172.77585, 245.05948, 204.3876, 206.86427, 94.77063, 213.39032, 127.46727, 219.78526, 159.60829, 225.9938, 191.52185, 193.67287, 113.79528, 200.15416, 146.40627, 206.69626, 178.46176, 212.88452, 210.33421, 173.49312, 100.03336, 180.36678, 132.94127, 187.00111, 165.20744, 193.43066, 197.31172, 160.13776, 119.36651, 167.09108, 152.04971, 173.72083, 184.19283, 180.18904, 216.20966, 139.5593, 105.46204, 146.70602, 138.42484, 153.59319, 170.90575, 160.34955, 203.14862, 126.05669, 124.81699, 133.2672, 157.57471, 140.10245, 190.0209, 146.95638, 222.21428, 105.08539, 110.83955, 112.72942, 144.12988, 119.90453, 176.73639, 126.825, 209.02777, 91.785179, 130.36484, 99.323158, 163.36028, 106.30331, 195.84087, 113.56865, 228.11958, 70.421387, 116.52647, 78.290283, 149.77609, 85.795319, 182.60651, 93.053284, 215.11188;
  291.34949, 83.013016, 292.1561, 118.41757, 293.24649, 151.99776, 294.2522, 184.3486, 274.95468, 100.38239, 276.24545, 134.61411, 277.50925, 167.36823, 278.82565, 199.08441, 257.49658, 82.227608, 259.2438, 117.02876, 260.87827, 150.26865, 262.44016, 182.31421, 242.01822, 99.275795, 244.04518, 133.11209, 245.79253, 165.43471, 247.71585, 196.84337, 224.52531, 81.418884, 227.02608, 115.69918, 229.25868, 148.50966, 231.49327, 180.2903, 209.89816, 98.308067, 212.54976, 131.52142, 215.04892, 163.4747, 217.27867, 194.54439, 192.44536, 80.610817, 195.60716, 114.46863, 198.53705, 146.81998, 201.09845, 178.15422, 178.41559, 97.323936, 181.76836, 130.13727, 184.81969, 161.72487, 187.66013, 192.40111, 161.23763, 79.855011, 165.10413, 113.31741, 168.33405, 145.1953, 171.58986, 176.1339, 148.04832, 96.231323, 151.75926, 128.70634, 155.32657, 159.92297, 158.90892, 190.12798, 130.9017, 79.090408, 135.19943, 111.99818, 139.05807, 143.62851, 142.81422, 174.23485;
  365.67017, 105.91959, 355.80383, 139.91618, 346.34363, 173.30931, 336.8063, 206.73288, 345.26657, 119.02855, 335.79633, 152.11565, 326.51544, 184.98604, 317.39563, 217.87704, 334.97733, 98.547241, 325.77121, 131.39374, 316.59158, 163.93933, 307.43585, 196.46384, 315.84973, 111.1835, 306.87985, 143.36729, 297.81683, 175.49585, 288.75238, 207.45752, 306.0798, 91.325577, 297.29739, 123.32467, 288.54303, 155.04169, 279.48428, 186.69511, 287.8602, 103.7326, 279.25333, 135.1322, 270.6116, 166.23999, 261.80182, 197.59637, 278.60782, 84.441734, 270.20749, 115.74523, 261.79028, 146.49945, 253.23734, 177.44331, 261.22723, 96.646866, 253.03159, 127.33643, 244.73769, 157.68277, 236.25786, 188.1243, 252.68091, 77.960495, 244.57126, 108.49984, 236.38489, 138.57886, 228.2571, 168.57643, 236.36943, 90.090744, 228.22598, 119.91153, 220.25375, 149.56883, 212.23735, 179.32117, 228.20128, 71.914413, 220.34642, 101.65913, 212.45261, 131.04039, 204.5428, 160.32974;
  416.60275, 155.38068, 403.75204, 181.36259, 390.57947, 208.56885, 376.92526, 237.20267, 396.00272, 164.07784, 382.9642, 189.9955, 369.50565, 217.36378, 355.33945, 246.15335, 388.68851, 147.57375, 375.85709, 172.55716, 362.52689, 198.76038, 348.5928, 226.09485, 369.0618, 155.90495, 355.92233, 181.06909, 342.17554, 207.21854, 327.85483, 234.76524, 362.67078, 139.97546, 349.58041, 164.26228, 336.07642, 189.46463, 322.00977, 215.71785, 343.52664, 148.20583, 330.27438, 172.55859, 316.47778, 197.73186, 302.09952, 224.19409, 337.81244, 132.87286, 324.72388, 156.38159, 311.15829, 180.6002, 297.02936, 205.99608, 319.29889, 140.95871, 305.95728, 164.34006, 292.08536, 188.72665, 277.65497, 214.30963, 314.21021, 126.13545, 301.10571, 148.91037, 287.45963, 172.33365, 273.38483, 196.86191, 296.59799, 134.08881, 283.04898, 156.87178, 269.24796, 180.35179, 254.63737, 205.03166, 292.14764, 120.0705, 278.94025, 141.87602, 265.28537, 164.68367, 251.07916, 188.3598;
  454.84598, 169.25241, 441.53461, 199.02426, 428.63953, 227.92418, 416.19855, 255.99342, 432.93661, 177.4734, 420.02719, 206.73978, 407.58054, 234.9505, 395.75354, 262.70593, 424.36035, 156.07481, 411.58124, 185.45308, 399.3457, 214.07047, 387.43292, 241.8768, 403.28769, 164.38306, 391.10962, 193.14165, 379.30408, 221.19363, 367.67532, 248.74333, 394.85812, 143.38591, 382.78445, 172.36885, 371.12094, 200.63246, 359.62967, 228.24399, 374.6405, 151.87556, 363.06207, 180.16026, 351.73117, 207.92076, 340.67853, 235.08264, 366.37552, 131.13446, 355.02551, 159.80664, 343.87585, 187.68304, 332.91101, 214.98138, 346.8855, 139.52411, 336.0134, 167.5808, 325.16806, 195.03404, 314.55984, 221.9783, 339.11722, 119.29029, 328.27472, 147.65591, 317.40842, 175.22702, 307.13589, 202.20253, 320.46408, 127.78109, 309.79868, 155.5027, 299.54745, 182.66185, 289.51752, 209.27185, 312.9216, 107.86204, 302.4538, 135.94698, 292.05426, 163.03587, 282.16647, 189.88292;
  496.7597, 203.53978, 483.6442, 232.94041, 471.30365, 260.94452, 459.30252, 287.58881, 474.00516, 213.3499, 461.84882, 242.28149, 449.8511, 269.67072, 438.52005, 295.96075, 464.51044, 193.46829, 452.10922, 222.89075, 440.45349, 251.17729, 429.01114, 278.34366, 442.41138, 203.47523, 430.68393, 232.54059, 419.44418, 260.10355, 408.67426, 286.96783, 432.55536, 183.38034, 420.73407, 213.13495, 409.49475, 241.632, 398.83731, 269.04099, 410.51752, 193.53448, 399.45673, 222.65099, 388.90634, 250.61501, 378.53955, 277.66772, 400.13428, 173.36653, 389.13412, 203.47572, 378.58072, 232.11819, 368.59567, 259.64752, 378.46103, 183.57262, 367.97739, 212.91493, 358.1926, 241.11107, 348.56882, 268.45047, 367.86011, 163.00893, 357.38406, 193.36708, 347.52103, 222.30544, 338.20303, 250.17838, 346.59927, 173.25508, 336.87643, 203.09427, 327.50067, 231.56615, 318.58386, 259.0314, 335.4816, 152.5961, 325.8045, 183.33739, 316.55115, 212.49936, 307.70761, 240.60699;
  493.40176, 196.3689, 489.75662, 227.41968, 486.24677, 257.90656, 482.49118, 287.9422, 476.97229, 211.07561, 473.40424, 242.04196, 469.81738, 272.34116, 466.2713, 302.62442, 464.15323, 194.4718, 460.42075, 225.6638, 457.06891, 256.44104, 453.64899, 287.11923, 447.52475, 209.07761, 443.9649, 240.38481, 440.60059, 271.24255, 437.30276, 302.16522, 434.43048, 192.44502, 430.67047, 223.93272, 427.25943, 255.12569, 424.15857, 286.20953, 417.35437, 207.33345, 413.85281, 238.85091, 410.6366, 270.27853, 407.58029, 301.43179, 403.77945, 190.31889, 400.12784, 222.29135, 396.94119, 253.83311, 393.77838, 285.36197, 386.38052, 205.42067, 383.10507, 237.31915, 379.97601, 269.06741, 376.83966, 300.6424, 372.35376, 188.14389, 368.9339, 220.49727, 365.84625, 252.45811, 362.79105, 284.40378, 354.73276, 203.28549, 351.63666, 235.73848, 348.66605, 267.82977, 345.62903, 299.67764, 340.29471, 185.74146, 337.06937, 218.54747, 334.10721, 250.97498, 331.26169, 283.34656;
  503.49661, 176.54408, 509.32864, 203.27644, 515.1626, 231.26402, 521.13715, 260.65118, 492.67914, 190.22038, 498.25113, 217.73907, 503.76862, 246.39484, 509.62152, 276.60202, 476.3587, 177.15247, 481.45102, 204.3042, 486.98547, 232.48686, 492.36627, 261.98322, 465.16666, 191.08237, 470.06195, 218.77832, 475.16696, 247.56531, 480.61609, 277.95465, 448.9155, 177.944, 453.50775, 205.27113, 458.33417, 233.48958, 463.24509, 263.23364, 437.32028, 191.90375, 441.73215, 219.76065, 446.06219, 248.66089, 450.95544, 279.30011, 421.32666, 178.73267, 425.31607, 206.22539, 429.45883, 234.69246, 433.74817, 264.49026, 409.29935, 192.8362, 412.98636, 220.82993, 416.82803, 250.03545, 420.84161, 280.74295, 393.34036, 179.43193, 396.73834, 207.19385, 400.20068, 235.78488, 403.82181, 265.90536, 380.76758, 193.64299, 383.95096, 221.94624, 387.21606, 251.29869, 390.60617, 282.28284, 364.93027, 180.38037, 367.85754, 208.18336, 370.76108, 236.99777, 373.83499, 267.246;
  546.92487, 184.60706, 547.80237, 210.71703, 548.73218, 238.45343, 549.58618, 268.03122, 531.67352, 196.8073, 532.30872, 223.42819, 532.62457, 251.66086, 533.06781, 281.75882, 516.29114, 183.34929, 516.37787, 209.0137, 516.45215, 236.15984, 516.48627, 264.98276, 501.24365, 195.2274, 500.98865, 221.49707, 500.60941, 249.08781, 500.01724, 278.4364, 486.74704, 181.95262, 486.05701, 207.32536, 485.33875, 233.88628, 484.47766, 262.06638, 471.69427, 193.6738, 470.66745, 219.37892, 469.56039, 246.44713, 468.15842, 275.23383, 457.92661, 180.58952, 456.70206, 205.42668, 455.22479, 231.58521, 453.50565, 259.15747, 443.09204, 192.20432, 441.41684, 217.36658, 439.43021, 243.88535, 437.3446, 272.16568, 430.24463, 179.44345, 428.29941, 203.84851, 425.95065, 229.47203, 423.60004, 256.42426, 415.60263, 190.90123, 413.09726, 215.54118, 410.50134, 241.55582, 407.65155, 269.32846, 403.50027, 178.33888, 400.8363, 202.32516, 397.90115, 227.45651, 394.93008, 253.91411;
  578.43384, 201.9118, 569.1936, 229.96724, 559.39185, 258.4549, 549.46271, 287.31546, 558.03851, 210.90311, 548.50208, 238.8463, 538.67487, 267.08521, 528.66864, 295.86951, 547.37054, 192.40065, 537.7829, 219.94342, 528.35315, 247.52968, 518.50677, 275.64557, 527.58911, 201.37088, 517.99432, 228.64301, 508.45718, 256.02814, 498.52161, 284.05762, 517.70538, 183.45912, 508.22855, 210.27013, 498.61234, 237.0869, 488.89395, 264.55048, 498.61331, 192.27957, 489.12592, 218.76224, 479.39035, 245.52084, 469.57968, 272.81613, 489.08206, 174.74171, 479.74551, 200.90685, 470.27643, 227.21667, 460.58786, 253.86282, 470.61578, 183.46964, 461.25476, 209.25998, 451.55624, 235.45396, 441.85016, 262.10901, 461.72952, 166.50331, 452.39999, 191.95631, 442.99585, 217.58801, 433.34372, 243.58487, 444.00568, 175.27757, 434.61584, 200.29831, 425.16696, 225.85497, 415.43011, 251.81102, 435.74783, 158.76523, 426.46167, 183.45576, 416.98511, 208.50601, 407.50479, 233.92003;
  551.88843, 198.11203, 544.12213, 223.94026, 536.46063, 249.2027, 528.76923, 274.72363, 534.27875, 207.10506, 526.6217, 232.62387, 519.04431, 257.84479, 511.32272, 283.20398, 524.75824, 190.55009, 517.03076, 215.92465, 509.43375, 241.27373, 501.8945, 266.54788, 507.36255, 199.62218, 499.83682, 224.83975, 492.48569, 249.92314, 485.1188, 275.17349, 497.97583, 183.31187, 490.41913, 208.43839, 483.05835, 233.53932, 475.57794, 258.48447, 481.05353, 192.18813, 473.54764, 217.20476, 466.31482, 242.04138, 458.93521, 267.05798, 471.82629, 175.95395, 464.32852, 201.01028, 457.05222, 225.79884, 449.79199, 250.58043, 455.10294, 184.79597, 447.83737, 209.62613, 440.49213, 234.31157, 433.39719, 259.24438, 446.12234, 168.74434, 438.80627, 193.58322, 431.51559, 218.23941, 424.39142, 242.82454, 429.73914, 177.55707, 422.60565, 202.31018, 415.46936, 226.83482, 408.44095, 251.42143, 421.07004, 161.63625, 413.73468, 186.32816, 406.70581, 210.80313, 399.64566, 235.30702;
  511.33728, 165.87006, 510.25961, 188.38103, 508.98563, 211.03825, 507.56836, 234.40106, 498.78241, 175.96684, 497.53705, 198.22647, 496.16226, 221.27179, 494.58447, 244.85255, 487.6311, 163.61902, 486.28909, 185.799, 484.80426, 208.39861, 483.36172, 231.57164, 475.22519, 173.5321, 473.72156, 195.81064, 472.14352, 218.61813, 470.58948, 241.99719, 464.28781, 161.12059, 462.64334, 183.32169, 461.07422, 205.90831, 459.32443, 228.94661, 451.90942, 170.84544, 450.09695, 193.26686, 448.40958, 216.0121, 446.57437, 239.17354, 441.24673, 158.93102, 439.41489, 181.02306, 437.53137, 203.36046, 435.57379, 226.22897, 428.7533, 168.84138, 426.74078, 190.78996, 424.72083, 213.35921, 422.75781, 236.4567, 418.31598, 156.6947, 416.24582, 178.60995, 414.19601, 200.62585, 412.0675, 223.40771, 406.03604, 166.29201, 403.76489, 188.38313, 401.63583, 210.7189, 399.3996, 233.59804, 395.69604, 154.34247, 393.45801, 176.09903, 391.26437, 198.21533, 389.0285, 220.86812;
  498.19818, 119.9216, 492.25378, 146.57504, 486.52832, 171.93239, 480.83081, 196.12175, 481.01172, 131.87802, 475.48032, 157.85124, 470.05902, 182.41318, 464.89572, 206.19206, 469.61011, 116.9334, 464.21725, 143.40192, 459.28763, 168.50375, 454.08789, 192.82755, 452.8508, 128.73724, 447.90439, 154.56174, 443.11487, 179.15683, 438.5928, 203.04686, 441.4115, 113.92165, 436.63382, 140.235, 432.08408, 165.31125, 427.62665, 189.60095, 425.13138, 125.6886, 420.75314, 151.25487, 416.54913, 175.87476, 412.43326, 199.8371, 413.45557, 110.81129, 409.28, 137.01778, 405.2308, 162.16602, 401.29004, 186.27277, 397.47681, 122.49271, 393.63544, 148.11238, 389.98904, 172.72827, 386.60953, 196.50075, 385.69849, 107.77673, 382.10101, 133.98337, 378.57248, 159.0307, 375.34692, 182.96399, 370.36453, 119.52661, 367.005, 145.00699, 364.00638, 169.64258, 361.15817, 193.18274, 358.40567, 104.7249, 355.35638, 130.82434, 352.52786, 155.83456, 349.68127, 179.78654;
  445.85498, 104.45658, 440.68338, 135.84401, 435.67236, 165.38542, 430.81635, 193.13194, 427.47165, 120.41436, 422.79465, 151.12285, 418.14771, 179.88351, 413.86569, 207.23636, 413.92899, 104.64334, 409.54471, 136.25671, 405.32962, 165.92842, 401.27161, 194.30055, 395.63977, 120.78649, 391.62778, 151.43849, 388.02316, 180.83342, 384.41275, 208.60936, 381.39404, 104.65888, 377.69547, 136.52649, 374.22076, 166.62926, 371.05807, 195.36496, 363.1734, 120.9462, 359.96606, 152.17914, 357.11853, 181.58101, 354.28067, 209.71049, 347.8761, 104.74436, 345.11856, 136.98035, 342.6105, 167.40858, 340.06949, 196.30931, 329.69983, 121.15235, 327.27939, 152.74376, 325.3674, 182.4986, 323.42514, 210.7854, 313.73215, 104.62371, 311.80804, 137.36452, 310.05432, 168.18304, 308.57779, 197.29109, 295.48099, 121.05415, 294.23965, 153.21274, 292.99829, 183.37256, 291.93768, 211.98605, 278.64856, 104.43249, 277.63138, 137.54553, 276.94147, 168.76639, 276.24179, 198.40781;
  367.28568, 85.8386, 371.64969, 119.65485, 375.63144, 152.49855, 379.61774, 184.86839, 353.38608, 105.52006, 358.05875, 139.23273, 362.3559, 172.00851, 366.64233, 204.26726, 335.31094, 90.788795, 339.90546, 125.37, 344.58463, 158.77319, 349.05283, 191.72168, 321.36371, 111.03396, 326.19492, 145.27203, 331.04178, 178.77252, 335.90417, 211.72777, 302.15381, 96.360207, 307.1702, 131.31512, 312.34955, 165.39673, 317.32419, 198.91273, 287.75333, 116.9679, 293.10928, 151.567, 298.29971, 185.81322, 303.66052, 219.21941, 267.68634, 101.84475, 273.31192, 137.40906, 278.77203, 172.22691, 284.34229, 206.25328, 252.72159, 122.87848, 258.53766, 158.34802, 264.41205, 193.03203, 270.08411, 227.05437, 231.47638, 107.60002, 237.72235, 143.93149, 243.76996, 179.32816, 249.96597, 213.98213, 216.22942, 129.12498, 222.72285, 165.22627, 229.07971, 200.45685, 235.36469, 235.13361, 193.86674, 113.60803, 200.76224, 150.65672, 207.58911, 186.60835, 214.18301, 221.96707;
  315.3588, 76.169121, 323.53531, 107.19458, 331.79883, 139.12071, 340.30688, 172.24524, 302.9942, 95.065353, 310.92139, 126.64931, 319.03159, 159.35925, 327.5159, 193.32806, 282.47986, 82.715584, 290.21075, 114.17616, 297.98682, 146.48271, 306.11111, 180.04636, 269.57794, 101.85416, 277.12903, 133.86971, 284.82339, 166.85298, 292.76523, 201.12636, 248.90297, 89.336136, 256.28906, 121.32098, 263.70941, 154.17783, 271.12241, 187.87393, 235.40198, 108.77637, 242.56035, 141.21269, 249.7988, 174.60696, 257.3082, 209.39697, 214.58243, 96.19075, 221.49582, 128.4928, 228.52434, 161.59846, 235.69237, 195.90912, 200.48573, 115.76426, 207.26988, 148.7121, 214.16183, 182.56236, 221.00189, 217.74704, 179.62016, 103.22542, 186.16589, 135.85942, 192.71992, 169.39806, 199.29938, 204.12549, 165.1499, 123.12578, 171.39703, 156.38071, 177.75514, 190.72694, 184.25188, 226.26932, 144.1752, 110.25902, 150.26921, 143.47327, 156.18658, 177.3409, 162.40195, 212.5779;
  278.74182, 69.445435, 279.09094, 108.63592, 279.56937, 147.41942, 279.86853, 185.89796, 259.93509, 89.569267, 260.37933, 128.40808, 260.84479, 166.77663, 261.41928, 205.03522, 240.66081, 70.367599, 241.27911, 109.30618, 241.86736, 147.82959, 242.41052, 186.07251, 222.16937, 90.150055, 222.8447, 128.8136, 223.51465, 166.9503, 224.13237, 205.07451, 202.93117, 71.046204, 203.78035, 109.93473, 204.51491, 148.2059, 205.17201, 186.23247, 184.68088, 90.932961, 185.64055, 129.21579, 186.35471, 167.22281, 187.19292, 205.06554, 165.55545, 71.806694, 166.49237, 110.38484, 167.46516, 148.46037, 168.49109, 186.1745, 147.45258, 91.563599, 148.4734, 129.6189, 149.61896, 167.42467, 150.74423, 205.03761, 128.56119, 72.639671, 129.73387, 110.96029, 130.83221, 148.76468, 132.04761, 186.3075, 110.96171, 92.181656, 112.12984, 130.1562, 113.31529, 167.55708, 114.83557, 204.96405, 92.365883, 73.569168, 93.56263, 111.53938, 94.838295, 149.06041, 96.189178, 186.38292;
  258.78018, 109.62296, 258.79706, 148.82155, 258.83936, 185.30435, 258.84903, 219.77818, 238.13055, 129.64603, 238.80673, 167.83813, 239.49164, 203.62192, 239.97787, 237.57034, 216.6879, 109.7075, 217.84361, 149.35786, 219.05185, 186.67123, 220.34674, 221.89783, 195.97372, 130.16287, 197.96095, 168.82271, 199.70203, 205.38707, 201.46535, 240.18605, 172.88353, 109.82067, 175.56001, 150.19023, 178.14946, 188.08356, 180.48906, 223.9456, 152.10085, 130.62961, 155.4368, 170.00566, 158.42482, 207.10101, 161.47133, 242.50606, 127.40267, 109.82336, 131.63411, 151.06877, 135.5183, 189.62886, 139.24622, 225.98863, 106.44448, 130.989, 111.35413, 171.1637, 115.86178, 208.9751, 120.07151, 244.82249, 80.303734, 109.76529, 85.976967, 151.92165, 91.440536, 191.2159, 96.536552, 228.02957, 59.62833, 131.3289, 65.881874, 172.43646, 71.892708, 210.87939, 77.714439, 247.03336, 31.985123, 109.61411, 39.175674, 152.59225, 46.201229, 192.54451, 52.708, 230.32423;
  271.37604, 124.90158, 279.99213, 159.20656, 288.60474, 193.6051, 297.14685, 228.30962, 258.75983, 145.63644, 267.46643, 180.37032, 276.11145, 215.29587, 284.84976, 250.49612, 237.03598, 131.4971, 245.77271, 166.90636, 254.57253, 202.09816, 263.42831, 237.65672, 223.65691, 152.86824, 232.558, 188.59816, 241.48412, 224.47591, 250.48613, 260.83084, 200.99226, 138.24345, 209.87949, 174.81702, 218.87399, 211.05779, 227.85327, 247.58078, 186.57936, 160.46161, 195.64798, 197.27606, 204.71922, 234.13127, 213.91034, 271.5878, 162.77963, 145.61302, 171.83696, 183.18399, 180.92984, 220.47369, 190.24413, 258.14423, 147.28331, 168.50211, 156.50183, 206.52534, 165.70877, 244.45024, 175.25496, 282.96582, 122.31649, 153.45435, 131.51294, 192.00909, 140.86586, 230.49757, 150.30292, 269.29779, 105.98922, 177.11243, 115.35081, 216.24722, 124.78778, 255.31871, 134.46642, 295.03235, 79.614967, 161.83218, 89.169724, 201.41574, 98.735847, 241.07504, 108.24065, 281.0853;
  323.65137, 151.45543, 327.38846, 185.14743, 331.18875, 220.31027, 335.09686, 257.16019, 308.07074, 169.62856, 311.37219, 204.21014, 314.84525, 240.35878, 318.24152, 278.26035, 288.73169, 154.39357, 291.89865, 188.31253, 294.94379, 223.59334, 298.0827, 260.79529, 272.71265, 172.70016, 275.47748, 207.504, 278.06891, 243.61864, 280.70248, 281.76447, 253.71739, 157.26602, 256.05286, 191.44452, 258.50604, 226.93533, 260.62796, 264.15121, 237.04414, 175.72084, 239.01212, 210.69846, 240.84538, 246.97267, 242.77748, 285.2662, 218.22171, 160.08832, 219.90515, 194.57195, 221.47212, 230.25473, 222.94351, 267.5563, 200.83324, 178.81741, 202.23447, 214.00162, 203.34219, 250.30656, 204.42653, 288.84744, 182.21849, 163.1403, 183.24727, 197.76566, 183.99625, 233.63428, 184.89488, 271.11594, 164.68414, 181.91476, 165.21016, 216.99825, 165.5358, 253.87184, 165.88864, 292.4689, 146.31677, 166.29303, 146.61588, 201.00685, 146.67218, 236.98637, 146.71317, 274.56937;
  391.29562, 169.26257, 383.29178, 204.76038, 375.15738, 240.55589, 366.96722, 277.12439, 369.51535, 182.77505, 361.46768, 218.1897, 353.14273, 254.218, 344.70779, 290.92209, 356.03729, 161.10675, 347.922, 196.25346, 339.67987, 231.58469, 331.09482, 267.70441, 334.6243, 174.50801, 326.33356, 209.53445, 317.86417, 245.05324, 309.03903, 281.48926, 321.34161, 153.04843, 313.00894, 187.7482, 304.74429, 222.83118, 296.04193, 258.64255, 300.12814, 166.32108, 291.62704, 201.04289, 282.96902, 236.2282, 274.1619, 272.19489, 287.24377, 145.14211, 278.75433, 179.48508, 270.25275, 214.22461, 261.4483, 249.51108, 266.20691, 158.41852, 257.58417, 192.66046, 248.67851, 227.44043, 239.7196, 263.02039, 253.65175, 137.43217, 245.0674, 171.57629, 236.29631, 205.81831, 227.42628, 240.75072, 232.87631, 150.5473, 224.18982, 184.52621, 215.27913, 218.92769, 206.11368, 254.11702, 220.81636, 129.91498, 212.07901, 163.52435, 203.11333, 197.46674, 194.01233, 232.09904;
  417.15341, 177.7758, 409.53271, 212.60844, 402.01352, 246.34624, 394.64188, 279.18845, 396.25156, 193.15956, 388.88174, 227.86375, 381.52487, 261.36014, 374.63074, 294.15057, 382.79858, 173.0584, 375.47089, 208.52251, 368.26288, 243.01378, 361.30365, 276.53415, 361.56268, 188.53958, 354.40979, 223.99165, 347.60822, 258.29111, 340.93533, 292.13849, 347.29312, 168.05542, 340.15549, 204.36453, 333.32892, 239.46329, 326.89206, 273.82401, 325.43576, 184.0419, 318.73782, 220.06291, 312.23325, 255.19807, 305.97824, 289.49011, 310.49435, 163.09073, 303.64447, 200.01027, 297.22427, 235.89009, 291.06232, 270.84244, 288.00018, 179.18271, 281.71289, 215.9008, 275.57898, 251.72533, 269.60919, 286.89929, 272.01926, 157.51866, 265.69452, 195.38995, 259.65396, 232.10451, 253.86707, 267.84219, 249.28487, 174.05777, 243.29901, 211.66969, 237.61774, 248.24632, 232.18213, 284.03683, 232.14474, 151.84839, 226.38744, 190.4975, 220.82614, 228.02518, 215.60014, 264.76828;
  330.89005, 122.65764, 339.65411, 152.31395, 348.18793, 181.9817, 356.97226, 212.05695, 321.25595, 140.89058, 329.8974, 170.93298, 338.57663, 201.04485, 347.51321, 231.78502, 302.5376, 129.07819, 311.25015, 159.53604, 319.94077, 189.94841, 328.87491, 220.74873, 292.1861, 147.85442, 300.98495, 178.67888, 309.83264, 209.5768, 318.93991, 241.13245, 272.80243, 135.87392, 281.49258, 167.16113, 290.4837, 198.284, 299.48062, 229.97824, 261.91809, 155.17136, 270.65292, 186.79605, 279.63748, 218.57434, 288.84747, 250.93582, 241.66771, 142.93582, 250.43881, 175.06183, 259.35858, 207.12733, 268.48965, 239.5914, 229.71718, 162.91281, 238.72568, 195.51814, 247.7179, 228.20628, 257.11163, 261.35504, 208.65459, 150.51302, 217.65015, 183.41174, 226.75488, 216.38458, 235.8911, 249.77335, 196.11636, 171.12743, 205.17729, 204.49385, 214.40654, 238.1272, 223.80049, 272.16687, 174.00146, 158.35626, 183.02786, 192.18027, 192.39311, 226.24661, 201.75133, 260.55814;
  299.78482, 126.83845, 305.96292, 151.44319, 312.02081, 176.70758, 318.33212, 202.54102, 289.95908, 141.91115, 295.97031, 166.93742, 301.99524, 192.46187, 308.30444, 218.9055, 274.06964, 132.2513, 279.94769, 157.10878, 285.82471, 182.53247, 291.81927, 208.5802, 263.99554, 147.44435, 269.76633, 172.70064, 275.63229, 198.48857, 281.51669, 225.11842, 247.90659, 137.6411, 253.57245, 162.91217, 259.26608, 188.45587, 264.97101, 214.8027, 237.52776, 153.04605, 242.97643, 178.59543, 248.55646, 204.57089, 254.28526, 231.40958, 221.39439, 143.14357, 226.78307, 168.62358, 232.34721, 194.51569, 237.68648, 221.16322, 210.57838, 158.77678, 215.87338, 184.46893, 221.15752, 210.82693, 226.60332, 237.97612, 194.40549, 148.80289, 199.53978, 174.48987, 204.76086, 200.67073, 209.90483, 227.54541, 183.35016, 164.5748, 188.38048, 190.52919, 193.36792, 217.05322, 198.55151, 244.52074, 167.14609, 154.49353, 171.92731, 180.53044, 176.88573, 206.8804, 181.84776, 233.95691;
  284.04294, 132.73947, 281.80496, 154.96909, 279.29044, 177.8055, 276.60416, 201.37859, 271.25519, 142.42232, 268.60886, 164.95758, 265.849, 188.21124, 263.03204, 212.10567, 260.79446, 129.84328, 258.14182, 152.20313, 255.44157, 175.12341, 252.46735, 198.63411, 247.75623, 139.53232, 244.96252, 162.12254, 241.83699, 185.46233, 238.62276, 209.32826, 237.29961, 126.83072, 234.40306, 149.42949, 231.3103, 172.34946, 227.91452, 195.94667, 223.88188, 136.6031, 220.76164, 159.34631, 217.37875, 182.64465, 213.78998, 206.62106, 213.41193, 123.86816, 210.189, 146.40771, 206.79311, 169.4913, 203.18362, 193.17375, 199.72318, 133.60701, 196.20692, 156.55014, 192.5285, 179.85806, 188.65059, 204.00313, 189.23869, 120.81811, 185.6949, 143.44876, 181.8526, 166.69292, 178.07767, 190.36223, 175.16618, 130.61681, 171.42203, 153.67036, 167.41127, 176.99927, 163.14029, 201.2422, 164.82513, 117.87794, 160.914, 140.57439, 156.88577, 163.73196, 152.62755, 187.57298;
  309.39307, 158.60735, 296.35046, 177.69536, 282.80981, 197.22174, 268.91183, 217.12372, 293.23883, 161.09317, 279.95099, 180.2726, 265.96628, 200.04774, 251.69003, 220.29387, 290.26343, 144.62917, 276.96753, 163.59886, 263.21326, 183.00267, 248.90424, 203.00098, 273.95987, 147.00569, 260.20294, 166.19244, 246.20108, 185.80975, 231.34674, 206.1001, 270.94806, 130.40897, 257.24332, 149.35481, 243.19035, 168.78735, 228.69243, 188.73053, 254.36063, 132.7175, 240.25082, 151.82558, 225.81795, 171.45871, 210.79424, 191.66299, 251.30968, 116.06489, 237.31064, 134.93898, 222.87158, 154.32535, 207.88013, 174.24017, 234.18712, 118.22796, 219.85628, 137.30435, 205.06302, 156.89803, 189.67111, 177.01193, 231.30505, 101.60138, 216.81841, 120.41875, 202.17271, 139.55098, 186.8761, 159.41704, 214.0416, 103.6033, 199.18387, 122.70559, 184.04631, 142.06664, 168.29591, 162.25154, 210.98692, 86.980072, 196.19154, 105.70314, 181.2258, 124.97624, 165.54103, 144.66591;
  317.25955, 207.23161, 295.92328, 217.2986, 274.02832, 227.59369, 251.2572, 238.00168, 302.06091, 201.35742, 280.35895, 211.38249, 257.91534, 221.69827, 234.69815, 232.06395, 308.15643, 185.41083, 286.54041, 195.18929, 264.4173, 205.3391, 241.5179, 215.58897, 292.83221, 179.36111, 270.90369, 189.17715, 248.27922, 199.21667, 224.94276, 209.51065, 299.08041, 163.40625, 277.15213, 173.121, 254.86209, 182.98558, 231.79501, 193.00897, 283.4335, 157.03133, 261.16898, 166.66081, 238.4375, 176.60979, 214.84431, 186.70035, 289.63788, 141.09253, 267.64056, 150.55484, 244.97299, 160.29817, 221.69264, 170.0461, 273.76553, 134.47815, 251.42204, 143.92926, 228.30296, 153.46829, 204.45699, 163.54597, 280.21536, 118.55341, 257.68936, 127.93974, 234.94464, 137.24171, 211.26747, 146.98752, 264.02121, 111.77775, 241.3868, 121.01946, 218.07841, 130.5325, 193.92384, 140.22777, 270.13324, 95.812065, 247.66466, 104.98455, 224.50946, 114.1279, 200.70224, 123.57932;
  308.49091, 231.98788, 284.68274, 230.325, 260.32651, 228.56801, 235.14397, 226.71091, 297.99454, 219.19287, 273.89163, 217.37373, 249.22368, 215.29338, 223.81728, 213.31012, 311.20203, 208.19853, 287.33859, 206.20224, 262.95322, 204.16679, 237.92383, 202.05161, 300.69763, 195.26309, 276.48203, 193.06056, 251.88063, 190.832, 226.48251, 188.62314, 314.0062, 184.23842, 290.02475, 182.01532, 265.63702, 179.75601, 240.52377, 177.30302, 303.40326, 171.05806, 279.34857, 168.68959, 254.41475, 166.17177, 229.02309, 163.68311, 316.6322, 160.20378, 292.70267, 157.74042, 268.29913, 155.09836, 243.16109, 152.53763, 305.98938, 146.76189, 281.77097, 144.05925, 257.03568, 141.36389, 231.54984, 138.48981, 319.21765, 135.88101, 295.29993, 133.30432, 270.75516, 130.41956, 245.64198, 127.48603, 308.45752, 122.40305, 284.30264, 119.47287, 259.41208, 116.54619, 234.02994, 113.36764, 321.60849, 111.69858, 297.67267, 108.75253, 273.23706, 105.66783, 247.97935, 102.4175;
  294.57956, 251.25648, 272.9935, 241.72493, 250.978, 231.7493, 228.09111, 221.56322, 289.4285, 235.84131, 267.56158, 226.03619, 245.28198, 215.78294, 222.06584, 205.26654, 305.76291, 230.12964, 284.23734, 220.20372, 262.08978, 210.0943, 239.30261, 199.62334, 300.67075, 214.43785, 278.83017, 204.35536, 256.43613, 193.87091, 233.27727, 183.02827, 316.96768, 208.83443, 295.39856, 198.51494, 273.33508, 188.08037, 250.61853, 177.39868, 311.75558, 192.93002, 290.06027, 182.45828, 267.75198, 171.6465, 244.71185, 160.58925, 328.28882, 187.39568, 306.65253, 176.84772, 284.55927, 166.0872, 261.93668, 154.90236, 323.12198, 171.20349, 301.27774, 160.28607, 279.08914, 149.2756, 256.02188, 138.00125, 339.56149, 165.67149, 317.93774, 154.76279, 295.87067, 143.62019, 273.18973, 132.25639, 334.34131, 149.28741, 312.51025, 138.1001, 290.38748, 126.78167, 267.30353, 115.03281, 350.70206, 143.62746, 329.25952, 132.6021, 307.15021, 121.18788, 284.48788, 109.51861;
  327.65204, 248.63045, 304.06683, 244.68246, 279.66708, 240.45485, 254.57899, 235.96667, 318.46487, 234.5961, 294.53952, 230.22508, 270.05884, 225.76285, 244.60567, 220.98973, 332.86893, 224.86349, 309.28574, 220.24739, 285.16864, 215.73068, 260.38397, 210.76195, 323.92908, 210.50439, 300.0726, 205.73787, 275.61118, 200.74208, 250.33743, 195.64027, 338.29214, 200.93082, 314.85214, 196.08493, 290.79346, 190.88913, 266.01346, 185.72659, 329.43945, 186.46313, 305.82806, 181.23409, 281.31543, 175.85817, 256.06656, 170.24178, 343.88596, 177.11841, 320.57993, 171.73909, 296.69116, 166.30971, 271.73972, 160.55009, 335.13977, 162.33624, 311.4559, 156.78992, 287.2514, 150.86497, 262.05457, 144.7527, 349.52264, 153.12021, 326.30325, 147.38893, 302.39713, 141.39241, 277.85938, 135.37155, 340.81927, 138.25542, 317.47366, 132.3553, 293.20499, 126.03784, 268.11673, 119.52828, 355.23712, 129.34666, 332.20184, 123.28471, 308.40732, 116.90869, 284.0018, 110.34332;
  356.27261, 189.42099, 334.41714, 200.63622, 312.02722, 211.992, 288.88229, 223.80608, 339.94843, 183.6794, 317.68008, 194.82124, 294.86816, 206.22849, 271.23242, 218.06326, 345.51862, 166.81906, 323.3194, 177.76118, 300.73956, 188.89586, 277.53128, 200.27197, 329.1221, 160.9463, 306.6825, 171.75571, 283.58032, 182.87331, 259.87534, 194.33873, 334.97705, 144.19742, 312.4101, 154.75826, 289.66461, 165.53946, 266.17834, 176.7312, 318.39352, 138.00008, 295.58609, 148.45316, 272.4227, 159.31294, 248.3541, 170.46423, 324.4624, 121.23599, 301.70953, 131.59465, 278.69302, 142.039, 254.84656, 152.95757, 307.63922, 114.76678, 284.71179, 125.04427, 261.29172, 135.47536, 236.96588, 146.44637, 313.74313, 98.331909, 290.8443, 108.1847, 267.59271, 118.42948, 243.56464, 128.97495, 297.08566, 91.617928, 273.9245, 101.49747, 250.1763, 111.77699, 225.52698, 122.31279, 303.36243, 75.159012, 280.10022, 84.810783, 256.68573, 94.641411, 232.32655, 105.06092;
  344.92847, 160.71896, 336.1185, 183.96495, 327.34244, 207.50479, 318.30695, 231.99086, 328.75897, 167.44417, 319.94046, 190.90616, 310.80887, 215.05928, 301.51065, 239.93201, 321.7312, 151.09294, 312.54935, 174.36716, 303.40479, 198.19228, 294.00742, 222.71931, 305.32202, 157.72693, 296.00891, 181.28708, 286.51843, 205.59993, 276.96219, 230.54372, 298.26382, 141.12355, 288.66925, 164.61856, 279.12021, 188.58089, 269.29974, 213.09047, 281.61725, 147.83347, 271.76953, 171.52232, 261.99701, 195.92119, 251.882, 220.95291, 274.66266, 130.97423, 264.62921, 154.67793, 254.60889, 178.63699, 244.41177, 203.39296, 257.34213, 137.62924, 247.2733, 161.53125, 237.00807, 186.00113, 226.38712, 211.14322, 250.34282, 120.76789, 240.1174, 144.33217, 229.63994, 168.56821, 219.0737, 193.48814, 233.00082, 127.33917, 222.41824, 151.22572, 211.74565, 175.80081, 200.70016, 201.35974, 226.09256, 110.25912, 215.36099, 133.95627, 204.51875, 158.36125, 193.42085, 183.48747;
  303.49063, 109.95793, 310.37918, 133.62666, 317.61279, 157.55132, 325.07098, 182.12984, 294.51797, 125.09354, 301.45499, 148.96249, 308.80511, 173.26178, 316.27734, 198.44827, 278.6076, 116.54373, 285.44931, 140.33145, 292.46722, 164.49146, 299.71594, 189.39641, 269.57712, 131.64508, 276.28864, 155.85916, 283.41513, 180.58743, 290.76755, 205.84918, 253.59547, 122.89593, 260.16299, 147.16591, 267.00015, 171.72105, 274.08847, 196.79764, 244.1232, 138.26027, 250.78244, 162.93309, 257.62506, 187.79596, 264.77551, 213.56342, 228.18669, 129.47624, 234.56276, 154.11713, 241.16452, 178.92889, 248.14742, 204.36255, 218.41592, 145.23994, 224.89085, 169.94392, 231.55409, 195.34445, 238.53972, 221.29237, 202.36224, 136.4079, 208.65857, 161.17552, 215.13655, 186.29076, 221.74463, 212.07626, 192.49104, 152.12604, 198.71231, 177.24672, 205.26175, 202.88432, 211.98863, 229.33061, 176.3131, 143.23116, 182.29024, 168.34589, 188.59656, 193.8139, 195.18851, 219.79854;
  258.54294, 120.65666, 278.58051, 136.18832, 298.89978, 151.78984, 319.61865, 167.8141, 260.44855, 138.6244, 280.48312, 154.20467, 300.97833, 170.07698, 321.99014, 186.22293, 242.23662, 141.00146, 262.28345, 156.70108, 282.59384, 172.42584, 303.39706, 188.59564, 244.14932, 159.10568, 264.33109, 174.88161, 284.79306, 190.78255, 305.69052, 207.08275, 225.90392, 161.43044, 246.03905, 177.23936, 266.4328, 193.27847, 287.05865, 209.4897, 227.73785, 179.72763, 248.00238, 195.6534, 268.46228, 211.86258, 289.35959, 228.30664, 209.44685, 182.01941, 229.5826, 198.16658, 250.14316, 214.26801, 270.75812, 230.6563, 211.27682, 200.61603, 231.68642, 216.76505, 252.01778, 232.94313, 273.08502, 249.57915, 192.99551, 202.91568, 213.23096, 219.1814, 233.56128, 235.47646, 254.41415, 251.92618, 194.93719, 221.49081, 215.18604, 237.88148, 235.79369, 254.41512, 256.75992, 270.9696, 176.56502, 223.87083, 196.82939, 240.31068, 217.15147, 256.78629, 238.01324, 273.37933;
  223.21681, 121.55832, 247.15308, 129.93315, 271.2496, 138.42747, 295.75723, 147.12733, 230.62906, 137.89844, 254.6711, 146.46223, 278.9841, 155.00255, 303.61014, 163.877, 214.19403, 145.61765, 238.20129, 154.36938, 262.23026, 162.99925, 286.71393, 171.70987, 221.54585, 162.09453, 245.80664, 170.74352, 270.03653, 179.62451, 294.58929, 188.38914, 204.93489, 169.95491, 229.10742, 178.75726, 253.31493, 187.44273, 277.70581, 196.37517, 212.45941, 186.53923, 236.57185, 195.35742, 260.9733, 204.3389, 285.57492, 213.28793, 195.77666, 194.43335, 220.00696, 203.22195, 244.18488, 212.0683, 268.68387, 221.08124, 203.25832, 211.25206, 227.4554, 220.0672, 251.96548, 229.05084, 276.53262, 238.05876, 186.53, 218.9897, 210.72554, 228.0089, 235.06911, 236.93343, 259.61334, 246.00031, 193.99513, 235.81395, 218.30025, 244.81508, 242.80669, 253.89569, 267.5033, 263.06808, 177.40414, 243.64436, 201.52753, 252.71039, 225.8446, 261.82413, 250.5107, 271.00336;
  207.98929, 123.89705, 232.22563, 130.94849, 256.76242, 138.03313, 281.53448, 145.32671, 216.2917, 139.49033, 240.68871, 146.81596, 265.31497, 153.99185, 290.17828, 161.34499, 200.28499, 148.17326, 224.74545, 155.36215, 249.117, 162.57356, 273.92346, 170.10129, 208.65431, 163.99078, 232.99132, 171.24377, 257.61246, 178.7115, 282.52368, 186.12866, 192.42693, 172.56836, 216.85756, 179.90121, 241.42255, 187.34148, 266.12836, 194.93021, 200.69305, 188.47034, 225.13606, 195.92422, 249.74471, 203.54529, 274.71555, 211.19522, 184.44142, 197.06061, 208.92799, 204.6187, 233.41394, 212.2459, 258.24924, 219.90659, 192.47095, 213.17937, 217.07513, 220.75522, 241.81001, 228.54048, 266.64624, 236.51132, 176.23666, 221.73787, 200.69109, 229.39545, 225.29065, 237.1582, 250.09227, 244.9536, 184.33249, 237.88237, 208.84193, 245.66084, 233.53981, 253.5873, 258.52905, 261.71512, 168.033, 246.27217, 192.50095, 254.30884, 216.99841, 262.26132, 241.93677, 270.26898;
  253.65793, 117.88873, 265.0274, 135.06053, 276.86407, 152.95122, 289.20526, 171.99635, 248.91638, 132.59866, 260.34586, 150.33241, 272.2193, 168.97189, 284.57159, 188.56358, 233.02554, 130.07445, 244.06552, 147.67854, 255.47966, 166.04247, 267.43918, 185.26529, 228.00084, 144.99841, 239.0782, 163.20003, 250.45383, 182.11433, 262.37274, 202.01939, 212.04335, 142.41965, 222.74498, 160.37625, 233.76514, 179.0723, 245.20189, 198.63707, 206.65199, 157.58145, 217.35728, 176.12666, 228.34019, 195.42993, 239.78098, 215.74715, 190.67891, 154.79326, 201.09517, 173.23888, 211.60789, 192.32178, 222.73247, 212.202, 184.96321, 170.2274, 195.32706, 189.26204, 205.82289, 208.93124, 216.93396, 229.66608, 169.18564, 167.46677, 179.08994, 186.09416, 189.32652, 205.60352, 199.92229, 225.90601, 163.1992, 183.09782, 172.96074, 202.36514, 183.09866, 222.47214, 193.72508, 243.59915, 147.35419, 180.2392, 156.87225, 199.28073, 166.5354, 219.07053, 176.81137, 239.84985;
  254.49303, 159.2348, 257.00616, 174.94978, 259.71869, 191.8779, 262.45239, 210.16879, 244.55406, 168.82443, 246.71411, 185.09129, 249.15884, 202.73669, 251.73718, 221.79593, 232.31752, 162.57594, 234.14417, 178.53349, 236.18692, 195.69064, 238.12138, 214.1658, 221.95444, 172.22319, 223.54465, 188.90637, 225.05252, 206.65347, 226.82063, 225.69664, 209.86073, 165.97781, 211.05865, 182.17534, 212.3149, 199.54755, 213.50786, 217.88976, 198.89735, 175.67018, 199.7791, 192.50758, 200.53778, 210.43152, 201.35376, 229.77026, 187.15466, 169.05124, 187.49414, 185.63779, 187.97551, 203.18762, 188.43231, 221.8963, 175.50143, 178.9296, 175.55817, 196.09465, 175.5107, 214.36214, 175.57555, 233.98962, 163.8499, 172.3851, 163.53813, 189.18991, 163.27815, 206.85025, 162.88467, 226.0329, 151.88913, 182.34821, 151.12311, 199.71585, 150.30083, 218.21359, 149.4594, 238.26425, 140.4778, 175.87552, 139.39896, 192.7997, 138.19467, 210.80322, 136.97818, 230.06114;
  207.76598, 158.94124, 208.21161, 181.39394, 208.79979, 205.07188, 209.28502, 229.78343, 195.04843, 169.65646, 195.42079, 192.94604, 195.62466, 217.30263, 195.90146, 242.91031, 182.03352, 157.9995, 182.08434, 180.94696, 182.09363, 204.88806, 182.03055, 230.04451, 168.85954, 168.90173, 168.49644, 192.69217, 168.19247, 217.29869, 167.7935, 243.35689, 155.53224, 156.96051, 154.93933, 180.36676, 154.40788, 204.67181, 153.70453, 230.26424, 141.50999, 167.92628, 140.48999, 192.15314, 139.55457, 217.2822, 138.56351, 243.85039, 128.08609, 155.65121, 126.80925, 179.48723, 125.51974, 204.3833, 124.22978, 230.42725, 113.00697, 166.90771, 111.43797, 191.52763, 109.85202, 217.29803, 108.06712, 244.41753, 99.474571, 154.46361, 97.54702, 178.67468, 95.541916, 204.00854, 93.522942, 230.77869, 83.74028, 165.89522, 81.404251, 190.95047, 79.012413, 217.22118, 76.517365, 244.9565, 69.932999, 153.20418, 67.224007, 177.92639, 64.561424, 203.74817, 61.685677, 231.01636;
  201.60434, 139.85287, 199.48988, 167.53578, 197.0845, 194.59683, 194.70705, 221.02986, 186.06201, 153.06686, 183.86076, 180.83043, 181.65059, 207.812, 179.41959, 234.45929, 172.1834, 138.04514, 170.1862, 166.59737, 168.08759, 194.27023, 166.04849, 221.49001, 156.01094, 151.61165, 154.01619, 180.09688, 152.1476, 207.94901, 150.38324, 235.39497, 141.26309, 136.19978, 139.43701, 165.43477, 137.70998, 193.97269, 136.01138, 222.05013, 124.32661, 150.16452, 122.69084, 179.4574, 121.20289, 208.05342, 119.60184, 236.0822, 108.54002, 134.28003, 107.02393, 164.31506, 105.62379, 193.7684, 104.28748, 222.31201, 90.788849, 148.64008, 89.50087, 178.66637, 88.351479, 208.17679, 87.114578, 236.91895, 74.08683, 132.23665, 72.841347, 163.23672, 71.738373, 193.41272, 70.848976, 222.8338, 55.617962, 146.92027, 54.792484, 178.01653, 53.766857, 208.2283, 53.073708, 237.72342, 37.640594, 129.92686, 36.992928, 161.92493, 36.261539, 192.92282, 35.734478, 223.22052;
  217.47969, 117.64168, 212.22755, 148.10629, 207.28673, 176.85854, 202.61613, 203.89195, 197.98721, 131.92714, 193.16602, 162.1528, 188.67291, 190.48247, 184.43947, 217.3553, 182.59866, 114.97876, 178.21732, 146.35919, 174.01006, 176.09892, 170.04671, 204.21353, 162.28191, 129.72337, 158.46539, 160.87337, 154.8813, 190.16684, 151.26088, 218.18129, 145.29907, 112.16908, 141.76073, 144.54552, 138.53308, 175.25978, 135.48943, 204.23669, 124.20434, 127.32397, 121.38261, 159.3622, 118.64143, 189.69202, 115.99499, 218.51602, 105.33981, 108.99016, 102.94468, 142.67902, 100.72408, 174.28133, 98.516701, 204.32747, 83.244423, 124.6967, 81.614243, 158.04274, 79.95195, 189.34413, 78.354889, 219.0331, 62.320313, 105.50751, 61.306988, 140.59236, 60.292496, 173.41789, 59.219749, 204.242, 39.688133, 121.83791, 39.281281, 156.44539, 39.004608, 188.86456, 38.624893, 219.44183, 16.64348, 101.76464, 17.067705, 138.2485, 17.361673, 172.32785, 17.745569, 204.32863;
  236.86761, 70.647667, 236.30331, 103.90877, 235.66953, 136.73723, 234.91681, 169.16118, 220.56873, 86.098785, 220.11372, 119.67741, 219.46228, 152.79732, 218.75955, 185.73972, 204.30418, 67.492012, 203.75803, 102.05355, 203.298, 136.01033, 202.76257, 169.61473, 186.88719, 83.454353, 186.53665, 118.35342, 186.14859, 152.71539, 185.74986, 186.87607, 169.35863, 64.10981, 168.9362, 99.974426, 168.57678, 135.15144, 168.33287, 170.06456, 150.66429, 80.711342, 150.38496, 116.92078, 150.21373, 152.61208, 150.05096, 187.94832, 131.43054, 60.441299, 131.30492, 97.72934, 131.271, 134.34825, 131.11217, 170.50638, 111.30801, 77.670464, 111.41938, 115.3324, 111.39925, 152.45303, 111.4529, 189.27986, 90.614693, 56.612175, 90.751816, 95.448189, 90.740791, 133.49802, 91.008469, 171.09068, 69.093674, 74.548241, 69.367493, 113.65895, 69.768478, 152.18056, 70.119652, 190.4122, 46.620548, 52.457512, 46.958008, 92.872681, 47.400055, 132.52394, 48.003155, 171.66411;
  276.6608, 24.154406, 278.33389, 60.977055, 279.72931, 96.91848, 281.04874, 132.34589, 259.89935, 42.428982, 261.52634, 79.118668, 263.22372, 115.16683, 264.57062, 150.70039, 240.83545, 23.005518, 242.74606, 60.754166, 244.62857, 97.420738, 246.28668, 133.8082, 223.36658, 41.653008, 225.49371, 79.318161, 227.47865, 115.97178, 229.39034, 152.55669, 203.3007, 21.775545, 205.6274, 60.426056, 207.80438, 98.034332, 210.01573, 134.97922, 185.0489, 40.791451, 187.58867, 79.316208, 190.04221, 116.984, 192.36241, 154.20187, 163.83, 20.462912, 166.64775, 60.045967, 169.34311, 98.626785, 171.87177, 136.37218, 144.84125, 39.975746, 147.72908, 79.354362, 150.62741, 117.98787, 153.47723, 156.08879, 122.45636, 19.273458, 125.65212, 59.676575, 128.85637, 99.128403, 131.91835, 137.8831, 102.95694, 39.280411, 106.40438, 79.64296, 109.72822, 119.07214, 112.98174, 157.99295, 79.379845, 18.053291, 83.029045, 59.362133, 86.770187, 99.709679, 90.3078, 139.27788]
