image_Width 640
image_Height 480
board_Width 4
board_Height 11
square_Size 24.8
FixAspectRatio 1
flagValue 14
Camera_Matrix[682.8658968305414, 0, 305.8857816520327;
  0, 685.9558945453983, 265.1689868314242;
  0, 0, 1]
Distortion_Coefficients[-0.4215788386583664;
  0.5262634980807799;
  0;
  0;
  -1.014173884681503]
Avg_Reprojection_Error 0.367528
Per_View_Reprojection_Errors[0.13141569;
  0.13692734;
  0.15127927;
  0.11561366;
  0.16817637;
  0.37958696;
  0.62704021;
  0.20830292;
  0.25373349;
  0.22611819;
  0.31449431;
  0.40860614;
  0.45962733;
  0.71449083;
  0.63256031;
  0.54318517;
  0.32350019;
  0.17009166;
  0.39130974;
  0.456195;
  0.42046118;
  0.14827526;
  0.18177889;
  0.32957494;
  0.24928391]
Extrinsic_Parameters[-0.3519587162438513, 0.06252490536974306, -1.583562930171323, -122.6998952757686, 147.7022313223143, 702.332392763949;
  -0.3630516807155627, 0.06530123141531206, -1.585686475052247, -122.8304215291053, 144.8274381265372, 703.168227284291;
  -0.4087677830956708, 0.1996904089391912, -1.596892010133605, -135.0214292104861, 191.2471037825778, 763.0827085568923;
  -0.09213537726688868, 0.4395372379378641, -1.590227642720144, -55.31012233210784, 116.4898647979796, 793.956980776145;
  0.1613479610071353, -0.1706270278938273, -1.49874163373721, -104.332571828378, 175.8160909879127, 587.2998247389588;
  -0.3046483983527111, 0.1154262965107429, -1.647298131625494, -110.9885284336045, 40.12308485854892, 445.8249195470197;
  0.3095777618572518, 0.3583456442716713, -1.634818042201448, -123.0759234796677, 67.91623251637316, 544.7216290110964;
  0.4002701489027469, -0.1161003487994574, -1.43987737328777, -172.682511248352, 124.5448730945335, 563.053171814607;
  0.1185317719632461, -0.2250031838177197, -1.453845008528483, -139.3555909834265, 115.9333022294898, 537.9345948223722;
  -0.4498700802448857, 0.2512564532564163, -1.622238490293872, -55.50406817494101, 100.9481055227512, 537.2916958877321;
  -0.725802323794201, -0.2360084749811009, -1.548369387378791, -87.70134117832005, 95.64923241609517, 493.259781437858;
  0.1404585193797938, 0.3274399938687856, -1.830500064986112, -135.2084619729862, 171.1431639898675, 653.7399994657739;
  0.1715180179790138, 0.05226456132574443, -1.41394222599885, -256.2727114638917, 30.92701669936441, 607.3839380874268;
  0.3127729830836025, 0.2063048446399005, -1.231145641541115, -200.7968666910082, -59.4294826806202, 618.7850837765509;
  -0.190031911843853, -0.1381149995045431, -2.130742566928266, -25.70150845355606, 24.7423257396475, 594.9529569788845;
  -0.1599022898237273, -0.229356049023727, -2.770046742167644, -3.957406422207222, 75.6059521714337, 686.5131120764038;
  0.1626481845246701, 0.2528725194305292, 2.911347041298619, 59.91841473233703, 66.86575431243354, 717.687569736842;
  0.1692088988681229, 0.3032260218461912, 2.492336468461519, 93.91953468058227, 38.80693883671243, 754.586401561132;
  0.01147038595311949, -0.002424331984618666, 3.110688159559125, 59.0449027155681, 177.5119347375406, 772.817823946297;
  -0.05630450720704874, 0.01223895789590223, -2.27219922459289, -88.14051349382335, 186.7084341224992, 757.0996366572962;
  -0.09496412416345747, 0.04330937127880892, -1.444958890708969, -201.819454043165, 108.6892483976836, 754.5005682133735;
  0.1937503591201055, -0.09239494844890374, -0.8625883374142186, -243.5144726114068, -10.08892842988393, 739.7723513115909;
  0.2747412853221818, -0.2811838542929649, -0.6311496868001342, -207.9545623418584, -62.35940658877369, 726.7006732972385;
  -0.4104313710582684, -0.3323932204836084, -1.042915158489596, -175.8457686262842, 0.387821817917227, 702.8119752961395;
  -0.7008363745714015, -0.2389974588006464, -2.148851431580607, -158.2236348062566, 66.46095917237207, 717.8134450314852]
Image_points[190.14494, 405.2164, 190.3503, 358.6796, 190.75383, 312.39468, 191.92378, 266.65982, 211.53812, 382.21118, 211.66582, 335.17828, 212.36893, 288.55603, 213.69933, 242.59987, 233.45067, 406.26047, 233.51819, 358.54456, 233.77232, 311.16016, 234.59727, 264.30557, 255.94429, 382.50775, 255.99025, 334.28745, 256.42941, 286.612, 256.92261, 239.57576, 279.12994, 407.00412, 279.15201, 358.12955, 279.21112, 309.673, 279.45947, 261.7309, 302.79898, 382.47086, 302.66971, 333.28647, 302.50821, 284.58914, 302.37848, 236.44138, 327.03143, 407.18802, 326.79395, 357.39053, 326.47476, 308.00067, 325.98279, 259.0947, 351.47101, 381.9657, 351.02139, 331.91406, 350.40466, 282.38705, 349.63651, 233.45319, 376.4278, 406.83234, 376.07758, 356.22107, 375.34293, 306.06195, 374.32227, 256.37274, 401.33258, 380.92691, 400.6572, 330.22702, 399.54449, 279.99619, 398.09756, 230.48531, 426.84763, 405.85089, 426.33545, 354.73041, 425.26617, 303.95493, 423.74606, 253.84755;
  190.12065, 402.39017, 190.28766, 355.91296, 190.66505, 309.67242, 191.82173, 264.18561, 211.32858, 379.28305, 211.48799, 332.25174, 212.22353, 285.81955, 213.48289, 240.1396, 233.16272, 403.26465, 233.19951, 355.61816, 233.44078, 308.16223, 234.33662, 261.44699, 255.63249, 379.42462, 255.63078, 331.30734, 255.972, 283.62921, 256.54669, 236.71046, 278.81104, 403.79657, 278.7001, 354.96381, 278.69861, 306.48151, 278.87741, 258.65683, 302.39804, 379.14218, 302.13788, 329.94754, 301.88278, 281.2666, 301.72324, 233.28169, 326.5285, 403.77924, 326.21625, 353.96481, 325.901, 304.50702, 325.30707, 255.70517, 350.94028, 378.45105, 350.44562, 328.33585, 349.80939, 278.84549, 348.77063, 229.90901, 376.00436, 403.20468, 375.46359, 352.5939, 374.62054, 302.39255, 373.49326, 252.74617, 400.76297, 377.19608, 399.94101, 326.41846, 398.68591, 276.19217, 397.22308, 226.82204, 426.47586, 402.05743, 425.64172, 350.72714, 424.47784, 300.05661, 422.84387, 249.9276;
  189.58238, 430.92068, 188.26289, 388.52466, 187.14325, 345.94937, 186.90842, 303.181, 207.20348, 410.36896, 205.85634, 367.25699, 205.19922, 323.83481, 205.21527, 280.35663, 226.59151, 432.70053, 225.33788, 389.12891, 224.31023, 345.19049, 224.04179, 301.09116, 245.48874, 411.4321, 244.31184, 367.0607, 243.53577, 322.30444, 242.91454, 277.52634, 266.26141, 434.22079, 265.22763, 389.3493, 264.13058, 344.17126, 263.4454, 298.80161, 286.50974, 412.16205, 285.46594, 366.53714, 284.43253, 320.5929, 283.45862, 274.40921, 308.40912, 435.41125, 307.36227, 389.25647, 306.23621, 342.86868, 305.10214, 296.12744, 329.88116, 412.50156, 328.70166, 365.56857, 327.51324, 318.42755, 326.19675, 271.14777, 352.67813, 436.00281, 351.75137, 388.79089, 350.50964, 341.22763, 349.09869, 293.3717, 375.11771, 412.24615, 373.96924, 364.38754, 372.68799, 316.11389, 371.14212, 267.75488, 398.97995, 436.09299, 397.96487, 387.92636, 396.81094, 339.27417, 395.29825, 290.49246;
  258.974, 364.72046, 254.64928, 324.40021, 250.29178, 282.77823, 246.28348, 239.64313, 276.54791, 345.56442, 272.42126, 304.15063, 268.51477, 261.1489, 264.90628, 216.81621, 298.42587, 366.74997, 294.80588, 325.57742, 291.03122, 282.96329, 287.58636, 238.69325, 317.23001, 347.06146, 313.85178, 304.71249, 310.48672, 260.83127, 307.11533, 215.46542, 339.82025, 368.66541, 336.93478, 326.63058, 333.90137, 283.07846, 330.77783, 237.85574, 359.92154, 348.50018, 357.31961, 305.3273, 354.54904, 260.48901, 351.48853, 214.24393, 382.72974, 370.26538, 380.70459, 327.42047, 378.39908, 283.10687, 375.73203, 237.16113, 403.91324, 349.59396, 402.11969, 305.66562, 400.01141, 260.16431, 397.46481, 213.08763, 426.74573, 371.55911, 425.59052, 328.19141, 424.06686, 283.11832, 422.07742, 236.425, 448.75925, 350.50388, 447.87097, 305.99832, 446.49527, 259.8382, 444.60522, 212.04756, 471.56485, 372.58771, 471.36572, 328.74301, 470.62994, 283.15741, 469.36243, 235.8078;
  189.91028, 461.45782, 191.76466, 408.22723, 194.25127, 353.14212, 197.32758, 296.52072, 218.23988, 436.12344, 220.69681, 382.24847, 223.73849, 326.58667, 227.15506, 269.86136, 244.26224, 463.02377, 246.91818, 410.44632, 249.85628, 355.98798, 253.12579, 299.99084, 272.6539, 437.61612, 275.72635, 384.3385, 278.9751, 329.56882, 282.49191, 273.5871, 297.76193, 463.72778, 301.18582, 411.83765, 304.62137, 358.25388, 308.04321, 303.21246, 325.74521, 438.21658, 329.39978, 386.01572, 332.97995, 332.15781, 336.70364, 277.13611, 349.37912, 463.43759, 353.45093, 412.67038, 357.37973, 359.98605, 361.19376, 306.06897, 376.68738, 438.00861, 380.90717, 386.8685, 384.87979, 334.27945, 388.50333, 280.51401, 398.6235, 462.37396, 403.31851, 412.70111, 407.51788, 361.35822, 411.36212, 308.68106, 424.76965, 437.2121, 429.53503, 387.28568, 433.63257, 336.04959, 437.17889, 283.62802, 445.21002, 460.54663, 450.47247, 412.20639, 455.10944, 362.32135, 458.71405, 311.06528;
  139.88931, 325.61551, 137.21239, 251.9249, 135.60251, 181.17523, 135.41408, 114.37283, 170.90938, 285.18005, 168.00801, 211.07768, 166.46257, 141.02475, 166.0762, 75.647667, 206.71017, 320.3219, 203.13696, 243.23662, 200.13719, 169.79892, 198.30234, 100.99741, 240.56378, 277.73492, 236.51613, 200.93597, 233.17288, 128.6022, 230.24712, 61.061298, 280.4303, 314.14578, 275.6759, 234.33109, 270.95752, 158.30739, 266.49399, 87.514046, 316.62988, 269.76828, 310.98044, 190.62909, 305.22229, 116.24509, 299.33484, 47.175385, 359.38184, 307.02057, 353.10104, 225.04482, 346.1813, 147.29213, 339.02023, 74.701958, 396.76486, 261.33066, 389.21259, 180.3871, 380.82248, 104.67555, 371.98505, 34.859077, 441.29404, 299.10086, 433.41257, 215.82796, 424.26901, 136.83017, 414.20557, 63.668743, 478.39886, 252.76659, 468.81686, 170.86729, 457.88278, 94.755516, 446.12625, 24.686531, 523.63861, 290.76675, 514.26819, 206.81609, 502.78409, 127.76781, 490.01898, 54.663101;
  155.10666, 349.01746, 143.05484, 294.15652, 131.12634, 235.63051, 120.0273, 173.11414, 178.72737, 319.9787, 167.53419, 262.76117, 156.92293, 201.34084, 146.96904, 136.40071, 214.16214, 345.35965, 204.08069, 289.4053, 194.03459, 229.51822, 184.50758, 165.63029, 240.11037, 315.50491, 231.13179, 257.20737, 222.3403, 194.74358, 213.78859, 128.85184, 275.63467, 341.03845, 267.88934, 284.3783, 260.03796, 223.47954, 252.25468, 158.78043, 303.66605, 310.67407, 297.01611, 251.63383, 290.29739, 188.57625, 283.42352, 122.23414, 338.26215, 336.22244, 332.93402, 279.03595, 327.41074, 217.87944, 321.60327, 152.83731, 367.64697, 305.49438, 363.49493, 246.28117, 358.95844, 183.10551, 353.95724, 116.53704, 400.95889, 330.84271, 398.07153, 273.66528, 394.81552, 212.57777, 391.00464, 147.72589, 430.96072, 300.09427, 429.09689, 241.1201, 426.64194, 178.13277, 423.36115, 112.08066, 462.20868, 325.06863, 461.87061, 268.57336, 460.72232, 207.7612, 458.59821, 143.50356;
  107.41616, 408.88446, 110.13206, 355.45377, 114.12864, 298.87097, 119.46429, 239.33957, 136.67381, 384.06332, 140.73654, 329.49146, 145.8226, 271.76376, 152.15956, 211.45233, 162.64609, 411.41769, 166.84421, 358.68924, 172.02234, 303.00256, 178.01601, 244.2769, 192.26366, 386.57599, 197.58308, 332.90457, 203.72411, 276.22049, 210.59837, 217.05602, 217.1673, 413.14688, 222.73207, 361.42621, 228.90656, 306.73032, 235.75269, 249.37196, 246.80066, 388.43982, 253.32291, 335.89066, 260.25632, 280.48843, 267.85797, 222.84366, 269.95132, 414.11795, 276.67926, 363.48944, 283.84491, 310.08563, 291.51495, 254.289, 299.09256, 389.67792, 306.58923, 338.3461, 314.31531, 284.50299, 322.32401, 228.52708, 320.38052, 414.39224, 328.26019, 364.99399, 336.12521, 313.18484, 344.19669, 259.04999, 348.76172, 390.30005, 357.077, 340.36401, 365.19916, 288.20871, 373.25168, 233.95935, 368.15634, 414.05469, 376.918, 366.19443, 385.33627, 315.82379, 393.54367, 263.35379;
  136.05972, 406.94565, 141.60907, 347.09595, 147.9402, 286.83939, 155.1469, 226.93336, 168.34227, 380.37543, 174.34621, 320.28674, 181.00426, 260.26385, 188.23837, 201.03139, 195.28647, 412.95981, 200.93948, 353.52985, 207.09999, 293.69485, 213.81429, 233.97049, 227.60857, 386.18063, 233.55534, 326.65396, 239.83296, 267.13406, 246.38544, 208.08299, 254.2112, 418.08365, 260.13815, 359.34207, 266.19061, 300.15497, 272.28244, 241.09901, 286.11237, 391.17914, 292.12204, 332.64905, 298.06787, 273.90103, 303.98938, 215.51874, 311.58313, 422.25436, 317.5455, 364.43661, 323.50601, 306.29187, 329.24884, 248.01793, 342.49103, 395.31674, 348.5798, 338.00644, 354.23505, 280.38919, 359.50934, 222.86099, 366.50281, 425.29913, 372.71329, 368.87717, 378.44806, 312.0062, 383.7482, 254.97507, 396.04468, 398.69354, 402.0293, 342.78345, 407.4079, 286.62949, 412.04059, 230.41895, 418.36023, 427.53195, 424.73624, 372.65219, 430.30911, 317.2562, 435.16653, 261.77069;
  236.567, 391.62119, 233.53159, 330.04263, 230.7594, 268.87552, 229.00264, 208.98915, 261.9827, 359.65442, 258.73169, 296.73099, 256.23679, 234.82051, 254.40968, 174.85406, 291.70901, 390.36993, 288.37991, 325.97076, 285.16843, 262.23364, 282.58524, 199.90808, 319.42694, 356.54974, 315.87958, 291.05374, 312.52487, 226.64957, 309.10455, 164.25755, 351.87076, 388.26086, 348.31564, 321.27057, 344.35596, 254.98566, 340.44467, 190.33659, 381.85434, 352.73599, 377.80807, 284.73691, 373.25171, 217.97653, 368.17966, 153.34825, 416.23392, 385.216, 412.39493, 315.83643, 407.74069, 247.25996, 402.1188, 180.35327, 447.85248, 348.086, 443.28827, 277.84192, 437.54697, 209.05409, 430.81259, 142.71179, 483.76459, 381.04721, 479.78928, 309.68256, 474.02347, 239.24707, 467.02042, 170.58968, 516.45673, 342.49719, 511.22668, 270.57193, 504.30823, 200.2482, 495.93427, 132.61852, 553.2243, 375.85599, 548.797, 303.00235, 542.28845, 231.04846, 533.91907, 161.36542;
  188.31943, 395.16898, 196.27933, 336.56174, 204.04208, 282.76749, 212.09148, 234.05342, 221.5739, 362.68674, 228.36522, 305.32437, 235.11655, 253.60228, 242.11319, 207.07823, 249.29007, 390.55655, 255.03281, 329.99957, 260.45636, 274.87747, 266.13199, 225.46593, 284.01608, 356.56134, 288.13651, 297.83344, 292.26886, 245.19626, 296.1015, 197.52298, 315.59534, 385.02017, 318.50613, 322.72974, 320.88068, 266.61014, 323.35596, 216.11061, 350.96555, 349.50186, 351.92975, 289.74353, 352.66809, 236.11501, 353.13736, 187.74167, 385.96075, 378.14581, 385.31079, 314.79102, 384.35281, 257.76013, 383.04294, 206.54707, 420.9967, 341.44818, 418.14612, 281.03003, 415.20282, 226.85921, 412.06174, 178.43396, 458.80893, 370.12091, 454.15457, 306.09491, 449.29678, 248.85335, 444.26584, 197.57692, 492.38013, 332.70117, 485.50909, 272.01859, 478.78406, 218.12247, 471.98566, 170.12535, 532.40332, 360.95639, 523.73328, 296.73434, 514.98688, 239.84743, 506.20795, 189.28966;
  171.328, 437.49353, 152.74402, 394.98843, 133.84282, 349.85278, 114.94974, 301.49899, 184.57927, 411.96622, 166.13869, 367.45755, 147.56537, 319.97455, 128.98433, 269.51633, 216.60153, 428.80463, 198.76445, 384.96469, 180.68181, 338.36768, 162.36649, 288.62006, 231.51529, 402.06854, 214.00461, 356.26077, 196.23422, 307.47141, 178.14841, 255.75862, 264.17508, 418.80728, 247.54501, 373.96719, 230.4254, 326.16702, 212.94038, 275.1843, 280.84158, 391.04858, 264.44748, 344.26657, 247.6682, 294.39478, 230.18747, 241.53641, 313.69876, 408.04224, 298.46591, 362.1709, 282.44092, 313.13129, 265.74832, 261.1669, 331.74826, 379.29413, 316.87686, 331.53372, 301.19809, 280.76642, 284.78592, 226.82617, 364.32462, 396.18793, 350.53598, 349.52515, 336.02652, 299.75772, 320.58185, 246.89153, 383.69016, 366.9516, 370.24667, 318.30737, 355.91724, 266.6813, 340.74857, 211.8261, 415.67065, 383.69986, 403.67749, 336.51279, 390.64679, 286.02448, 376.52637, 232.28596;
  36.589069, 298.14532, 40.688541, 246.04881, 46.415726, 193.29991, 53.980961, 139.85426, 62.6516, 276.21362, 67.691521, 223.44403, 74.524887, 169.85457, 82.991646, 116.26408, 85.023445, 306.34677, 89.741554, 253.79532, 95.862282, 200.28625, 103.62573, 146.32579, 112.39285, 284.20889, 118.11486, 230.94264, 125.30653, 176.89005, 133.70668, 122.65132, 135.52957, 314.61075, 141.0276, 261.64752, 147.742, 207.80844, 155.64177, 153.39932, 164.28061, 292.33609, 170.67998, 238.8665, 178.131, 184.42618, 186.54547, 129.85162, 187.9183, 322.75073, 194.0378, 269.66846, 201.11818, 215.71381, 209.1535, 161.14615, 217.45033, 300.42526, 224.36433, 246.87181, 232.18636, 192.47626, 240.63589, 137.82487, 240.77406, 330.56058, 247.71957, 277.85254, 255.33365, 223.87932, 263.59259, 169.28589, 270.99548, 308.20111, 278.53314, 255.04153, 286.60291, 200.87192, 295.0965, 146.38991, 293.9241, 338.0589, 301.68857, 285.79526, 309.62799, 232.31474, 318.02664, 178.03032;
  94.898918, 202.64619, 106.90157, 153.43346, 120.26752, 102.51978, 135.25578, 49.871262, 124.73473, 185.65225, 137.96748, 135.60437, 152.81473, 83.561073, 169.12956, 30.17021, 142.57658, 217.64355, 155.85101, 168.49007, 170.46776, 117.35342, 186.75819, 64.354446, 173.78194, 200.95381, 188.39528, 150.9595, 204.35645, 98.853943, 221.5762, 45.321918, 191.50429, 233.22101, 206.34093, 184.14488, 222.26216, 133.18752, 239.38304, 80.233833, 223.97765, 216.90356, 240.01122, 167.03557, 257.05365, 115.1038, 275.07324, 61.852924, 241.34663, 248.95235, 257.49896, 200.34373, 274.6387, 149.72998, 292.68112, 97.232445, 274.57321, 233.03401, 291.85233, 183.67345, 309.97791, 132.38574, 328.78766, 79.377686, 291.04749, 264.75662, 308.43039, 216.93088, 326.67587, 166.9664, 345.68002, 115.0262, 324.55881, 249.13329, 343.00839, 200.67824, 362.06149, 150.0959, 381.54129, 97.771187, 340.04944, 280.48358, 358.74738, 233.48474, 377.97186, 184.3624, 397.51636, 133.28928;
  275.89777, 292.58279, 247.4422, 245.76027, 220.05049, 201.1263, 194.26141, 159.1136, 285.42148, 254.17134, 256.83228, 208.52351, 229.58684, 165.57268, 203.77167, 125.29398, 323.94122, 262.91235, 294.50299, 216.43828, 266.06073, 172.31177, 238.85138, 131.18323, 332.86212, 224.68765, 303.36224, 179.69208, 274.99106, 137.4048, 247.62157, 97.675598, 371.87918, 233.04741, 341.47552, 187.26172, 312.0498, 144.04349, 283.50238, 103.46548, 380.00153, 195.36086, 349.5925, 151.21666, 320.07913, 109.70934, 291.48859, 70.716667, 418.47653, 203.81715, 387.52585, 158.88145, 357.21649, 116.47839, 327.53311, 76.663422, 425.53149, 166.96777, 394.56195, 123.70798, 364.21207, 83.098518, 334.65125, 45.103828, 463.27896, 175.41527, 431.88028, 131.49532, 400.91449, 90.166229, 370.54614, 51.348595, 468.99884, 139.67761, 437.72043, 97.482086, 406.70618, 58.135677, 376.46719, 21.123901, 505.8147, 148.3399, 474.23856, 105.3926, 442.97961, 65.198387, 411.99899, 27.671106;
  301.19971, 340.68976, 256.20157, 322.72464, 212.63982, 305.13071, 170.71152, 288.1572, 287.75226, 309.05695, 243.20615, 291.68326, 200.37386, 274.7692, 159.28676, 258.80606, 319.38983, 295.21979, 274.25092, 277.87646, 230.60107, 261.21347, 188.43846, 245.37482, 305.54532, 264.16287, 261.18863, 247.43953, 218.11928, 231.64276, 176.78023, 216.59628, 337.00339, 249.96828, 292.02036, 233.52296, 248.44496, 217.76428, 206.13728, 202.76817, 323.00266, 219.6604, 278.80026, 203.87926, 235.85616, 188.93826, 194.23289, 174.76653, 353.81335, 205.76366, 309.14304, 190.11566, 265.64661, 175.30327, 223.44516, 161.15965, 339.56079, 176.41928, 295.70084, 161.48972, 252.97789, 147.59468, 211.41234, 134.49437, 369.68539, 163.05, 325.39548, 148.23901, 282.33096, 134.24745, 240.34769, 121.1276, 355.1521, 134.90997, 311.61536, 120.92181, 269.44241, 107.93617, 228.26591, 95.904579, 384.64069, 122.12026, 340.9386, 107.92911, 298.31931, 94.892555, 256.75745, 82.779083;
  362.34677, 329.17773, 316.65228, 338.89038, 271.52689, 348.20993, 227.53041, 357.04065, 334.78064, 311.25461, 289.52777, 320.93011, 245.19618, 330.35672, 202.04694, 339.39386, 352.90005, 283.53525, 307.59058, 293.55896, 262.99445, 303.36008, 219.45868, 312.79483, 325.40784, 266.0867, 280.74338, 276.16669, 236.9895, 286.01401, 194.16617, 295.55685, 343.22247, 238.6044, 298.47119, 248.85384, 254.54633, 259.00793, 211.48347, 269.00122, 315.9855, 221.87906, 272.03415, 232.17485, 228.83827, 242.35579, 186.52176, 252.50937, 333.40118, 195.08788, 289.43671, 205.42181, 246.2086, 215.98114, 203.79774, 226.32632, 306.6188, 179.1732, 263.41971, 189.6786, 220.99742, 200.19019, 179.46565, 210.83125, 323.57101, 153.2877, 280.52454, 163.85019, 238.1516, 174.52548, 196.60246, 185.23181, 297.39117, 138.47296, 255.11263, 149.07034, 213.67934, 159.91275, 173.03601, 170.91624, 313.96259, 113.58728, 271.80182, 124.02036, 230.50537, 134.87289, 189.94023, 145.97083;
  390.36398, 300.35352, 354.31396, 326.74973, 318.38748, 352.67303, 282.97604, 378.03433, 359.49011, 295.87381, 323.78571, 321.95795, 288.38763, 347.67276, 253.66682, 372.76474, 364.54108, 265.16934, 329.01242, 291.43588, 293.76312, 317.26437, 259.07056, 342.69083, 334.16315, 261.03549, 299.08304, 286.98715, 264.45627, 312.59915, 230.30075, 337.78391, 339.22479, 230.87253, 304.25201, 256.83041, 269.74445, 282.51227, 235.67059, 307.93967, 309.39465, 227.11238, 274.99261, 252.81255, 241.06984, 278.19128, 207.52383, 303.3772, 314.48047, 197.87558, 280.24356, 223.43103, 246.47647, 248.85812, 213.08282, 274.10187, 285.49756, 194.63164, 251.75548, 219.89996, 218.63634, 245.13419, 185.94879, 270.08487, 290.62579, 166.38849, 257.20172, 191.50539, 224.17712, 216.67854, 191.66954, 241.61588, 262.55289, 163.66187, 229.66054, 188.53267, 197.35558, 213.46777, 165.65698, 238.25772, 267.80591, 136.39729, 235.04726, 160.9967, 202.95348, 185.73029, 171.3967, 210.53032;
  357.90268, 419.0239, 314.52231, 420.55478, 271.54514, 421.5791, 229.1387, 422.07199, 335.33505, 398.97482, 291.97934, 400.40378, 249.08624, 401.19385, 206.85831, 401.60986, 356.53247, 377.09204, 312.80783, 378.61533, 269.504, 379.80286, 226.71999, 380.51367, 333.89172, 356.63092, 290.07913, 357.95517, 246.93845, 358.91357, 204.30801, 359.55539, 355.29282, 334.09793, 311.11917, 335.55203, 267.60004, 336.7822, 224.51526, 337.82901, 332.52335, 313.17282, 288.57275, 314.5163, 245.13988, 315.65131, 202.21033, 316.74847, 353.97522, 290.69666, 309.85202, 292.00708, 266.09207, 293.27838, 222.86194, 294.57819, 331.27518, 269.36011, 287.32001, 270.68079, 243.88942, 272.05411, 200.79353, 273.37619, 352.92703, 246.85541, 308.79071, 248.26656, 264.90479, 249.60852, 221.78508, 251.00403, 330.28287, 225.74379, 286.40195, 227.09673, 242.8876, 228.52881, 200.13733, 230.12773, 351.99026, 203.30734, 307.79309, 204.50281, 264.33105, 205.92686, 221.18629, 207.79945;
  229.96048, 430.15472, 201.05046, 396.8313, 172.81831, 363.12286, 145.6042, 329.01202, 231.32762, 400.09637, 202.49806, 366.34485, 174.58615, 332.28516, 147.69583, 298.12067, 261.94669, 403.28088, 232.81654, 369.564, 204.34511, 335.58368, 176.77583, 301.30981, 263.68497, 372.66241, 234.76338, 338.60947, 206.4903, 304.3403, 179.06424, 269.96982, 295.0094, 375.58478, 265.81461, 341.46225, 237.16975, 307.17392, 209.1749, 272.88589, 297.14163, 344.33487, 268.13364, 310.11575, 239.72443, 275.78735, 211.87898, 241.33438, 328.80243, 347.11594, 299.49829, 312.86743, 270.7276, 278.52628, 242.44765, 244.10129, 331.27719, 315.57092, 302.20654, 281.21902, 273.56503, 246.85051, 245.45338, 212.63974, 362.94858, 318.30167, 333.79602, 284.02502, 304.99442, 249.74496, 276.51517, 215.42168, 365.45245, 286.81509, 336.54749, 252.48154, 307.93134, 218.27475, 279.69705, 184.25566, 397.20898, 289.5647, 368.25476, 255.21812, 339.49368, 220.94583, 311.04031, 187.06885;
  130.02843, 361.25348, 134.26106, 317.90045, 139.26715, 274.19312, 145.36836, 230.0963, 152.20749, 342.9942, 156.8017, 298.95529, 162.44679, 254.78625, 169.09238, 210.60133, 170.6046, 368.12839, 174.97148, 324.17615, 180.19786, 279.81689, 186.36115, 235.32162, 193.71091, 349.49844, 198.5392, 305.09064, 204.26154, 260.31537, 210.69843, 215.46074, 212.85355, 374.76654, 217.58057, 330.513, 222.92273, 285.70566, 228.96997, 240.66269, 236.89384, 355.8573, 241.95273, 311.1311, 247.65793, 266.04477, 253.9362, 220.72629, 256.38599, 381.20825, 261.41147, 336.65466, 266.91702, 291.51877, 272.81796, 246.14012, 281.08276, 362.01938, 286.44565, 317.11441, 292.168, 271.77417, 298.30417, 226.1443, 300.87888, 387.27316, 306.11908, 342.59204, 311.66635, 297.43909, 317.6604, 251.80865, 325.96713, 367.91415, 331.43558, 322.85864, 337.29462, 277.5014, 343.29562, 231.84462, 345.85367, 393.02975, 351.34988, 348.34155, 357.06024, 303.14871, 362.95435, 257.60645;
  90.337357, 256.31717, 117.32569, 222.34171, 145.21086, 188.18613, 173.93228, 153.84242, 120.22353, 253.45599, 147.65265, 219.43463, 176.10638, 185.19342, 205.26024, 150.98795, 123.38703, 284.21661, 150.43825, 250.38687, 178.44206, 216.46977, 207.21866, 182.28362, 153.48068, 281.24255, 181.08264, 247.59668, 209.44637, 213.71184, 238.461, 179.59239, 156.716, 311.85541, 183.99579, 278.5303, 211.94829, 244.91219, 240.5733, 210.97537, 187.02153, 308.96454, 214.6145, 275.74591, 242.83844, 242.12, 271.64148, 208.23476, 190.18805, 338.97626, 217.46138, 306.08597, 245.34888, 272.89597, 273.73318, 239.39978, 220.4248, 336.08655, 247.99428, 303.31155, 275.99939, 270.13226, 304.58359, 236.54033, 223.38683, 365.35028, 250.62236, 333.1218, 278.34903, 300.45981, 306.55411, 267.224, 253.38992, 362.28897, 280.72455, 330.10852, 308.4841, 297.35681, 336.58484, 264.37155, 256.15054, 390.81271, 283.22263, 359.31946, 310.77786, 327.13461, 338.34375, 294.38922;
  117.11272, 208.35625, 152.70467, 181.03204, 188.28041, 154.55469, 223.48294, 128.92567, 147.78981, 212.32712, 183.22269, 185.43765, 218.22237, 159.26929, 252.73787, 134.02089, 143.06729, 243.53728, 178.22508, 216.34917, 213.10811, 189.76797, 247.5016, 163.95851, 173.48112, 247.1763, 208.22328, 220.41823, 242.57007, 194.15538, 276.51587, 168.70126, 169.04143, 278.02347, 203.52879, 251.01306, 237.77231, 224.55141, 271.43509, 198.65154, 198.97096, 281.31656, 232.9749, 254.68744, 266.55527, 228.5367, 299.84952, 202.96225, 194.5943, 311.35901, 228.38762, 284.59497, 261.76025, 258.31784, 294.83749, 232.42458, 223.93974, 314.22308, 257.13184, 287.87479, 289.92078, 261.8306, 322.41046, 236.25539, 219.52856, 343.29819, 252.52426, 316.93124, 285.10315, 290.90469, 317.33533, 265.14697, 248.04623, 345.59061, 280.43674, 319.56644, 312.29398, 293.7934, 343.77585, 268.34927, 243.66068, 373.67538, 275.88577, 347.85785, 307.5343, 322.15414, 338.69855, 296.56705;
  139.20912, 265.52029, 164.82428, 230.52841, 189.21449, 197.51811, 212.61357, 166.94862, 171.18207, 257.88577, 196.05643, 223.09114, 219.70326, 190.72408, 242.23911, 160.77269, 177.9964, 286.64127, 203.20717, 250.30785, 227.14847, 216.09459, 249.81857, 184.45622, 210.78862, 278.6774, 235.09824, 242.78644, 258.03995, 209.29248, 279.75073, 177.81911, 218.82616, 308.69138, 243.55229, 271.05997, 266.82327, 235.68024, 288.67154, 202.66237, 252.20546, 300.61276, 275.8884, 263.50208, 297.96286, 228.60567, 318.76108, 195.73906, 261.21384, 331.55588, 285.20285, 292.63843, 307.55774, 256.02878, 328.59424, 221.55127, 294.80804, 323.09473, 317.6741, 284.78131, 338.88416, 248.63474, 358.49164, 214.55623, 304.755, 354.7688, 327.81366, 314.74084, 349.28064, 276.96039, 369.2149, 241.43462, 338.33865, 345.81027, 360.0827, 306.4382, 380.09021, 269.23123, 398.57452, 234.44212, 348.88388, 378.12354, 371.10754, 337.0054, 391.37506, 298.28674, 409.96234, 261.88358;
  158.46617, 327.03677, 142.74309, 294.76892, 128.28128, 265.0347, 115.62106, 237.9127, 166.89081, 296.7305, 151.01573, 266.01538, 136.93512, 237.89868, 124.29951, 212.1859, 192.52707, 298.5972, 175.2253, 267.08191, 159.42238, 238.05864, 145.5909, 211.66556, 200.83247, 268.16406, 183.56207, 238.33868, 167.9709, 211.04298, 153.63405, 185.97328, 228.02399, 269.20798, 209.11676, 238.55746, 191.98349, 210.37305, 176.23643, 184.70383, 236.24356, 238.79645, 217.25194, 210.00079, 199.90094, 183.47531, 183.93709, 159.18219, 264.63129, 239.29163, 243.99141, 209.51881, 225.13231, 182.39003, 207.72678, 157.48647, 272.25418, 209.06122, 251.62811, 181.29535, 232.59793, 155.73784, 215.09286, 132.56241, 301.82324, 208.90161, 279.49078, 180.25337, 258.83038, 154.22406, 239.94368, 130.45201, 308.63232, 179.32159, 286.24216, 152.60783, 265.75574, 128.50264, 247.04668, 106.313, 339.2327, 178.65581, 314.98886, 150.98193, 292.90796, 126.27336, 272.72134, 103.93088]
