image_Width 1280
image_Height 720
board_Width 4
board_Height 11
square_Size 24.8
Camera_Matrix[992.7728051677242, 0, 648.1728081372497;
  0, 996.2312015697762, 339.8862267594712;
  0, 0, 1]
Distortion_Coefficients[0.008942394257440157;
  -0.02217709486292039;
  0;
  0;
  -0.01329890841623733]
Avg_Reprojection_Error 0.27239
Per_View_Reprojection_Errors[0.19454944;
  0.24089746;
  0.23711394;
  0.21864547;
  0.2532562;
  0.20761055;
  0.26430967;
  0.20758048;
  0.20286824;
  0.39864498;
  0.24292481;
  0.25348449;
  0.47740111;
  0.38425988;
  0.23045005;
  0.30568787;
  0.24317883;
  0.24741845;
  0.21893424;
  0.18699694;
  0.23911473;
  0.37323371;
  0.34621087;
  0.19510883;
  0.17799768]
Extrinsic_Parameters[-0.03039011539064406, -0.0236668376910175, 1.586313696517121, 106.948404545582, -74.10080409102631, 726.5658018196881;
  0.04256801543954655, -0.1181979946997325, 1.548588040475282, -47.10689189422953, -112.1094326771268, 867.1696123900849;
  0.2591303957984903, 0.1005155979546062, 1.740242116356449, 179.9597928217776, -110.0936110292744, 1081.669813585083;
  -0.5485921051492175, -0.63766364235122, 1.268230397076788, -254.1456236178378, -206.9862274981848, 1015.39676889458;
  -0.165329835404009, -0.249187818434859, 1.559183778671673, -253.996371215761, -11.85922721013061, 921.1129715449056;
  -0.2859021781308963, 0.2707112056229586, 1.521679754253322, -130.0957546056556, 61.79950549947963, 991.7725485284801;
  0.05893501526219535, 0.2812846368991451, 1.750642988122298, 388.7165283863549, 89.59215320432575, 1056.851553201078;
  0.3076133958955718, -0.03604337188648687, 1.511201532121734, 471.5861129197213, -159.9763281933417, 1028.090526216881;
  0.1852854495051117, 0.3669079800715246, 1.61929303246841, 662.0810072880732, -340.9826346728007, 1302.264140134322;
  -0.2145703631798489, -0.184365931780295, 0.8258906055462688, -153.9855527513658, -66.07688552064826, 938.8751804798707;
  -0.3395255265047712, 0.03117529851961087, 1.250957208243146, -160.3413696844444, -140.0200906070427, 1009.814506806306;
  -0.3792249776874723, -0.01925800307624382, 1.727276099880438, -155.4005926658616, -69.46909692139747, 999.2462422931346;
  -0.3786251942483119, -0.5561425928986834, 1.74391695511747, -192.6119914147859, -99.12907636282169, 907.9556482995899;
  -0.1252300499948856, -0.4557774470824852, 1.536476199816525, -174.8889223315461, -275.8944519758605, 920.4794126029382;
  0.02409681702852494, -0.1615717088840345, 1.757104474502973, -175.1607656850415, -91.48305250058964, 881.5623210512016;
  -0.3232729691347214, -0.1798371049220482, 1.647357257509242, -223.7710112359068, -44.00824297838327, 924.2488099452294;
  -0.6579651968800274, -0.132145842056625, 1.34604063168131, -182.9176639397325, 38.81103881909604, 963.3637203178822;
  -0.3992041822643445, -0.04111349039557612, 1.378822981938955, 72.02899895545099, 127.5651550097099, 975.8578294951631;
  0.01619377703617048, -0.5037775229635774, 1.756429121830593, 134.1900012956564, -19.52312515015268, 1077.958310108704;
  -0.4434895403859044, -0.1688309357007789, 1.374206538248382, -59.77040889773297, -93.64822865336826, 809.9340989251067;
  -0.2959086747991573, -0.0539649303735392, 1.437168703780732, -6.39791015474441, -97.64500599428872, 723.1698240409226;
  -0.1797462699128877, 0.008390312318693515, 1.477390708509921, 17.68937426931285, -93.11395419336627, 674.8210909652016;
  0.2337312264043907, 0.3835253253641687, 1.683988024391043, 100.1154774062475, -77.41981953368016, 586.3507949875212;
  -0.02455858549366502, 0.02004731489607697, 1.473985648977918, -112.1936298443551, -107.8999155752957, 938.3020912871889;
  0.04626078598751388, 0.07215847619142164, 1.509968270407314, -98.68579212057028, -118.365179589656, 976.5990677479159]
Image_points[794.38336, 238.52802, 793.57062, 306.30228, 792.50134, 374.17245, 791.45355, 442.11884, 759.99969, 271.88995, 759.0816, 339.82571, 758.10278, 407.6868, 757.00909, 475.93332, 726.95337, 237.11296, 725.86066, 305.27054, 724.68475, 373.32193, 723.82831, 441.40964, 692.41504, 270.63943, 691.48254, 338.78384, 690.29822, 406.80768, 689.34045, 475.35986, 659.0174, 235.81746, 657.9173, 304.01593, 656.8006, 372.20328, 655.80444, 440.59113, 624.42828, 269.384, 623.17706, 337.50519, 622.22308, 405.8595, 621.13422, 474.65741, 590.62195, 234.38649, 589.57452, 302.9436, 588.6286, 371.28943, 587.53192, 439.67706, 555.81262, 268.05853, 554.64362, 336.56238, 553.63043, 404.9823, 552.59265, 473.78973, 521.9826, 233.07317, 520.88055, 301.75055, 519.81213, 370.16467, 518.70605, 438.82272, 487.17206, 266.80441, 485.98889, 335.44415, 485.07208, 404.01932, 483.80807, 472.95517, 453.16443, 231.6906, 452.25858, 300.63144, 451.04163, 369.11542, 449.80377, 438.03134;
  594.64105, 210.77483, 595.82843, 268.14276, 597.07458, 324.52805, 598.44818, 380.5874, 566.68048, 240.22801, 568.0285, 297.09116, 569.41156, 353.02182, 570.91132, 408.64844, 537.23688, 211.92604, 539.02515, 269.25177, 540.5498, 325.70129, 542.24109, 381.72906, 509.55429, 241.53738, 511.58206, 298.23962, 513.12952, 354.35101, 514.84644, 410.2926, 479.86505, 213.03659, 481.9212, 270.59293, 483.92273, 326.96887, 485.79755, 383.07318, 452.21085, 242.48827, 454.43176, 299.51135, 456.36917, 355.77472, 458.37466, 411.74341, 422.10364, 214.08986, 424.41309, 271.40463, 426.88763, 328.27115, 428.98206, 384.39502, 394.25067, 243.57529, 396.75327, 300.6449, 399.24545, 357.04599, 401.80713, 413.16873, 364.08636, 215.18401, 366.80371, 272.78967, 369.37582, 329.65845, 372.04831, 385.86185, 336.6095, 244.55772, 339.17819, 301.7363, 342.06998, 358.52237, 344.8949, 414.37781, 306.16916, 216.23978, 308.8219, 273.94879, 312.02472, 330.95123, 315.00729, 387.04956;
  814.01672, 238.22406, 805.03662, 283.76175, 796.9989, 328.00482, 788.65479, 372.01276, 786.95612, 257.11398, 778.66345, 301.98465, 770.44611, 345.96103, 762.30408, 389.47043, 768.75812, 230.91277, 760.60754, 275.63956, 752.53204, 319.98602, 744.72229, 363.47055, 742.76874, 249.63478, 734.65338, 293.7775, 726.565, 337.62283, 719.16718, 380.81424, 724.58832, 223.59402, 716.95374, 268.05841, 708.96216, 311.82025, 701.6944, 355.01013, 698.99786, 242.15779, 691.47217, 285.97183, 683.9895, 329.41647, 676.43097, 372.42932, 681.34589, 216.46213, 673.70947, 260.50439, 666.44073, 303.99951, 659.17072, 346.91525, 656.4032, 235.14578, 649.00238, 278.37442, 641.8963, 321.3829, 634.91943, 363.84479, 638.97711, 209.32544, 631.65619, 253.2123, 624.68317, 296.14908, 617.82043, 338.37439, 614.4245, 228.01349, 607.5, 271, 600.62073, 313.4989, 594.32178, 355.6326, 597.42175, 202.58432, 590.84515, 245.86879, 583.89404, 288.70013, 577.28693, 330.60333;
  399.24472, 136.9966, 409.33817, 185.33107, 419.3703, 232.96877, 428.98782, 280.47192, 382.97623, 163.26888, 393.56979, 212.39546, 403.62277, 260.38458, 413.49622, 308.47458, 356.00601, 140.55836, 366.60428, 190.68109, 377.33688, 240.08768, 387.60526, 288.8045, 338.85202, 168.09149, 349.90308, 218.94067, 360.6636, 268.45349, 371.13995, 318.12164, 309.85968, 144.42355, 321.03711, 196.48137, 332.1702, 247.69135, 343.28705, 298.31036, 291.18875, 173.26804, 302.7623, 225.65117, 314.05637, 277.29633, 325.50012, 328.5477, 260.13858, 148.62056, 272.02167, 202.73677, 283.82397, 255.79036, 295.41656, 308.08203, 239.74689, 178.85997, 251.95738, 233.00298, 264.08777, 286.75281, 276.1311, 340.01572, 206.23938, 153.4043, 218.92772, 209.63979, 231.58664, 264.6445, 243.97971, 318.99838, 184.36121, 184.60297, 197.4715, 241.13397, 210.39426, 297.0029, 223.01695, 352.04169, 147.98358, 158.51639, 161.77715, 216.88588, 175.23949, 274.00568, 188.45009, 330.68533;
  373.94302, 327.33224, 374.62494, 380.59079, 374.87872, 433.80313, 375.86493, 486.14389, 346.3421, 354.49832, 347.07455, 407.93167, 347.63586, 461.1138, 348.38135, 514.48199, 317.82892, 327.63199, 318.52902, 381.62643, 319.42603, 435.2999, 319.99374, 489.07864, 289.55597, 355.08136, 290.34671, 409.26541, 291.15808, 463.42935, 291.88031, 517.67499, 259.87225, 327.70325, 260.80606, 382.85202, 261.68829, 437.16708, 262.39859, 491.71207, 230.95624, 355.70181, 231.85878, 410.79678, 232.76445, 465.5347, 233.65269, 520.62457, 200.21544, 327.88132, 201.37975, 383.63547, 202.51262, 439.04132, 203.50487, 494.41791, 170.30571, 356.11694, 171.63826, 412.00021, 172.79912, 467.94147, 173.95441, 523.78369, 138.88579, 328.02151, 140.17384, 384.71326, 141.41179, 440.92349, 142.88196, 497.18835, 108.49353, 356.65756, 109.89267, 413.48553, 111.16747, 470.15463, 112.5625, 526.96783, 76.194939, 328.22961, 77.791893, 385.85037, 79.014458, 442.71802, 80.535561, 499.85205;
  517.81555, 401.97559, 517.07642, 450.34427, 516.84943, 500.83755, 515.9552, 553.36957, 492.401, 426.88589, 491.142, 476.33112, 490.09076, 527.42114, 489.02588, 581.4104, 467.99332, 403.63693, 466.51495, 452.14401, 464.90805, 502.36154, 463.44495, 555.03992, 442.29788, 428.55569, 440.22247, 478.04315, 438.09573, 529.37476, 435.73785, 582.9187, 418.09473, 405.06689, 415.94794, 453.73343, 413.25317, 504.17188, 410.45993, 556.68774, 391.84167, 430.01968, 388.81033, 479.47186, 385.73071, 530.89325, 382.53265, 584.50714, 368.14166, 406.608, 365.03091, 455.24564, 361.42657, 505.7475, 357.54645, 558.29181, 341.14572, 431.43665, 337.43982, 480.99792, 333.39728, 532.49512, 329.13199, 586.35913, 318.02844, 407.9476, 313.97791, 456.74609, 309.43857, 507.29092, 304.92477, 560.0498, 290.82275, 432.88766, 286.06467, 482.67258, 281.23273, 534.18323, 276.05472, 587.93018, 268.3425, 409.50421, 262.87411, 458.60535, 257.81573, 509.00058, 252.41823, 561.5332;
  1013.4085, 424.20593, 1006.2238, 470.82031, 998.70374, 517.50323, 990.94781, 564.81677, 985.5683, 442.93466, 978.25653, 489.27246, 970.49878, 535.99158, 962.75458, 583.48883, 965.34253, 415.24927, 957.7002, 461.28186, 950.31573, 507.52069, 942.59528, 554.45538, 937.82617, 433.87045, 930.36719, 479.60345, 922.45331, 525.8678, 914.6272, 572.83936, 918.15063, 406.90256, 910.50787, 452.16446, 902.86359, 497.77969, 894.93542, 544.091, 891.15576, 424.99866, 883.33679, 470.28647, 875.63629, 515.97021, 867.672, 562.45197, 871.96222, 398.1188, 864.18884, 443.15936, 856.34723, 488.22482, 848.31677, 533.60376, 845.09161, 416.17676, 837.41901, 460.92731, 829.35889, 506.28067, 821.33026, 552.08319, 826.8974, 390.06381, 819.12665, 434.21756, 810.80109, 478.94046, 802.73053, 524.1087, 800.73724, 407.82803, 792.61908, 452.15939, 784.4917, 496.48019, 776.1441, 542.29828, 782.65796, 381.75381, 774.82141, 425.55862, 766.45325, 469.92731, 758.17188, 514.5083;
  1103.5504, 185.02866, 1102.3701, 232.90475, 1100.9784, 279.83261, 1099.5873, 325.51273, 1077.8052, 210.36661, 1076.7173, 257.32693, 1075.5703, 303.55804, 1074.5359, 349.05243, 1053.2549, 187.50159, 1052.3635, 235.07503, 1051.5677, 281.50555, 1050.6478, 327.08237, 1028.0818, 212.70291, 1027.3728, 259.40237, 1026.6688, 305.17255, 1026.3188, 350.43091, 1003.6484, 190.22054, 1003.2723, 236.97287, 1002.7184, 283.25912, 1002.3403, 328.67514, 979.13, 215.03093, 978.64111, 261.32587, 978.49194, 306.92249, 978.28113, 351.95953, 954.60382, 192.58339, 954.69922, 239.46288, 954.729, 284.90805, 954.59448, 330.20734, 930.52374, 217.39536, 930.8609, 263.52072, 931.03546, 308.56427, 931.15039, 352.78012, 906.45898, 195.43808, 906.85553, 241.68407, 907.25641, 286.69592, 907.84088, 331.48288, 883.05139, 219.76648, 883.45642, 265.24557, 884.25922, 309.98486, 885.02112, 354.27698, 859.07159, 197.85936, 859.90662, 243.58458, 860.81897, 288.51706, 861.95819, 332.67664;
  1153.0006, 79.015656, 1151.7463, 115.71487, 1150.5895, 152.54996, 1149.4148, 190.28636, 1131.084, 98.014084, 1130.1871, 134.64827, 1128.7743, 171.50325, 1127.2797, 209.00255, 1111.2584, 80.667679, 1110.2277, 116.56372, 1108.7659, 153.19704, 1107.4757, 190.5237, 1090.3163, 99.304764, 1089.0172, 135.50256, 1087.4506, 172.00012, 1085.8933, 208.94418, 1071.0461, 82.061485, 1069.5369, 117.94646, 1068.0043, 153.97205, 1066.3463, 190.60123, 1050.4281, 100.70676, 1048.845, 136.24826, 1047.1526, 172.2283, 1045.4077, 208.8042, 1031.6808, 83.69001, 1030.1486, 119.02759, 1028.3899, 154.48065, 1026.3594, 190.51137, 1011.3913, 101.99212, 1009.5219, 137.13145, 1007.7511, 172.74672, 1006.0234, 208.80418, 993.45233, 84.961868, 991.58502, 120.05045, 989.27747, 155.13028, 987.6427, 190.82928, 973.5014, 103.17552, 971.66663, 137.92181, 969.51978, 173.09599, 967.63678, 208.74124, 955.97217, 86.963699, 953.89642, 120.92828, 951.97089, 155.95738, 949.83594, 190.89627;
  485.30005, 269.96851, 520.99524, 309.16183, 556.00745, 348.26941, 590.73016, 386.66592, 483.43738, 306.81351, 519.31622, 346.03665, 554.43811, 385.05341, 589.21356, 423.57956, 445.28766, 304.10294, 481.6337, 343.86389, 517.41516, 383.06021, 552.77673, 422.03778, 443.19089, 341.61636, 479.77631, 381.14706, 515.5708, 420.4166, 551.43732, 459.35321, 404.20459, 339.2692, 441.34512, 379.44507, 477.57718, 418.64371, 513.99207, 458.18985, 401.9415, 377.51727, 439.01453, 417.37897, 475.85437, 456.81824, 512.33978, 496.28952, 361.75507, 375.3761, 399.66064, 416.00568, 436.90662, 455.84418, 473.82593, 495.31659, 359.33524, 414.36868, 397.14011, 454.72012, 434.66376, 494.56094, 472.00467, 534.4408, 318.10236, 412.64664, 356.8063, 453.3252, 394.89877, 493.82452, 432.52164, 533.59497, 315.47592, 452.15671, 354.23553, 492.89343, 392.45596, 533.23254, 430.48883, 573.1217, 273.35751, 450.72522, 312.77457, 492.10916, 351.56491, 532.73804, 390.1174, 572.90771;
  490.28659, 201.38626, 504.5, 245.84067, 519.12195, 290.94446, 533.85687, 337.53729, 473.44693, 229.8725, 487.85815, 274.63489, 501.95886, 320.789, 516.80261, 368.18881, 442.36169, 213.51088, 456.58408, 258.30093, 470.69302, 304.42703, 485.14655, 351.42661, 424.90378, 242.05743, 438.94138, 287.66129, 453.18741, 334.46991, 467.63858, 382.38516, 393.57932, 225.60036, 407.17584, 271.38202, 421.08478, 317.67792, 435.03778, 365.30258, 375.20117, 254.69022, 389.04239, 301.00104, 402.36661, 348.32397, 416.31589, 397.05621, 343.06619, 237.85004, 356.58194, 284.28955, 370.08841, 331.3812, 383.6521, 379.79633, 324.12704, 267.55573, 337.37766, 314.61502, 350.71085, 362.61957, 363.96378, 412.18604, 291.51053, 250.77708, 304.70157, 297.73792, 317.53207, 345.60974, 330.89099, 394.59109, 271.82568, 280.80847, 284.67288, 328.51733, 297.41977, 377.27625, 310.23029, 427.41312, 238.82301, 263.92554, 251.20895, 311.47079, 263.99762, 359.96179, 276.64542, 409.84894;
  493.53342, 270.47, 484.90921, 317.88385, 475.98401, 366.05051, 466.02798, 416.00668, 464.71271, 288.9165, 455.28159, 337.15173, 445.53424, 386.1918, 435.27051, 437.0152, 444.34274, 259.89557, 434.92099, 307.58389, 425.12573, 356.33963, 414.58746, 406.6705, 414.32422, 278.56003, 404.55298, 326.90652, 393.94705, 376.41974, 383.15799, 427.6983, 393.92465, 249.3175, 383.7421, 297.32065, 373.13467, 346.54764, 362.0752, 396.97522, 363.03867, 267.55597, 352.18506, 316.52585, 341.14487, 366.65881, 329.22742, 417.98499, 342.17075, 237.88434, 331.23087, 286.56531, 319.91696, 336.03113, 308.03381, 387.11627, 310.08527, 256.58313, 298.629, 305.82471, 286.82318, 356.38626, 274.21014, 408.43396, 289.05307, 226.71758, 277.37805, 275.78, 265.32037, 325.71927, 252.77243, 377.1633, 256.20926, 245.54895, 243.99936, 295.02243, 231.3799, 346.00842, 217.942, 398.39636, 234.80405, 215.46585, 222.48372, 264.76175, 209.43398, 315.14856, 196.40111, 366.91321;
  436.9003, 231.35027, 424.71207, 283.77466, 412.68689, 336.33096, 400.56552, 388.61444, 405.14426, 251.41724, 392.80551, 304.65796, 380.44296, 357.88522, 367.97137, 411.23792, 385.11923, 218.0526, 372.44165, 272.06189, 359.75534, 326.30789, 347.31113, 380.46173, 351.62738, 238.49413, 338.56485, 293.41837, 325.96112, 348.36523, 313.28616, 403.87805, 329.97583, 203.62503, 316.70267, 259.71307, 303.60532, 315.32495, 290.71533, 371.60574, 294.17725, 224.58379, 280.90555, 281.62045, 267.62704, 338.24936, 254.53697, 395.5416, 271.06915, 188.48726, 257.25677, 246.41772, 243.68248, 304.20535, 230.45058, 362.02435, 232.93571, 209.93646, 219.02197, 268.57224, 205.36522, 327.43936, 191.55042, 386.65442, 208.07054, 171.93167, 193.81204, 232.03467, 179.77223, 291.80502, 166.0338, 351.75705, 167.82915, 194.10316, 153.46803, 254.93213, 139.32939, 315.70828, 125.0777, 376.9469, 140.94534, 154.6588, 126.19427, 216.71346, 111.74084, 278.65302, 97.415474, 340.75983;
  459.15396, 40.994923, 460.01349, 96.56868, 460.51276, 150.61061, 460.72177, 203.69278, 432.63309, 67.648422, 433.39267, 123.08425, 434.26089, 176.86928, 434.6803, 229.85497, 404.50485, 37.453609, 405.67157, 94.269432, 406.71375, 149.48465, 408.19525, 203.48592, 377.14551, 64.565559, 378.82556, 121.07583, 380.05893, 176.06638, 381.59592, 230.27246, 347.68082, 33.833939, 349.54413, 91.900536, 351.37524, 148.04712, 353.08633, 203.00888, 319.47931, 61.421291, 321.72394, 119.26449, 323.9201, 175.37178, 326.16547, 230.53746, 288.61667, 30.268219, 291.17377, 89.431511, 293.58124, 146.51286, 296.44751, 202.89529, 259.31787, 58.394615, 262.36377, 117.20976, 265.44226, 174.67386, 268.60858, 230.70996, 227.0042, 26.602053, 230.22656, 86.660789, 233.82217, 145.31819, 237.03065, 202.60724, 197.26024, 55.135826, 201.0687, 115.30006, 204.95819, 173.74496, 208.8968, 230.92445, 163.16696, 22.694946, 167.42168, 84.082962, 171.55855, 143.99536, 175.77853, 202.427;
  450.90002, 236.45738, 441.16214, 291.53915, 431.61542, 345.83069, 422.41031, 399.1814, 418.39359, 258.96121, 408.81119, 313.491, 399.54877, 367.48737, 390.28854, 421.04099, 394.99231, 225.64944, 385.56299, 281.08176, 376.34586, 335.51645, 367.35696, 389.54126, 362.10999, 248.06026, 353.05438, 302.97037, 344.10004, 357.71423, 335.03812, 411.86288, 338.17752, 214.5681, 329.11148, 270.4137, 320.44165, 325.46744, 311.40317, 379.92029, 305.03214, 237.2227, 296.43326, 292.67056, 287.69708, 347.59561, 278.96924, 402.12308, 280.56204, 203.42915, 272.13211, 259.68884, 263.58698, 315.06723, 255.13057, 369.8717, 247.35675, 226.04727, 238.97716, 282.22797, 230.56371, 337.26706, 222.35643, 392.39111, 222.59032, 191.87091, 214.33847, 248.90007, 206.26675, 304.34247, 198.24406, 359.78278, 189.56859, 214.83664, 181.3979, 271.4267, 173.53574, 327.00104, 165.62521, 382.18005, 164.43367, 180.58609, 156.45828, 237.7343, 148.48344, 293.90112, 140.78087, 349.71869;
  407.42346, 292.48819, 401.97983, 345.44141, 396.61725, 398.83151, 391.00775, 453.0441, 377.34546, 315.84003, 371.77805, 369.5657, 365.78381, 423.95422, 360.00418, 479.13507, 352.57092, 285.89993, 346.41269, 339.91147, 340.57074, 394.40765, 334.51776, 449.53406, 321.08951, 309.75427, 314.75775, 364.45129, 308.66656, 419.71573, 302.39761, 476.02005, 295.28085, 279.02863, 288.79971, 334.11328, 282.48795, 389.46988, 276.07043, 445.82532, 262.61249, 303.21719, 256.11197, 358.90875, 249.52344, 414.99786, 242.55548, 472.57358, 236.14415, 272.02707, 229.17793, 327.99643, 222.34113, 384.41656, 215.59648, 441.71216, 202.11536, 296.52634, 195.01804, 353.14746, 187.89084, 410.66656, 180.89713, 469.082, 174.90807, 264.74118, 167.50125, 321.7605, 160.17511, 379.2897, 153.03035, 437.54987, 139.87601, 289.54758, 132.18396, 347.56686, 124.67876, 405.90714, 117.19409, 465.1593, 111.98022, 257.13708, 104.14835, 315.2352, 96.339142, 373.61929, 88.22879, 433.08673;
  459.49023, 380.10318, 469.9249, 428.62195, 480.12143, 479.06586, 490.48615, 531.46582, 439.66238, 407.23651, 449.84698, 457.28387, 459.8992, 509.246, 470.16342, 563.28314, 409.3114, 385.17383, 419.01331, 435.26715, 428.81827, 487.06845, 438.75787, 541.04926, 387.7861, 413.09457, 397.35394, 464.73099, 407.13428, 518.06219, 417.02481, 573.85742, 356.08224, 390.34015, 365.37888, 442.29633, 374.85184, 495.49692, 384.27109, 550.85217, 333.28308, 419.15561, 342.23489, 472.67593, 351.21124, 527.54413, 360.50189, 584.97076, 300.44705, 395.70313, 309.17203, 449.20609, 317.55658, 504.33279, 326.32166, 561.35986, 275.36154, 425.62933, 283.7547, 480.87421, 291.86496, 537.63702, 300.51215, 596.91321, 241.18182, 401.70105, 248.97098, 456.8515, 256.94998, 513.64294, 265.03989, 572.70911, 214.30139, 432.66968, 221.61899, 489.45059, 229.37386, 548.13257, 236.99675, 609.52869, 178.79494, 408.03741, 185.77739, 464.90482, 192.85414, 523.59625, 200.18658, 584.59418;
  721.63782, 470.12057, 732.53229, 520.86035, 743.93079, 572.15588, 754.96509, 624.67584, 703.4588, 500.04858, 714.40125, 551.38428, 725.4566, 603.68823, 736.69708, 657.54645, 674.44885, 479.13608, 684.91803, 530.54834, 695.83362, 582.79346, 706.84827, 636.39014, 655.30499, 509.36581, 665.96704, 561.76703, 676.86017, 615.04279, 687.94537, 669.97394, 625.54889, 488.48569, 635.88782, 540.57867, 646.38861, 594.06207, 657.15082, 648.20581, 605.65338, 519.42871, 615.92584, 572.65015, 626.3064, 626.94397, 637.48145, 682.56238, 575.14734, 497.80707, 585.0506, 551.13995, 595.29999, 605.22864, 605.74451, 660.87537, 554.03558, 529.39728, 564.00012, 583.86548, 574.16394, 638.93402, 584.67932, 696.07434, 522.91125, 507.5611, 532.34521, 561.93585, 542.38879, 617.21356, 552.53448, 673.81683, 500.70587, 540.04321, 510.45679, 595.32819, 520.30676, 651.57263, 530.32654, 709.40247, 468.79257, 517.83899, 478.39218, 573.15564, 487.86255, 629.65784, 497.62964, 687.18121;
  771.69305, 321.65082, 758.82404, 363.94489, 746.25891, 405.24463, 733.99103, 445.185, 744.78345, 339.34668, 732.30975, 381.18341, 720.05151, 422.50443, 707.69452, 462.33987, 730.27576, 314.17654, 717.61102, 356.96655, 705.55981, 398.74591, 693.17682, 439.88593, 702.76196, 332.11298, 690.53967, 374.69638, 678.62384, 416.42798, 666.79926, 457.30637, 687.7002, 306.2514, 675.13239, 349.83578, 663.38556, 392.36072, 651.76221, 434.03851, 659.92834, 324.52191, 647.70917, 367.90726, 636.04102, 410.23096, 624.86322, 451.90973, 643.98926, 298.44492, 631.82599, 342.65933, 620.34418, 385.70471, 608.80688, 427.96796, 615.28503, 316.81812, 603.55103, 360.66507, 592.29987, 403.80194, 581.27484, 446.06647, 598.35956, 290.0177, 586.80225, 335.11057, 575.45245, 379.26129, 564.64282, 421.90851, 569.36157, 308.68387, 558.46149, 353.54587, 547.61151, 397.25394, 536.83063, 440.09073, 551.88171, 281.21594, 540.64954, 327.28763, 529.87726, 371.99774, 519.33295, 415.40067;
  574.47711, 224.66917, 586.74957, 283.32275, 598.40692, 343.03094, 610.10565, 404.00894, 551.63666, 256.94083, 563.44086, 316.78702, 575.10669, 377.75449, 586.74915, 440.28534, 516.29248, 229.7547, 527.87964, 290.13049, 539.40186, 351.20016, 551.07062, 413.93356, 491.71216, 262.98584, 503.19205, 324.4505, 514.67303, 387.00241, 526.49628, 451.12949, 454.98276, 235.1884, 466.27582, 297.2023, 477.54385, 360.04602, 489.03461, 424.09967, 428.61716, 269.34656, 439.77527, 332.58572, 450.97815, 396.91168, 462.31137, 462.81113, 390.2963, 240.63261, 401.24631, 304.47806, 412.19135, 369.17468, 423.15524, 435.23059, 362.01385, 275.98376, 372.58786, 341.10034, 383.54269, 407.25955, 394.43796, 475.12405, 321.91727, 246.69203, 332.49454, 312.48285, 343.17084, 378.91406, 353.76654, 446.90436, 291.5455, 283.11725, 302.0452, 350.1257, 312.50723, 418.14587, 323.16089, 488.04044, 249.94627, 253.43335, 260.10468, 320.78564, 270.42874, 389.10233, 280.72986, 459.1416;
  639.21039, 205.38887, 649.10431, 271.7077, 658.81824, 339.29718, 668.46301, 408.53189, 610.60736, 241.20471, 620.00726, 308.51462, 629.47906, 377.75177, 639.17438, 448.30075, 572.16846, 210.27042, 581.15405, 277.86084, 590.40857, 346.65735, 599.74078, 416.99237, 542.20306, 247.02916, 551.08997, 315.70535, 560.02783, 385.64767, 569.17133, 457.49295, 502.85388, 215.44858, 511.35751, 284.31552, 520.03131, 354.22873, 528.80786, 425.5545, 471.578, 252.61713, 479.81555, 322.59583, 488.0593, 393.86676, 496.81036, 467.0451, 431.08743, 220.54453, 439.07315, 290.79956, 447.24716, 361.87469, 455.48264, 434.73407, 398.1214, 258.76816, 405.79266, 329.85818, 413.58459, 402.45721, 421.45041, 477.09979, 356.98325, 226.14172, 364.31958, 297.65085, 371.7785, 370.02853, 379.32065, 444.19601, 322.49417, 264.95193, 329.65945, 337.36038, 336.73898, 411.30588, 344.14731, 487.29501, 280.30771, 232.22974, 287.23425, 304.65594, 293.978, 378.29929, 300.87857, 453.77661;
  673.3623, 202.47807, 681.25049, 274.00436, 688.92902, 347.17426, 696.66724, 422.02469, 641.06464, 240.80136, 648.39203, 313.52383, 655.72784, 387.64993, 663.27448, 464.07385, 601.14331, 207.4257, 607.9071, 279.92166, 615.13727, 353.57681, 622.2002, 428.93909, 567.74414, 246.15234, 574.46234, 319.52274, 581.14624, 394.30814, 587.97827, 471.14902, 527.36707, 212.2229, 533.58142, 285.4993, 540.09033, 359.86963, 546.4259, 435.83969, 493.03336, 251.27869, 498.90656, 325.53531, 505.17319, 401.01184, 511.28699, 478.45972, 452.05099, 217.06502, 457.90323, 291.02258, 463.69501, 366.19153, 469.45822, 443.12033, 416.90982, 256.76712, 422.17703, 331.60205, 427.60184, 407.68796, 432.83514, 486.15915, 375.7988, 222.30585, 380.79443, 297.00366, 385.7897, 372.79883, 390.79202, 450.46069, 339.42575, 262.24783, 344.23071, 337.89923, 348.85535, 414.8876, 353.55759, 493.85812, 298.21893, 227.664, 302.54245, 302.91348, 306.80017, 379.37885, 311.21304, 457.73975;
  817.24756, 208.61362, 805.27856, 291.2374, 793.63538, 374.69232, 782.2691, 459.60623, 770.82288, 246.52615, 758.97876, 328.20215, 747.42682, 411.05862, 735.85327, 495.12363, 737.63397, 203.23203, 725.88458, 283.54147, 713.94836, 364.32065, 702.22955, 446.53445, 693.87939, 240.19077, 681.91895, 319.41504, 670.04486, 399.51852, 657.97961, 481.28564, 662.72968, 198.18742, 651.13452, 276.04553, 639.10608, 354.29904, 626.97388, 434.01633, 621.0127, 233.93469, 609.12115, 310.89917, 597.15668, 388.75061, 584.93921, 467.88315, 592.03094, 193.08012, 580.13348, 268.9614, 568.21313, 345.04465, 556.32843, 422.37347, 552.14886, 228.20483, 540.34033, 303.08789, 528.09113, 378.48978, 516.00885, 455.38873, 525.38959, 188.79373, 513.44751, 262.26981, 501.29349, 336.2981, 489.33994, 411.32895, 487.82584, 223.03168, 475.63806, 295.38031, 463.5134, 368.76913, 451.27307, 443.46173, 462.92068, 184.89355, 450.74933, 256.04419, 438.59991, 327.95163, 426.54727, 400.93134;
  529.43542, 225.38135, 534.22961, 277.46835, 539.1427, 329.98557, 544.3468, 382.72845, 505.74713, 254.34476, 510.55844, 306.29025, 515.51801, 358.55533, 520.42126, 411.89883, 477.12985, 230.40027, 482.03458, 282.6366, 486.80237, 335.02066, 491.74597, 387.88699, 453.50568, 259.16733, 458.32181, 311.51331, 463.01898, 363.79086, 467.7337, 416.93216, 424.83371, 235.48483, 429.62885, 287.90155, 434.44177, 340.13028, 439.02774, 393.02173, 400.92038, 264.23776, 405.65207, 316.39951, 410.39175, 369.09616, 415.09338, 422.15515, 372.16223, 240.52264, 377.28891, 292.92303, 381.67349, 345.17654, 386.4263, 398.09344, 348.38876, 269.25098, 353.15756, 321.57693, 357.73508, 374.24719, 362.39581, 427.36279, 319.6272, 245.40233, 324.64215, 297.7438, 329.09338, 350.31479, 333.66653, 403.17957, 296.07489, 274.22537, 300.46317, 326.72476, 305.08939, 379.22263, 309.8205, 432.24435, 267.67014, 250.50467, 272.17325, 303.1228, 276.7731, 355.46082, 281.50934, 408.39529;
  547.82648, 219.16292, 550.5285, 269.44913, 553.54773, 319.91074, 556.6955, 370.69678, 524.30579, 246.23985, 527.19446, 296.1882, 530.04553, 346.85757, 533.05298, 397.59949, 498.28082, 222.76253, 500.90982, 273.11859, 503.85794, 322.97586, 506.84286, 373.90546, 475.246, 249.3885, 477.84891, 299.7149, 480.65195, 349.86844, 483.36972, 400.65051, 449.08115, 226.11475, 451.7803, 275.99652, 454.62091, 326.24979, 457.34009, 376.63489, 425.84155, 253.10832, 428.65482, 302.65579, 431.33426, 352.90329, 434.0455, 403.24881, 399.83475, 229.51256, 402.68329, 279.45044, 405.49503, 329.28806, 408.3049, 379.51056, 376.93408, 256.15225, 379.65472, 306.12021, 382.25156, 355.91974, 385.23636, 406.10791, 351.21048, 232.99402, 354.03284, 282.65671, 356.63666, 332.33456, 359.5361, 382.45874, 328.66248, 259.38327, 331.19849, 309.07993, 334.03336, 358.92657, 336.52573, 408.80225, 303.42606, 236.32498, 305.99762, 285.94717, 308.57788, 335.36478, 311.20627, 385.07925]
