image_Width 1280
image_Height 720
board_Width 5
board_Height 6
square_Size 25.5
Camera_Matrix[1016.736711145631, 0, 658.9298461876151;
  0, 1014.781697913727, 343.478174245136;
  0, 0, 1]
Distortion_Coefficients[0.0265077901570991;
  0.03575038458708753;
  0;
  0;
  -0.1569329248425212]
Avg_Reprojection_Error 0.241906
Per_View_Reprojection_Errors[0.30172557;
  0.30383915;
  0.18987948;
  0.1945374;
  0.19194143;
  0.21800795;
  0.28930655;
  0.38894525;
  0.42134628;
  0.2076088;
  0.25487494;
  0.21190581;
  0.24233189;
  0.23773007;
  0.22544178;
  0.19347273;
  0.21650645;
  0.16625486;
  0.15114842;
  0.23211631;
  0.22385937;
  0.22798604;
  0.15600404;
  0.23321189;
  0.14251928]
Extrinsic_Parameters[2.236773912162166, -2.193750843202142, 0.05631058588074824, 31.37601039376236, 55.86058716038271, 373.8287302347679;
  2.240820216961092, -2.193512606059845, 0.05788678870668147, 32.84094722282249, 53.87768287117418, 376.7248768142259;
  -1.973447643204206, 2.09861774081341, -0.4802887211695379, 7.389324414271879, 56.12078113257493, 482.7953458022691;
  -2.141804866549042, 2.069317776657313, -0.4284153662165487, 19.17338123983679, 68.69502342695265, 497.1458429283777;
  -2.277158841667932, 2.004122901753334, -0.3733542185217138, 14.92350212657189, 67.32028081401718, 496.6607926560228;
  -2.499233417838991, 1.812236274055501, -0.3476036939674175, -3.253479298762537, 66.68141842622768, 479.4535559531803;
  2.703623677000548, -1.543609237972316, 0.3241790613454958, -18.33280380690434, 68.32386100109876, 462.6782593260312;
  2.914244442240447, -1.155695325925456, 0.2323614885897817, -45.51886516437055, 71.49750647861572, 451.0132860963368;
  -0.5704709469068507, 3.020036616324003, -0.01407058327185303, 35.28463545159136, -56.73958376227665, 472.8134586811789;
  2.143111022180407, -2.014532080772953, -0.1889953307172892, 305.9459237833975, 84.34286565168827, 572.5142562531319;
  -2.083303272698658, 2.213236460365832, -0.6051659749975294, -20.13778446770921, 139.3129117156521, 554.3449889463251;
  -2.100036329865522, 2.155554573392888, -0.5952866755924984, -88.10737381567094, 148.5429208705844, 555.9939664871607;
  -2.102014067683875, 2.130742305912164, -0.5781344487688642, -158.5200224466009, 183.1069487045519, 569.3710179202607;
  -2.071671651026569, 1.994822015525241, -0.1385052877256066, -281.0277787133398, 16.12453786949445, 832.0483405730595;
  -2.09665393970138, 1.679664599568426, -0.4410086171728544, -303.4486374194975, -88.62090677848826, 774.411162752814;
  -2.075343138463648, 2.060911991876027, -0.3206874693022653, -299.2648924239344, -105.8962784853792, 736.319346583509;
  -1.959609747755835, 2.305033518732372, 0.4785331311479986, -82.08223932492065, -100.6301500592344, 752.4917145349898;
  -1.89007012623806, 2.31874426808569, -0.6910166420948154, 25.66017903281013, -65.33379567013513, 722.3431723445942;
  -1.812705011247163, 2.305293337647439, -0.4466036570799368, 56.3904610339301, -62.31161432212783, 713.9489934391212;
  -2.25530409638754, 2.091781559794866, 0.03005771690557612, 179.8290253082574, -30.02218047057407, 776.2855428287419;
  -1.841280767549032, 1.815527430051386, -0.5417661722341156, 296.2912696578522, -100.1486147168627, 902.9883855652075;
  2.023573509047048, -1.759694151275866, -0.2764680517004194, 430.6773106967382, -88.57740344027907, 792.3848775750754;
  2.021818702125547, -2.271394576742715, 0.4430777689462619, 19.56210008660404, 54.05316019971922, 597.1687344788057;
  -2.018107483846884, 2.004063824986503, -0.5190657523974274, -63.30493727068598, 59.98607383754857, 540.9377873646237;
  2.236952125347825, -2.104609991079989, 0.06790240450549499, 126.5036904332523, 45.36337166227214, 569.1292537799324]
Image_points[744.54706, 494.70053, 745.80237, 425.48932, 746.93408, 356.92499, 748.16718, 288.22943, 749.29932, 219.52646, 675.06842, 493.66522, 676.29651, 424.26013, 677.58496, 355.53918, 678.92932, 286.85928, 680.14612, 217.84959, 605.27948, 492.73828, 606.57294, 422.9968, 608.01642, 354.16519, 609.59515, 285.17538, 610.98126, 216.38472, 535.62238, 491.61066, 537.24109, 421.91562, 538.92731, 352.96201, 540.44647, 283.7298, 542.02374, 214.88106, 465.33347, 490.46051, 467.36374, 420.67297, 469.30737, 351.36761, 470.9075, 282.31476, 472.52075, 213.24457, 395.04813, 489.42398, 397.08035, 419.54703, 399.04599, 350.09631, 401.04504, 280.96906, 402.87457, 211.73491;
  747.9281, 488.138, 748.96234, 419.53802, 750.44525, 351.62585, 751.83643, 283.29544, 753.08624, 215.16849, 678.97052, 487.02682, 680.36346, 418.18729, 681.6452, 349.78485, 683.15302, 281.54257, 684.4715, 213.30228, 609.59088, 485.95007, 611.09515, 417.02142, 612.69641, 348.50589, 614.35016, 280.14017, 615.88049, 211.63762, 540.42169, 484.56702, 542.14337, 415.78946, 543.97144, 347.10208, 545.7179, 278.56149, 547.15527, 209.88718, 470.84869, 483.38342, 472.86081, 414.28546, 474.75497, 345.47162, 476.53372, 276.9202, 478.36337, 208.34329, 400.86267, 482.35983, 403.00241, 413.04428, 404.96664, 343.96664, 407.15591, 275.2594, 409.1091, 206.61115;
  674.30835, 461.50473, 670.5379, 408.05145, 666.39154, 354.80652, 662.81793, 301.99356, 658.83514, 249.13875, 624.11194, 466.50525, 620.26459, 411.65344, 616.35754, 357.39526, 612.61414, 303.45599, 608.79742, 249.5968, 571.76782, 471.37497, 567.89154, 415.63055, 564.28485, 360.21634, 560.48456, 305.00143, 556.58258, 250.02904, 517.27423, 476.78949, 513.479, 419.66983, 509.82568, 363.00665, 505.96796, 306.7785, 502.32599, 250.49112, 459.97418, 482.20871, 456.42346, 423.82416, 452.68994, 365.97089, 449.06171, 308.39859, 445.44019, 251.18521, 400.25174, 487.98477, 396.54333, 428.41141, 393.37515, 369.10422, 389.71295, 310.28189, 385.98965, 251.78099;
  698.02435, 483.76596, 698.70282, 431.46268, 699.57733, 380.133, 700.37524, 329.08115, 700.94427, 278.16867, 648.138, 483.18207, 649.16461, 430.26276, 650.08636, 377.92368, 651.20245, 326.27301, 652.06622, 274.75211, 596.5246, 482.68021, 597.93774, 428.83908, 599.13068, 375.86777, 600.49066, 323.09122, 601.66077, 270.95511, 543.5415, 482.15323, 545.20996, 427.59457, 546.90936, 373.64554, 548.24127, 320.26852, 549.78204, 267.23389, 488.48459, 481.66492, 490.6181, 426.16843, 492.54794, 371.46304, 494.35684, 317.23959, 496.12164, 263.46594, 431.58383, 481.04419, 434.05612, 424.71106, 436.47232, 369.13315, 438.63342, 314.02246, 440.63403, 259.46426;
  689.3858, 480.99231, 695.0329, 429.19351, 700.58728, 378.02774, 706.06677, 327.49243, 711.38867, 277.24158, 638.93707, 475.2868, 644.96075, 422.92694, 650.85883, 371.18048, 656.73792, 319.96274, 662.33746, 269.3783, 586.98999, 469.31454, 593.66882, 416.46582, 599.90027, 364.02457, 606.20599, 312.52258, 612.05835, 261.30151, 534.0293, 463.53314, 541.03815, 410.00031, 547.8457, 357.12549, 554.43195, 304.84198, 560.93286, 253.16788, 479.45602, 457.57495, 486.99881, 403.24899, 494.19147, 349.83896, 501.35413, 296.92789, 508.2211, 244.75815, 423.24164, 451.35663, 431.40689, 396.46997, 439.14703, 342.59189, 446.80283, 289.11249, 454.03668, 236.16505;
  651.9046, 484.84531, 667.79346, 433.14502, 683.58167, 382.59305, 698.86005, 332.65509, 713.89215, 283.26849, 601.02734, 468.50894, 617.45007, 416.62363, 633.64734, 365.69034, 649.4873, 315.48587, 665.14288, 265.79358, 549.1167, 451.66608, 566.17786, 399.78516, 582.84033, 348.49036, 599.21924, 297.98456, 615.18726, 248.12045, 496.33704, 435.17261, 514.11237, 382.68637, 531.43512, 331.24011, 548.20544, 280.44345, 564.87433, 230.11279, 442.38376, 418.23413, 460.63068, 365.33783, 478.64325, 313.65549, 496.16812, 262.55429, 513.35016, 212.21057, 387.49063, 400.88602, 406.41501, 347.71432, 424.99603, 295.63336, 443.01843, 244.20625, 460.789, 193.75572;
  618.43097, 493.43021, 646.25928, 445.03934, 673.51587, 397.58398, 700.21948, 350.88, 726.23413, 304.57202, 570.3158, 465.13889, 598.82404, 416.67627, 626.55164, 369.35178, 653.75781, 322.57333, 680.6308, 276.5174, 521.62646, 436.57361, 550.71375, 387.98648, 579.07355, 340.89142, 606.82916, 294.13147, 634.1037, 248.28101, 472.4183, 407.92151, 502.19415, 359.58926, 531.11163, 312.2496, 559.51337, 265.612, 587.28436, 219.79008, 422.47189, 378.90189, 452.78442, 330.54263, 482.53241, 283.36694, 511.35541, 236.72733, 539.65594, 191.06046, 371.82156, 349.71112, 402.76038, 301.3772, 433.11438, 254.1185, 462.68347, 207.63887, 491.59097, 161.90288;
  556.11102, 505.08267, 598.07428, 464.93542, 639.18823, 425.48773, 679.57568, 386.54263, 719.52374, 347.88947, 516.65631, 463.25983, 559.05548, 423.27225, 600.5448, 384.03714, 641.26935, 345.08704, 681.42041, 307.082, 476.87311, 421.07886, 519.62976, 381.32239, 561.54608, 342.2442, 602.65454, 303.73322, 643.30518, 265.5687, 436.69751, 378.96381, 479.97144, 339.47131, 522.40588, 300.72678, 563.92163, 262.37421, 604.83203, 224.41455, 396.17438, 336.69876, 439.8588, 297.24585, 482.66724, 258.74164, 524.69928, 220.54095, 566.08276, 182.96005, 355.32034, 293.84033, 399.3696, 254.78279, 442.69019, 216.37927, 485.02191, 178.60452, 526.88477, 141.18243;
  734.39972, 221.53473, 683.63037, 200.78851, 632.6109, 180.33157, 581.25378, 159.40926, 529.61182, 138.20914, 714.46381, 272.35013, 663.672, 252.01759, 612.46948, 231.54921, 561.05231, 211.0041, 509.078, 189.98094, 694.57788, 323.38226, 643.65704, 303.35519, 592.34821, 283.0798, 540.78131, 262.54388, 488.60287, 241.91721, 674.72076, 374.69061, 623.5719, 354.57797, 572.20087, 334.54147, 520.42767, 314.19943, 468.09259, 293.79251, 654.61804, 426.1171, 603.38336, 406.17911, 551.70685, 386.29565, 500.013, 366.1882, 447.35001, 346.12292, 634.42261, 477.82565, 582.97821, 458.13116, 531.31158, 438.33301, 479.08801, 418.50372, 426.72543, 398.3085;
  1206.199, 494.24561, 1208.0913, 448.56421, 1210.1351, 403.147, 1212.3616, 357.76913, 1214.2891, 312.4267, 1156.3073, 490.14371, 1158.3907, 444.89569, 1160.4286, 399.8175, 1162.4163, 355.13101, 1164.5571, 310.26004, 1107.5129, 486.00125, 1109.6693, 441.39682, 1111.8779, 396.78485, 1113.9438, 352.44992, 1116.2087, 308.2865, 1060.037, 482.04251, 1062.1252, 437.87189, 1064.4242, 393.7124, 1066.5343, 350.13034, 1068.6566, 306.35428, 1013.3519, 478.07736, 1015.5106, 434.44702, 1017.7688, 390.97208, 1020.1014, 347.62735, 1022.4066, 304.17148, 967.59564, 474.1098, 969.88678, 430.68988, 972.11096, 388.18921, 974.63788, 345.12897, 977, 302.57153;
  621.8797, 598.52252, 617.77283, 551.12006, 613.74335, 504.78406, 610.15363, 459.51782, 606.38593, 415.05017, 576.27209, 603.34363, 572.69684, 555.15137, 569.01239, 508.09442, 565.83673, 462.08438, 562.49426, 416.79944, 529.03656, 608.33032, 525.93945, 559.15967, 522.98462, 511.22488, 520.11395, 464.5, 517.18744, 418.75259, 480.60522, 613.52313, 477.99603, 563.57129, 475.60403, 514.8811, 473.2074, 467.35043, 470.67654, 420.6149, 430.27429, 618.92786, 428.19608, 568.05377, 426.34039, 518.66589, 424.48813, 470.26379, 422.55673, 422.76825, 378.16846, 624.25732, 376.73395, 572.67358, 375.46765, 522.39136, 374.10849, 473.27841, 372.75793, 424.96262;
  497.45871, 615.24841, 496.15802, 567.31012, 494.97385, 520.62976, 493.82501, 474.67892, 492.68347, 429.73792, 449.99005, 619.08716, 449.20303, 570.39612, 448.3782, 522.75549, 447.59909, 476.15439, 447.08606, 430.42914, 400.74521, 623.00854, 400.52142, 573.39209, 400.4393, 525.02856, 400.23007, 477.78162, 399.81271, 431.03436, 350.27426, 627.138, 350.69193, 576.79974, 350.97836, 527.55328, 351.39133, 479.34723, 351.75131, 432.1846, 297.87173, 631.20416, 298.8631, 579.83893, 299.76093, 530.04474, 300.84143, 481.05524, 301.59024, 432.99033, 243.90852, 635.60034, 245.38751, 583.48102, 246.94876, 532.59314, 248.61163, 482.7532, 250.08669, 433.96802;
  374.2709, 671.17737, 374.72769, 623.88727, 375.5415, 577.41504, 376.09177, 531.86047, 376.65454, 486.85519, 325.89859, 675.50543, 326.97369, 627.39685, 327.94226, 580.21405, 328.99109, 533.97644, 330.0466, 488.10556, 276.06656, 679.87073, 277.42114, 631.16931, 278.93964, 583.13232, 280.3056, 536.03552, 281.78668, 489.42145, 224.72911, 684.37262, 226.77914, 634.8031, 228.58258, 586.07782, 230.54282, 538.14587, 232.38454, 490.81989, 171.96205, 688.7561, 174.27739, 638.39319, 176.68513, 589.03784, 178.96063, 540.25781, 181.35799, 492.289, 117.85133, 693.01733, 120.39252, 642.16504, 123.21462, 591.84052, 125.91518, 542.44751, 128.76506, 493.50375;
  314.85062, 363.27002, 315.22339, 332.23688, 315.65027, 300.8035, 315.98282, 269.73999, 316.28397, 237.79047, 280.85785, 362.54352, 281.29147, 331.44962, 281.73987, 299.89597, 282, 268.08795, 282.09644, 236.22101, 246.93568, 362.2569, 247.12141, 330.51123, 247.19081, 298.88062, 247.42226, 266.81082, 247.54588, 234.76912, 212.07512, 361.39041, 212.45537, 329.55682, 212.43907, 297.71359, 212.51393, 265.58466, 212.80171, 233.13828, 177.17229, 360.76318, 177.23186, 328.98004, 177.21811, 296.6683, 177.17229, 264.13501, 177.2571, 231.33498, 141.56537, 360.2666, 141.44672, 328.01245, 141.46196, 295.52209, 141.33525, 262.75183, 140.89505, 229.87363;
  258.58829, 226.78508, 266.05438, 193.89702, 273.20996, 161.04597, 280.36328, 128.10059, 287.37268, 95.187157, 222.82239, 218.47987, 230.06889, 184.86127, 237.49928, 151.49991, 244.6496, 118.01167, 252.13307, 84.531548, 185.45793, 209.77164, 193.07466, 175.79482, 200.5695, 141.55557, 207.8837, 107.65721, 215.50656, 73.475517, 146.91344, 201.04201, 154.70016, 166.08955, 162.30927, 131.42374, 170.10583, 97.055054, 177.74072, 62.057091, 107.25273, 191.84261, 115.12708, 156.35823, 122.86244, 120.95732, 130.83353, 85.688133, 138.82503, 50.558796, 65.902565, 182.23003, 74.137772, 146.18445, 82.385574, 110.31496, 90.348427, 74.507568, 98.676552, 38.549816;
  243.79736, 196.77649, 244.0226, 161.54985, 244.25378, 126.35742, 244.56029, 91.170746, 244.64864, 55.540588, 204.70279, 194.67145, 205.10799, 159.24774, 205.24768, 123.68026, 205.64926, 88.00383, 206.02048, 52.28783, 165.07318, 192.98593, 165.25954, 156.76236, 165.84003, 120.8423, 166.14461, 85.067383, 166.54524, 48.948589, 124.82165, 190.7251, 125.27987, 154.54913, 125.82309, 118.1879, 126.28624, 81.990318, 126.7567, 45.592564, 84.046204, 188.91916, 84.399147, 152.23856, 85.133217, 115.79345, 85.673157, 79.087845, 86.317993, 42.312634, 42.640892, 187.20499, 43.101257, 150.08109, 43.645897, 113.07955, 44.385788, 76.339615, 45.153667, 39.090248;
  548.26764, 207.61971, 540.98199, 173.18242, 533.54797, 138.7155, 525.99921, 103.09418, 518.26385, 66.805977, 515.1178, 212.99739, 507.58481, 179.14798, 499.9639, 144.5694, 492.12845, 109.27457, 484.02014, 73.35128, 482.72137, 218.33853, 474.87848, 184.55655, 467.05679, 150.39168, 458.93954, 115.45412, 450.50848, 79.748711, 450.75714, 223.60373, 442.87054, 190.095, 434.70285, 156.20331, 426.33469, 121.37807, 417.85104, 85.897781, 419.18701, 228.86885, 411.00284, 195.5191, 402.75433, 161.95074, 394.03741, 127.31625, 385.23721, 92.184647, 388.31149, 233.9077, 379.79333, 201.0266, 371.00409, 167.5175, 362.3266, 133.21611, 353.41177, 98.131088;
  695.04504, 251.70818, 686.0946, 218.82951, 677.41437, 186.58565, 668.84845, 154.68497, 660.63983, 122.93478, 662.31714, 255.55496, 653.53955, 222.12071, 644.99573, 189.42783, 636.66608, 157.15524, 628.42664, 124.98789, 628.78107, 259.28198, 620.14185, 225.38094, 611.63721, 192.30528, 603.36206, 159.53307, 595.23431, 126.93936, 594.26837, 263.58527, 585.68048, 229.16249, 577.50665, 195.52098, 569.35303, 162.15205, 561.36121, 129.14409, 558.68555, 267.86975, 550.41333, 232.96756, 542.14532, 198.60608, 534.09711, 164.8933, 526.18512, 131.36612, 521.73553, 272.42038, 513.86621, 236.96671, 505.88181, 201.99222, 497.94937, 167.64551, 490.18048, 133.81062;
  739.1723, 254.78641, 730.2644, 219.95784, 721.36768, 185.19067, 712.64258, 150.48143, 703.82477, 115.65154, 706.56195, 261.59204, 697.48712, 226.4995, 688.52698, 191.09645, 679.45496, 156.0067, 670.53381, 120.44007, 673.03595, 268.51102, 663.92181, 232.85287, 654.93994, 197.08478, 645.85052, 161.48375, 636.86407, 125.72902, 638.81848, 275.62006, 629.62225, 239.42813, 620.58899, 203.27048, 611.42236, 167.12981, 602.25421, 131.12529, 603.46844, 282.95789, 594.20416, 246.02795, 585.14618, 209.67725, 575.81458, 173.24126, 566.77307, 136.53355, 567.26483, 290.349, 558.04871, 253.11304, 548.84283, 216.179, 539.62341, 179.30173, 530.20416, 142.02795;
  894.66736, 303.82785, 897.72601, 270.65674, 900.86938, 237.12535, 904.00073, 203.79419, 906.9137, 170.15776, 861.70288, 301.32559, 864.83685, 268.14777, 867.68054, 234.67581, 870.77826, 201.14882, 873.90613, 167.20793, 828.62286, 298.97516, 831.44922, 265.78036, 834.2981, 232.12506, 837.29437, 198.46803, 840.29602, 164.57268, 795.25763, 296.63434, 798.04657, 263.12952, 800.97784, 229.55942, 803.83691, 195.69038, 806.93756, 161.85202, 761.87817, 294.07599, 764.58466, 260.62076, 767.02496, 226.98097, 770.1355, 193.1813, 773.00397, 159.03241, 728.09845, 291.73511, 730.91589, 258.00345, 733.62439, 224.4724, 736.336, 190.51872, 739.20087, 156.32423;
  993.16986, 230.53374, 994.99213, 201.49712, 996.78076, 172.64575, 998.67279, 143.37616, 1000.4963, 113.97163, 975.80603, 229.01054, 977.46075, 199.41165, 979.2254, 169.875, 981.00226, 140.21004, 982.79211, 110.15514, 957.54736, 227.03258, 959.12457, 197.12822, 960.79865, 167.20953, 962.42017, 136.88226, 964.35388, 106.6851, 938.66034, 225.53162, 940.20441, 194.90179, 941.88702, 164.21074, 943.38257, 133.51822, 945.06213, 102.62795, 918.88037, 223.74454, 920.38904, 192.34673, 921.79675, 161.28778, 923.43524, 130.10782, 924.966, 98.62442, 898.18463, 221.73503, 899.67682, 190.11818, 901.38904, 158.34673, 902.85394, 126.4705, 904.20795, 94.263168;
  1215.5093, 229.60208, 1218.8419, 198.18121, 1221.8361, 166.71194, 1225.0414, 135.71965, 1227.6975, 104.69785, 1178.4287, 228.10338, 1181.7621, 197.02968, 1185.1005, 166.18802, 1188.2404, 135.71208, 1191.4515, 105.10026, 1142.3822, 226.46652, 1145.7917, 196.02061, 1149.3346, 165.68872, 1152.5276, 135.67696, 1155.7836, 105.8273, 1107.4148, 225.328, 1110.9652, 195.22368, 1114.6722, 165.41035, 1118.0033, 135.7319, 1121.4108, 106.20554, 1073.4529, 224.10435, 1077.0386, 194.57552, 1080.8328, 165.09985, 1084.464, 136.06613, 1087.8207, 106.97925, 1040.5, 223, 1044.124, 193.80186, 1048.0645, 164.98984, 1051.7405, 136.20651, 1055.3251, 107.53858;
  692.22021, 435.26709, 686.22699, 393.1904, 680.37994, 351.86792, 674.42004, 311.43243, 668.6756, 271.57114, 649.60522, 439.91467, 643.96722, 397.54092, 638.41803, 355.97485, 632.73431, 315.31384, 627.52649, 275.07928, 606.08936, 444.83142, 600.9599, 402.04535, 595.6969, 360.04688, 590.89429, 318.7764, 585.8009, 278.41455, 562.40424, 449.74203, 557.53186, 406.57797, 552.83398, 364.29272, 548.25183, 322.45639, 543.72626, 281.82932, 517.61603, 454.83209, 513.2323, 411.28232, 509.02023, 368.42963, 504.75574, 326.4942, 500.63525, 285.54044, 472.05927, 460.11758, 468.25406, 415.99753, 464.4491, 372.96933, 460.7377, 330.77991, 456.93814, 289.12216;
  539.88245, 456.04321, 539.79761, 408.27582, 539.9436, 360.80988, 539.98022, 313.59796, 540.01947, 266.24258, 492.90726, 457.2641, 492.99231, 408.50674, 493.17697, 359.91165, 493.35883, 311.63745, 493.59445, 263.39624, 444.13712, 458.35831, 444.31573, 408.57675, 444.64621, 359.01266, 445.035, 309.73706, 445.26324, 260.6214, 393.32364, 459.73053, 393.76401, 408.83789, 394.26355, 358.37741, 394.58344, 307.73169, 395.01413, 257.83371, 340.0444, 461.1813, 340.56851, 408.96555, 341.25604, 357.33667, 341.85571, 306.00766, 342.43924, 254.69388, 284.33823, 462.46033, 285.22699, 409.36478, 286.03308, 356.45398, 286.77448, 303.8067, 287.56046, 251.46968;
  885.13696, 424.61487, 887.39709, 379.12885, 889.40149, 333.87469, 891.26459, 289.27811, 893.1181, 244.59793, 839.27643, 421.64999, 841.69995, 376.28864, 843.86749, 331.18448, 845.8396, 286.65958, 847.86914, 242.08554, 793.75806, 418.67035, 796.13324, 373.35263, 798.31958, 328.64581, 800.67944, 283.87146, 802.91125, 239.50984, 748.41394, 415.97968, 750.96844, 370.81827, 753.29755, 325.8634, 755.80817, 281.29132, 758.14313, 236.86821, 702.96826, 413.13971, 705.62384, 367.98813, 708.1795, 323.2366, 710.85455, 278.65213, 713.23187, 234.24657, 657.55859, 410.39636, 660.23895, 365.13837, 663.05792, 320.69058, 665.9939, 276.14941, 668.59155, 231.85449]
