image_Width640
image_Height360
board_Width4
board_Height11
square_Size24.8
Camera_Matrix[549.0409384447628, 0, 329.6656690894141;
  0, 550.8441496134362, 175.9686725028298;
  0, 0, 1]
Distortion_Coefficients[0.1298241810048346;
  -0.2359771574204692;
  0;
  0;
  0.2281914056510668]
Avg_Reprojection_Error 0.290945
Per_View_Reprojection_Errors[0.28093216;
  0.2901817;
  0.19263358;
  0.22230804;
  0.24469469;
  0.23723178;
  0.4379265;
  0.33153668;
  0.30008024;
  0.23466511;
  0.25321463;
  0.33569449;
  0.31680712;
  0.19500557;
  0.41942683;
  0.20087548;
  0.24987391;
  0.36129183;
  0.39852735;
  0.1779421;
  0.22105804;
  0.3122474;
  0.30775362;
  0.27208331;
  0.345521;
  0.37429067;
  0.31184337;
  0.32388523;
  0.32989991;
  0.26867113;
  0.26174369;
  0.34792334;
  0.30072755;
  0.18556292;
  0.23304914;
  0.19181821;
  0.33858505;
  0.2820048;
  0.31262565;
  0.2637063;
  0.26273063;
  0.2762875;
  0.25156522;
  0.218207;
  0.23425598;
  0.25906742;
  0.40067023;
  0.32009488;
  0.30651692;
  0.21204916]
Extrinsic_Parameters[0.2767614075901239, 0.1653953959189167, 1.790374540063255, 128.6064703666535, -138.9949810284061, 793.5600773902145;
  0.2592414703401564, 0.1078570315421048, 1.616299636767715, -19.38527758139346, -86.11767073545408, 785.9760150492801;
  -0.05534512466633953, 0.09885418539041049, 1.29797551188012, -10.16702449945552, -114.8628198273666, 817.8836915568348;
  0.03648859104500724, 0.1641789177638219, 1.628384407509452, 87.46710802870965, -212.0776803313566, 833.0308018386427;
  -0.01505477533338141, -0.1898785290342168, 1.576375196280279, 347.7769906958416, -220.9952103338425, 885.6689745380712;
  0.3957836324021718, 0.2076726196900236, 1.606678872201234, 210.8734462908179, -191.0238576951963, 770.7115553103237;
  -0.3636454069977309, 0.1945445391507659, 1.344147511882673, -82.9943165242683, -13.20400751575327, 875.2722742360497;
  -0.329627137436846, 0.09529729551001009, 1.367256979964809, 123.9666087238971, 19.87665220408055, 919.9285259132168;
  -0.3662117915257157, -0.02447268180196402, 1.47666888961963, 279.4593573946134, 48.41940111810639, 961.7833937264755;
  0.5640843488172803, 0.05281054884555175, 1.620020594331076, 415.8800956475539, -133.3981292671596, 833.3971726211425;
  0.4765582841405916, 0.05142248966261679, 1.620792749332122, 440.768467994776, -99.99546827258327, 843.5486980250154;
  0.3421865215159172, -0.1445309580077247, 1.526571095588543, 240.7168039929627, -1.6410599307307, 807.098712808851;
  0.2773042545621204, -0.1343517985561281, 1.52209268148776, 218.949369482986, -15.53505502927518, 814.8490366551582;
  -0.07702990050098128, -0.0449843860829539, 1.27742361766341, -58.81865499838496, -130.6986298366925, 829.0206937298343;
  0.2107887690423431, 0.1421585402617136, 1.36731295266646, -16.67199235560835, -143.8222454231368, 794.7028944280405;
  -0.1198995198253407, -0.231691205716972, 1.48697965228308, -113.0719921623659, -61.50246497355583, 840.5646857392571;
  0.3549376986482785, -0.1050190416443815, 1.654982580021488, 338.7497627898453, -138.2346129664549, 727.9816156208151;
  0.2467307877040273, -0.06151501805464184, 1.652421932822295, 299.8956067607642, -104.9446403669444, 779.4061531041789;
  0.18110786843522, -0.1023102864340862, 1.627181499750483, 274.1994228337559, -105.2775309979844, 796.1201016345256;
  -0.1021501853240541, 0.01810637821779069, 1.314525291686702, 104.6881109301071, -101.1116922323059, 891.965429627067;
  0.2275822344242056, 0.1816844999759446, 1.510026162432346, 54.72728677595168, -61.33296661856748, 827.5030662177064;
  0.1386275285192006, -0.2129285213498124, 1.369420740682529, 6.881112274256251, 54.93445354203031, 860.666701020602;
  0.1127347067338064, -0.1747558446632971, 1.366019668375519, 6.304148757163312, 49.5825454307104, 868.5186471668433;
  0.2489690216031402, 0.02314579735033642, 1.591645242568492, 45.73106497325629, 34.11459688448038, 869.0069898454904;
  0.1962670113319551, -0.1852101196398172, 1.601809561554365, -45.98160582139546, 60.4483988814704, 862.337142171603;
  0.0962314169624323, -0.2217649444808973, 1.454341152857092, -156.1288051575526, 21.27812290758468, 878.4842444419112;
  0.2183759561813699, -0.07477068156389267, 1.526619962858872, -25.35937688125344, -14.25621966431266, 863.7446798775684;
  0.3902496966964153, 0.1003710504338111, 1.498846217997457, 56.56386483960243, -23.9601125784793, 828.7488589980377;
  0.4099452278360148, 0.1138454950932761, 1.495592567382768, 63.40133599217462, -22.39915410173493, 824.3794937275712;
  -0.01512288787740148, 0.007730967057623638, 1.422529682514737, 267.9687676079183, -73.67699290532647, 935.3109789448176;
  0.006903968742194497, 0.0338834007475202, 1.427846070158406, 275.0777617110207, -73.39400120499747, 932.645048476413;
  0.07199166778717328, -0.01460150407361605, 1.521322831105264, 73.65166851744891, -93.63839593202546, 881.5832231774124;
  0.04008773344187025, 0.04781867725246023, 1.51396106659516, 64.05926905160931, -97.2539773318163, 887.262422328969;
  -0.02856706992569202, 0.1537441384883472, 1.488785109463872, 33.17810614339972, -108.2531578557986, 908.7291659219289;
  0.02454108624172799, 0.183881084391335, 1.521192864744911, -71.39489202762769, -123.3108678083733, 914.2246878862238;
  -0.2234990182418239, -0.231685101825708, 1.376436245525783, -168.9736808311014, -98.68723296231087, 940.7387659213307;
  -0.03847266619837832, -0.0608448514109533, 1.409737760598236, -120.12216330945, -123.9812633025021, 924.2512105292813;
  0.1406617484724685, 0.1643205522533267, 1.489026472630368, -29.41004928016008, -184.4754469502223, 797.7846162155217;
  0.1107266697796636, -0.1787811345214645, 1.48659488754388, -120.6217285510683, -151.8714681588928, 810.6973117192572;
  0.04773236098961829, -0.2114702154157719, 1.472233826384745, -108.6583908413934, -156.2006812848286, 825.0842076185717;
  0.1041342533186706, -0.2161391929254376, 1.550851568356265, 219.1181002029088, -143.1545358985202, 845.0159609824086;
  0.4876046528411159, -0.1143444922444664, 1.721969435393885, 301.4342928511668, -115.3789942869704, 758.9761835791841;
  0.360300130058396, -0.02672122701061645, 1.731858598138198, 361.775399160468, -135.9683983054369, 783.4494413794824;
  0.06521613869151133, -0.109820986159238, 1.455720489425157, 187.1738245043786, -60.10735456420439, 813.4825485783225;
  0.2041632137968491, -0.1739438962816667, 1.483030120964815, 186.6751057510922, -42.14336113977178, 786.7718853388157;
  0.007505272979786239, 0.1268823714655854, 1.66161242662588, 30.13899522045347, -36.92121839739126, 829.7481812245284;
  -0.148798183002394, 0.001215867664935668, 1.500721186410499, -25.86772239566029, -50.59198691029664, 878.9239324026839;
  0.06703459620428573, 0.1394788736750862, 1.69379007749774, 241.8053119521283, -113.4432116818296, 836.7176494370114;
  -0.1809338069257131, -0.01444575365333291, 1.29723308614603, 157.8234144091013, -125.3341007278383, 888.7002931738184;
  -0.07055910453987473, 0.03746475102536712, 1.532217424091029, -11.15811267411543, -54.71335894255064, 847.9754352771755]
Image_points[418.88593, 78.895828, 410.70047, 113.09944, 403.13443, 146.89787, 395.71674, 179.92305, 398.12555, 92.835083, 390.56473, 126.41608, 382.88608, 159.6089, 375.49698, 192.19342, 385.51862, 72.430298, 377.88788, 106.0646, 370.6438, 139.36183, 363.50931, 171.92848, 365.67322, 86.091782, 358.27914, 119.32878, 351.00259, 151.95988, 343.93912, 184.12013, 353.38074, 66.099197, 346.31573, 99.398674, 339.26996, 132.00198, 332.11597, 164.10332, 334.22061, 79.496635, 327.13254, 112.15719, 320.11716, 144.41078, 313.14529, 176.40417, 322.10703, 60.065491, 315.59732, 92.965973, 308.81015, 125.01038, 301.94052, 156.54707, 304.05048, 73.551773, 297.16147, 105.62754, 290.07596, 137.23872, 283.55353, 168.69514, 292.15445, 54.393188, 285.79288, 86.425186, 278.86874, 118.13513, 272.11243, 149.39107, 274.56723, 67.254448, 267.77866, 98.983971, 260.9502, 130.31628, 254.64903, 161.33157, 263.09848, 48.549519, 256.53271, 80.162697, 250.00722, 111.28821, 243.41502, 142.41811;
  316.07388, 115.16331, 314.92072, 150.48933, 313.67151, 184.84781, 312.34195, 218.64134, 298.66318, 132.13084, 297.61667, 166.69476, 296.62299, 200.53761, 295.24338, 233.74307, 282.39386, 113.9, 281.69202, 148.44119, 280.92065, 182.34114, 279.57706, 215.70639, 266.28708, 130.64078, 265.4202, 164.58435, 264.46268, 197.69283, 263.23431, 230.83725, 250.49623, 112.42256, 249.92116, 146.70232, 249.09294, 179.82233, 247.9364, 213.05367, 234.48386, 128.74948, 233.66493, 162.41006, 232.67587, 195.47665, 231.77501, 227.94667, 218.68724, 111.28696, 218.51277, 144.69231, 217.96707, 177.75471, 216.7648, 210.50688, 203.1927, 127.32054, 202.83905, 160.60361, 202.05174, 193.08473, 201.16864, 225.09677, 188.13142, 109.79935, 188.03699, 143.04877, 187.07631, 175.677, 186.35576, 207.97758, 172.97163, 125.76029, 172.63751, 158.48253, 171.66858, 190.84724, 171.23436, 222.45039, 158.48209, 108.58384, 158.11394, 141.49265, 157.30632, 173.26462, 156.91057, 205.43002;
  322.76694, 98.371368, 331.58264, 130.50125, 340.67532, 162.44945, 349.77563, 195.15698, 311.18408, 118.62968, 319.89413, 150.71315, 328.9353, 183.34418, 338, 216, 290.54352, 107.4249, 299.58621, 139.50458, 308.40604, 171.50429, 317.3252, 204.2225, 278.93185, 127.64782, 287.64505, 160.15573, 296.23874, 192.50777, 305.45645, 225.28188, 258.50058, 116.50996, 267.48651, 148.46141, 275.94662, 180.65929, 284.51492, 213.31781, 246.73566, 136.93777, 255.21793, 169.2097, 263.9039, 201.49182, 272.24579, 234.50639, 226.2188, 125.49529, 234.56645, 157.41534, 243.2308, 189.66223, 251.76974, 222.31151, 214.3582, 145.82123, 222.77112, 178.11449, 231.05663, 210.57057, 239.47948, 243.77379, 193.81648, 134.54584, 202.4713, 166.56192, 210.55713, 198.72348, 218.41321, 231.42911, 181.99852, 154.94662, 190.18039, 187.14296, 197.98984, 219.93053, 206.50923, 252.96651, 161.48009, 143.44556, 169.86388, 175.52693, 177.57281, 208.11618, 185.48909, 241.09595;
  387.50748, 34.501072, 385.54135, 67.497749, 383.65942, 100.10531, 381.76166, 133.1244, 370.2034, 50.467762, 368.0242, 82.934059, 366.2608, 115.75034, 364.20685, 148.73123, 354.62369, 33.611816, 352.69254, 66.445389, 350.66217, 98.98259, 348.62476, 131.6833, 337.65091, 49.63311, 335.42371, 82.147888, 333.62134, 114.50349, 331.5, 147.50093, 322.5, 32.77486, 320.38791, 65.420197, 318.60535, 97.750977, 316.25906, 129.87306, 305.52621, 48.712044, 303.41315, 80.9785, 301.28207, 112.86144, 299.06241, 145.60486, 290.85403, 32.321102, 288.72195, 64.368988, 286.47626, 96.31356, 284.2648, 128.45569, 274.05405, 47.875484, 271.91336, 79.715797, 269.18857, 111.55579, 266.91299, 143.82245, 259.22269, 31.652248, 257.0235, 63.268303, 254.66942, 94.981895, 252.342, 126.83839, 242.80641, 47.00119, 240.287, 78.4786, 237.83728, 110.14147, 235.28625, 142.43153, 228.43945, 30.614155, 226.23134, 62.202011, 223.40935, 93.582611, 220.89561, 125.48713;
  549.43286, 36.113831, 547.08618, 67.960739, 544.95056, 99.214806, 542.68756, 130.84677, 533.57458, 51.655727, 531.2254, 83.517403, 529.07043, 115.02254, 527.0069, 145.97348, 519.77228, 35.066895, 517.36749, 67.344841, 515.09796, 98.95108, 513.25024, 130.25114, 503.33026, 50.956394, 500.98029, 82.886276, 499.39429, 114.42785, 497.73862, 145.86487, 489.146, 34.51915, 487.04108, 66.864555, 485.25421, 98.735275, 483.80222, 130.2728, 472.65701, 50.353981, 470.75769, 82.284492, 469.30267, 114.13211, 468.14102, 145.88695, 458.16953, 33.665409, 456.53955, 66.02356, 454.87289, 98.110435, 453.73215, 129.84052, 441.81772, 49.575897, 440.29654, 81.936089, 439.11728, 113.62186, 437.77591, 145.15416, 427.05301, 32.682472, 425.69992, 65.420998, 424.47913, 97.512703, 423.34689, 129.67915, 410.64731, 48.73587, 409.50604, 81.213646, 408.65274, 113.23777, 407.3844, 145.31306, 395.48407, 31.743605, 394.59766, 64.898735, 393.41702, 97.056648, 392.57068, 129.13591;
  481.93216, 37.540791, 479.23172, 74.506073, 476.3688, 110.27932, 473.87592, 145.56075, 462.43158, 56.112873, 459.73608, 92.06263, 457.3461, 127.18773, 454.94962, 161.52162, 445.25095, 38.029694, 443.07401, 74.056808, 441.15768, 109.27573, 439.18903, 143.59979, 427.08212, 56.35173, 425.17242, 91.532784, 423.17242, 125.60261, 420.93463, 159.23686, 410.93634, 38.841564, 409.31934, 73.890831, 407.56665, 108.07062, 405.46533, 141.44856, 393.69058, 56.753719, 392.22409, 90.701561, 390.46756, 124.1793, 388.51489, 157.10992, 378.45209, 39.484394, 376.91415, 73.537811, 375.50702, 106.70322, 373.72134, 139.68309, 361.97559, 56.83292, 360.81299, 90.14608, 359.1976, 122.52705, 357.8436, 154.83281, 347.25946, 40.168434, 346.03802, 73.568977, 344.84668, 105.86502, 343.36484, 137.94449, 331.85666, 56.889248, 330.88477, 89.340004, 329.1543, 121.15853, 328.28281, 152.76154, 317.78558, 40.699825, 316.61664, 73.061287, 315.62369, 104.90495, 314.40549, 136.19052;
  276.80576, 167.4827, 283.00455, 196.15964, 289.67755, 226.59853, 296.58353, 258.36893, 264.34134, 184.63986, 270.46326, 214.3773, 276.68393, 245.59026, 283.54398, 278.68738, 245.86298, 173.13702, 251.44228, 202.57779, 257.36343, 233.2251, 263.55225, 265.40067, 232.71313, 190.83748, 238.21291, 221.02538, 243.86006, 252.45129, 249.83745, 285.75052, 214.34312, 178.82109, 219.11925, 208.92763, 224.36473, 239.90732, 229.82091, 272.44171, 200.48225, 196.96101, 205.0695, 227.22731, 210.0049, 259.36887, 215.14841, 293.15024, 181.78955, 184.87531, 186.33179, 215.13768, 190.3125, 246.61728, 194.86287, 279.73215, 167.41095, 203.13174, 171.27678, 234.04123, 175.19267, 266.12042, 179.207, 301.0473, 148.71603, 190.93683, 152.17026, 221.44753, 155.90681, 253.49576, 159.27249, 287.0787, 133.70595, 208.99257, 136.739, 240.63838, 139.37431, 273.50598, 142.75313, 308.57919, 115.21352, 196.92561, 117.80323, 227.78278, 120.01623, 260.33966, 122.60336, 294.34695;
  403.93121, 187.47713, 411.19138, 216.24815, 419.09244, 245.94624, 426.84552, 277.10452, 393.14893, 204.54533, 400.23114, 233.94081, 408.00919, 264.42468, 415.87442, 296.33392, 375.2261, 192.5255, 382.14545, 222.09433, 389.74585, 252.03615, 397.05142, 283.32086, 363.96509, 209.79916, 370.87872, 239.79247, 378.40768, 270.39096, 385.99673, 302.56314, 345.97824, 197.97823, 352.89343, 227.59848, 359.98703, 257.79849, 367.22488, 289.51904, 335.00766, 215.37001, 341.2522, 245.53882, 348.03409, 276.53931, 355.39505, 308.96405, 316.95001, 203.26208, 323.01843, 232.89163, 329.60083, 264.00137, 336.40872, 295.6467, 304.98117, 220.91534, 310.99844, 251.34004, 317.3006, 282.45297, 323.91898, 315.63596, 287.03882, 208.90247, 292.78015, 238.88141, 298.87479, 269.87469, 305.00793, 302.32397, 274.69617, 226.28589, 280.28226, 257.17871, 286.21338, 288.78549, 292.48318, 322.27039, 256.6532, 214.1172, 262.02985, 244.54419, 267.52853, 276.00595, 273.10666, 308.85046;
  491.16641, 204.09064, 495.80328, 232.66966, 500.61267, 261.9393, 505.53583, 291.85742, 480.56589, 219.25221, 485.25504, 248.07509, 489.82144, 277.97705, 495.02457, 308.68802, 465.22031, 205.55888, 469.38217, 234.63239, 474.06381, 264.20541, 479.10345, 294.72791, 453.73563, 221.19205, 458.25027, 250.58566, 462.85001, 280.71179, 468.18353, 311.7955, 437.85526, 207.44772, 442.26746, 236.95784, 446.45709, 266.99213, 451.87857, 297.62103, 426.4325, 223.1606, 430.67453, 253.00107, 435.32318, 283.65164, 440.37411, 315.28748, 410.43716, 209.51718, 414.54636, 238.87459, 418.83481, 269.26358, 423.65469, 300.81155, 398.58008, 224.96028, 402.50345, 255.39189, 407.06653, 286.15125, 411.97681, 318.66052, 382.57385, 211.4675, 386.38245, 241.15807, 390.33273, 272.15985, 394.95496, 303.87827, 370.1012, 227.15938, 373.86221, 257.8786, 378.14301, 289.35587, 382.33838, 322.09933, 353.91501, 213.08882, 357.23883, 243.56636, 361.38687, 274.93213, 365.18677, 307.17526;
  609.66565, 86.080132, 603.36353, 119.0153, 597.27441, 150.34001, 591.56244, 180.3166, 588.13104, 101.2346, 582.25623, 133.17822, 576.94659, 163.29079, 571.62891, 192.84152, 573.05133, 83.511436, 567.41193, 115.65459, 562.06769, 146.1028, 557.51147, 176.09837, 552.67316, 98.337852, 547.83771, 129.19881, 543.12646, 159.16248, 538.59625, 188.20157, 537.80432, 80.883156, 533.14569, 112.04413, 528.86047, 142.36533, 524.64148, 171.69798, 518.78302, 95.277283, 514.4967, 126.01534, 510.57489, 155.35516, 506.88174, 183.87814, 504.22485, 78.331818, 500.50003, 109.11749, 496.66565, 138.97842, 492.91565, 167.83937, 486.3447, 92.679932, 482.90128, 122.69785, 479.54767, 151.54474, 476.12451, 179.57275, 472.45261, 76.032272, 469.02167, 106.33784, 466.14648, 135.61562, 462.99362, 163.66495, 455.51636, 90.130035, 452.50784, 119.59476, 450.03531, 147.82513, 447.0242, 175.58797, 441.92325, 73.966179, 439.1105, 103.64751, 436.55084, 132.30397, 434.1507, 159.93504;
  623.35498, 109.36212, 617.53162, 141.95398, 611.69385, 173.18019, 606.01862, 203.14243, 602.04785, 124.23327, 596.49377, 155.84116, 591.14166, 186.27153, 586.03992, 215.90575, 586.57465, 106.7309, 581.14331, 138.58479, 576.30957, 169.19221, 571.5, 198.99622, 566.10907, 121.73013, 561.47516, 152.43015, 556.86047, 182.26691, 552.57153, 211.48978, 550.92053, 104.54778, 546.67694, 135.71092, 542.5, 166.05171, 538.44971, 195.07387, 531.99188, 118.97484, 528.04486, 149.14639, 523.95886, 178.79962, 520.53265, 207.76511, 517.50085, 101.95098, 513.5, 133.05171, 510.04156, 162.24791, 506.44714, 191.3868, 499.05109, 116.22855, 495.83295, 146.14093, 492.39835, 175.18111, 489.13208, 203.69275, 484.94193, 99.854256, 481.7384, 129.81136, 478.69568, 159.14267, 475.74127, 187.49971, 467.91895, 114.02921, 464.82626, 143.43506, 462.00534, 172.0705, 459.38281, 199.66917, 453.84445, 97.830833, 451.18808, 127.26984, 448.57977, 156.20837, 446.04709, 184.21556;
  495.51004, 174.87207, 493.9346, 207.02921, 492.72708, 237.63902, 491.34586, 267.29379, 476.97345, 191.26109, 475.81628, 222.28581, 474.76184, 252.06944, 473.97363, 281.54944, 459.92419, 175.54778, 459.07541, 206.8869, 458.43472, 237.00189, 457.65414, 266.70621, 442.05066, 191.49185, 441.67615, 221.78148, 441.34659, 251.68419, 441.1998, 280.76175, 425.086, 175.67664, 424.96713, 206.6207, 424.85532, 236.61302, 424.8475, 266.23322, 408.07135, 191.11246, 408.51199, 221.56645, 408.61774, 251.11186, 409.08871, 280.50931, 391.34766, 175.91182, 391.98975, 206.61775, 392.51904, 236.22426, 392.90613, 265.69244, 375.33395, 191.21159, 376.10764, 221.41054, 376.69241, 251.05035, 377.42126, 279.90292, 358.41702, 176.05664, 359.65344, 206.41235, 360.50162, 236.07686, 361.63998, 265.39468, 343.36716, 191.44505, 344.51349, 221.45872, 345.52139, 250.97932, 346.78445, 279.35538, 326.63599, 176.09514, 328.45743, 206.67947, 329.68311, 236.20299, 331.00977, 265.08813;
  478.91602, 165.32199, 477.99564, 198.00696, 477.62668, 229.0023, 476.66898, 259.11826, 461.19022, 182.41638, 460.71075, 213.74847, 460.32568, 244.15887, 460.12549, 274.38736, 443.89975, 166.54138, 443.77637, 198.25172, 443.62759, 229.01031, 443.70413, 259.53021, 426.76697, 182.86467, 426.99286, 214.01883, 427.06921, 244.43407, 427.50931, 274.47073, 409.69583, 167.68582, 410.19534, 198.84383, 410.6524, 229.40227, 411.35068, 259.69617, 393.34311, 183.62157, 394, 214.5, 394.55969, 245.03532, 395.51563, 274.87817, 376.32013, 168.16029, 377.35245, 199.32843, 378.25598, 229.87653, 379.16058, 259.98752, 360.53436, 184.31073, 361.76233, 215.03557, 362.59415, 245.20383, 364.0282, 275.01309, 343.80579, 169.12917, 345.24536, 200.03368, 346.54767, 230.54474, 347.55368, 260.577, 328.45215, 185.05388, 330.24918, 215.76062, 331.58325, 245.76907, 333.04651, 275.0585, 312.07782, 170.03531, 313.64996, 201.02328, 315.41202, 231.2838, 316.90665, 260.84158;
  290.62784, 88.66851, 300.37494, 120.64259, 309.55713, 152.54715, 319.26413, 183.75476, 279.59921, 109.40798, 289.24997, 141.07993, 298.44882, 172.46777, 308.46143, 204.33005, 258.68475, 97.844353, 268.34329, 130.00267, 278.07825, 161.62546, 287.48068, 193.44234, 247.54498, 118.36036, 257.10641, 150.45862, 266.81177, 182.2635, 276.51126, 214.17311, 226.22054, 107.10935, 236.13165, 139.12109, 245.84489, 171, 255.50612, 203.1049, 214.62532, 127.49406, 224.57654, 159.66679, 234.3429, 191.74184, 244.00041, 224.08971, 193.24858, 116.40363, 203.43515, 148.48326, 213.31752, 180.62813, 222.92586, 213.0266, 181.83607, 137.01357, 191.84282, 169.45807, 201.35818, 201.60269, 211.06882, 234.16235, 160.10608, 125.57197, 170.09225, 158.05771, 179.99608, 190.48947, 189.41823, 222.9928, 148.17796, 146.68742, 158.25253, 179.03969, 167.81537, 211.51738, 177.97537, 244.30742, 126.29102, 134.9933, 136.19354, 167.63783, 146.05356, 200.42795, 155.77521, 232.97545;
  317.45746, 76.105583, 324.86237, 110.00407, 332.13879, 143.72551, 339.05338, 177.49142, 304.76471, 96.602615, 312.1037, 130.2094, 319.19897, 163.88074, 326.42004, 197.55212, 285.18619, 83.663643, 292.50476, 117.44807, 299.66199, 150.45496, 306.57278, 183.55659, 273.32574, 104.32475, 280.61395, 137.36647, 287.32687, 170.45432, 294.30258, 203.4883, 253.65062, 91.396217, 261.37604, 124.38923, 268.34824, 157.04616, 274.80472, 189.76654, 242.31488, 111.61234, 249.5, 143.97282, 256.16095, 176.39639, 262.6369, 209.35687, 223.87808, 98.626038, 230.81795, 131.15509, 237.64964, 163.24274, 243.97487, 195.64442, 212.24338, 118.29336, 219, 150.5, 225.51251, 182.54556, 231.96002, 214.62447, 194.02846, 105.73911, 201.08994, 137.69162, 207.43164, 169.44002, 213.78026, 201.70883, 183.0768, 125.14716, 189.66212, 156.87798, 195.65291, 188.49625, 202.0686, 220.36917, 164.97522, 112.75294, 171.96538, 144.07793, 178.08612, 175.67535, 184.19545, 207.17044;
  255.43344, 135.51414, 258.27612, 168.27612, 260.68909, 200.17766, 263.16495, 232.06702, 240.54376, 153.40634, 243.38136, 185.67522, 245.59605, 217.67484, 247.83775, 249.80031, 222.43332, 137.63731, 225.04529, 170.76657, 227.60133, 203.16153, 230.51067, 235.52228, 206.75986, 155.54015, 209.48981, 188.39693, 212.53192, 221.0211, 215.30124, 253.62756, 187.84012, 139.89323, 191.09456, 173.45839, 194.13188, 206.23409, 196.81528, 239.28384, 171.8996, 157.96143, 175.05165, 191.33479, 178.17448, 224.83182, 180.98363, 257.57257, 152.45856, 142.08897, 155.77032, 176.17043, 159.00473, 209.49342, 162.02414, 243.29088, 135.87833, 160.48019, 139.03746, 194.25136, 142.37764, 228.2845, 145.36188, 262.15958, 115.64814, 144.17967, 119.11427, 178.94576, 122.49546, 213.13448, 125.70512, 247.21944, 98.698586, 163.13943, 102.29639, 197.66246, 105.7616, 232.26404, 108.8957, 266.38345, 77.729004, 146.88986, 81.482582, 181.91455, 84.679016, 216.69926, 88.300972, 251.22955;
  591.01324, 68.960892, 582.40894, 107.47923, 574.42255, 143.85979, 566.3006, 178.63481, 566.42377, 86.756439, 558.60889, 123.81979, 551.07404, 159.15445, 543.72504, 193.40965, 550.27081, 65.789177, 542.67279, 103.71032, 535.46191, 139.60522, 528.83813, 174.39029, 526.81421, 83.322952, 519.90271, 119.97645, 513.56232, 154.9966, 507.16611, 189.00922, 510.69156, 62.677849, 504.05927, 100.16361, 498.13129, 135.69034, 492.1152, 170.16074, 488.33447, 79.965904, 482.39651, 116.17485, 476.71765, 150.93863, 471.39871, 184.88234, 472.28076, 59.616127, 466.67267, 96.575058, 461.4877, 132.01471, 456.24597, 166.07109, 450.63235, 76.649551, 445.62729, 112.57032, 440.98407, 147.23241, 436.24753, 180.62016, 434.60922, 56.680386, 430.05646, 93.062103, 425.58566, 128.38017, 421.19464, 162.19464, 414.35098, 73.607597, 410.02002, 109.21323, 406.1116, 143.49309, 402.13583, 176.53717, 398.50281, 53.636227, 394.75772, 90.020676, 390.74707, 124.57462, 386.98837, 158.21417;
  545.04529, 100.36703, 538.88776, 135.96626, 533.50128, 170.36018, 527.87732, 203.91476, 523.49402, 116.71693, 517.62689, 151.70886, 512.46991, 185.47392, 507.491, 218.62813, 507.65582, 97.829651, 502.28366, 132.62576, 497.29333, 166.63553, 492.7276, 200.52191, 486.6424, 113.77016, 481.82004, 148.31776, 477.22882, 181.62709, 472.97397, 214.88472, 471.19458, 94.939209, 466.57297, 129.66861, 461.92484, 163.5312, 457.68759, 196.70558, 451.07642, 111.1651, 446.73849, 145.1741, 442.56525, 178.50055, 438.7717, 211.35077, 435.83517, 92.419006, 431.45026, 126.78891, 427.71481, 160.55649, 424.00745, 193.34964, 416.15369, 108.48466, 412.59448, 142.3206, 408.97809, 175.30338, 405.29358, 207.85069, 401.11304, 89.951286, 397.62451, 123.95798, 393.92398, 157.17911, 390.53644, 190.00473, 382.83456, 105.68231, 379.09497, 139.41908, 375.77905, 172.17972, 372.66843, 204.31648, 367.58859, 87.508713, 364.51053, 121.39618, 361.46143, 154.24239, 358.40411, 186.64799;
  521.9762, 101.65533, 517.50696, 136.39856, 513.02649, 170.5506, 509.12924, 203.58038, 501.74545, 118.40346, 497.61285, 152.46216, 493.36832, 186.05116, 490.03149, 219.05075, 486.24719, 99.960251, 482.0412, 134.68372, 477.92242, 168.30382, 474.40009, 201.4377, 466.29541, 116.65068, 462.88766, 150.49199, 459.04974, 183.65366, 456.13489, 216.55486, 450.84955, 98.370857, 447.10626, 132.72606, 444.01236, 165.91248, 440.73526, 199.16742, 431.95755, 114.65759, 428.42804, 148.45753, 425.33487, 181.34198, 422.57764, 214.31476, 416.07077, 96.669197, 413.10617, 130.81256, 409.98782, 163.86681, 407.34958, 196.63109, 397.69351, 112.73457, 394.8194, 146.33382, 392.05252, 179.49112, 389.50641, 212.02542, 382.11792, 95.000137, 379.48431, 128.68594, 377, 162.09691, 374.39429, 194.60791, 364.11688, 111.15415, 361.75433, 144.56033, 359.43793, 177.41319, 356.99316, 209.77087, 349.03622, 93.30262, 346.71805, 126.9848, 344.42477, 159.84363, 342.13986, 192.46626;
  394.08582, 113.39819, 402.46976, 143.01099, 410.09979, 172.49591, 418.5354, 202.57613, 383.75739, 131.9176, 391.63843, 161.63893, 399.82709, 191.51727, 407.98111, 221.59702, 364.90799, 120.72737, 372.96747, 150.74991, 380.96854, 180.07611, 388.9375, 210.49156, 354.02786, 139.31114, 361.98105, 169.09073, 369.93625, 199.25291, 378.00375, 229.52065, 335.06317, 128.15193, 343.10489, 158.2261, 350.99036, 188.13731, 358.93463, 218.39117, 324.08551, 147.06198, 331.96338, 176.97696, 339.96265, 206.92371, 348.05026, 237.59636, 305.42914, 136.03299, 313.09048, 165.84206, 320.87, 195.82823, 329, 226.23036, 294.1904, 154.8756, 301.92807, 184.80116, 309.78296, 214.89212, 317.54794, 245.59422, 274.96973, 143.81116, 283.04813, 173.71014, 290.53711, 203.99846, 298.53708, 234.37279, 264, 162.5, 271.57541, 192.59561, 279.26636, 223.06097, 287.16379, 254.07243, 245.04451, 151.41595, 252.34752, 181.41142, 260.0134, 211.95372, 267.83105, 242.45602;
  366.24057, 134.77669, 367.75134, 168.24866, 369.64047, 201.24371, 371.18256, 233.91112, 350.65131, 152.47211, 352.46185, 185.41597, 354.34604, 217.98833, 356.10315, 250.55199, 333.90802, 136.93797, 335.75763, 169.81293, 337.88846, 202.11366, 339.62741, 234.61967, 319.35098, 154.46405, 321.64853, 186.63924, 323.06924, 218.68092, 324.58209, 250.65019, 303.05621, 139.33269, 305.15652, 171.43123, 307.16171, 203.28079, 308.44855, 235.11465, 289.04196, 156.3013, 290.95801, 187.95802, 292.79474, 219.52132, 294.25259, 251.3663, 273.13116, 141.35059, 274.91397, 172.96092, 276.98785, 204.08208, 278.43469, 235.70819, 259.27786, 158.00012, 261.30032, 189.2189, 263.04691, 220.28574, 264.33823, 251.51472, 243.98503, 143.13489, 246.08923, 174.30704, 247.88606, 205.40514, 249.09766, 236.21672, 230.88832, 159.82677, 232.49362, 190.56958, 234, 221.22545, 235.80376, 252.054, 215.58778, 145.2684, 217.47414, 175.95522, 218.96942, 206.5062, 220.7216, 236.95879;
  334.08264, 211.61067, 339.95615, 241.15747, 345.45865, 269.50806, 350.84003, 297.64059, 321.73627, 229.75458, 327.29257, 258.48682, 333.1008, 286.76706, 338.83112, 314.82938, 302.9476, 217.99699, 308.93237, 247.11072, 315.04062, 275.68973, 321, 304.00555, 290.5, 235.86354, 296.80817, 264.5065, 302.98953, 293.02606, 309.02823, 321.1723, 271.72644, 223.96153, 278.18292, 253.32275, 284.52579, 281.97043, 290.67081, 310.39258, 259.13394, 242.03262, 266.01633, 271.08807, 272.32513, 299.82086, 279, 328, 240.0154, 230.45352, 247.0567, 259.79596, 254.02098, 288.4281, 260.47287, 317.18283, 227.93044, 248.27026, 235, 277.25378, 241.79649, 306.22, 248.42186, 334.75394, 208.18767, 236.68794, 215.69977, 266.06421, 222.89322, 295.20947, 229.76271, 323.93893, 196.24208, 254.69258, 203.60434, 284.12244, 210.72943, 313.06299, 218.31979, 341.47797, 176.46994, 243.05241, 184.28375, 273.00528, 191.74806, 302.04529, 198.95224, 330.7915;
  333.92691, 207.78279, 339.94366, 237.40593, 345.71979, 266.20544, 351.12863, 294.71808, 321.27625, 225.91292, 327.38681, 255.0874, 333.3812, 283.79385, 339.19183, 311.98969, 302.86044, 214.42398, 309.16141, 243.79565, 315.16937, 272.5, 321.21381, 301.26715, 290.6633, 232.34579, 297.00537, 260.9552, 303.24167, 289.96927, 309.49551, 318.75708, 271.90689, 220.60309, 278.33963, 250.01959, 285, 279, 291.34833, 307.97006, 259.39651, 238.37715, 266.50537, 267.84518, 273.16141, 296.91376, 279.40442, 325.75381, 240.56079, 226.7043, 247.83269, 256.26526, 254.50258, 285.52185, 261.11826, 314.84784, 228.59953, 245.00447, 235.76619, 274.17267, 242.54651, 303.56207, 249.27623, 332.2818, 209.24223, 233.04694, 216.60178, 262.67279, 223.89771, 292.31757, 230.68999, 321.31, 197.40169, 251.41852, 204.66095, 281.02527, 211.74347, 310.36465, 218.93378, 339.15884, 177.62695, 239.73766, 185.58203, 269.59296, 192.77426, 299.13834, 200.12711, 328.08209;
  358.7706, 197.27899, 358.26965, 228.63725, 357.50864, 258.88037, 356.75668, 288.68701, 342.93335, 212.18367, 342.20584, 242.89236, 341.79053, 272.49326, 341.08542, 302.36404, 327.35123, 195.99017, 327.24866, 226.8689, 327.01343, 256.56149, 326.28326, 286.38568, 312.05463, 210.96613, 312.03229, 240.73219, 311.6965, 270.35742, 311.17398, 299.75137, 297.0011, 194.87442, 297.02188, 224.88893, 297.11322, 254.56143, 296.81152, 284.13507, 282.22226, 209.16942, 282.28088, 238.84146, 282.21103, 268.4556, 281.89227, 297.84808, 267.26572, 193.26573, 267.90363, 223.16434, 267.61011, 252.60765, 267.11911, 282.1073, 253.04834, 207.54892, 253.01752, 237.08162, 252.84875, 266.34726, 252.67921, 295.38165, 238.29707, 191.98055, 238.45677, 221.52937, 238.63837, 251.1364, 238.52737, 280.06137, 224.24007, 206.28429, 224.36626, 235.62062, 224.1701, 264.65067, 224.47519, 293.5047, 209.61989, 191.08765, 210.22861, 220.37936, 210.12927, 249.52463, 210.25395, 277.96915;
  300.50986, 214.84978, 299.93332, 244.88364, 298.8699, 273.85889, 298.05542, 302.16248, 284.14978, 229.39719, 283.53455, 258.94934, 283.0943, 287.29343, 282.2984, 315.50568, 268.48349, 213.83406, 268.18402, 243.6024, 267.74005, 272.44287, 267.41174, 300.76349, 252.55946, 228.1586, 252.53552, 257.57175, 252.1259, 286.4718, 251.93604, 314.43652, 236.50546, 212.61104, 236.86571, 242.25801, 236.82233, 271.35226, 236.81113, 300.30579, 220.70328, 226.64331, 221.38785, 256.42502, 221.4158, 285.37869, 221.22493, 313.92462, 204.62807, 210.79121, 205.18529, 240.76086, 205.4449, 270.38718, 205.76227, 299.30649, 189.23224, 225.42087, 189.76309, 255.30167, 190.12718, 284.53998, 190.77522, 313.44278, 172.61516, 209.49788, 173.64955, 239.81749, 174.20448, 269.43716, 174.88278, 298.38257, 157.41019, 224.00488, 158.42757, 254.29445, 158.7036, 283.72849, 159.94485, 312.48169, 140.96263, 208.14833, 141.93768, 238.82222, 142.57378, 268.5542, 143.80653, 297.70416;
  231.5648, 189.9929, 235.65262, 219.63121, 239.79164, 248.48712, 243.87271, 276.8443, 217.69873, 206.76105, 222.43698, 236.1651, 226.67514, 264.98428, 230.85825, 293.12335, 199.53418, 193.55914, 204.34753, 223.37068, 209.03893, 252.42862, 213.47525, 281.13745, 186.33768, 210.65361, 191.18327, 239.93654, 195.85085, 268.94342, 200.58868, 297.57614, 167.51949, 197.17427, 172.7635, 226.99352, 177.85683, 256.48593, 182.56877, 285.60291, 154.23894, 214.04008, 159.60939, 243.91167, 164.45662, 273.08054, 169.17538, 302.37253, 135.22728, 200.84651, 140.52597, 230.94507, 145.79352, 260.58484, 151.06648, 289.96741, 121.51277, 218.05612, 127.23997, 248.11935, 132.50473, 277.6875, 137.55238, 306.92136, 102.12005, 204.54042, 107.98899, 234.93597, 113.43563, 265.11951, 118.83379, 294.85733, 88.456085, 221.685, 94.569298, 252.12267, 99.938309, 282.16061, 105.52837, 311.81534, 68.671593, 208.31281, 74.889244, 239.06216, 80.455643, 269.28662, 86.285378, 299.03854;
  313.35568, 167.13451, 314.97165, 198.01106, 316.73593, 228.09146, 318.50977, 257.50006, 298.28354, 183.07317, 300.54309, 213.48703, 302.3472, 243.03336, 304.3215, 272.53275, 282.07373, 168.19125, 284.05191, 198.93115, 286.34921, 228.52295, 288.11633, 257.89975, 267.77933, 183.89528, 270.04153, 213.95847, 272.18048, 243.41135, 274.07822, 272.82465, 251.14366, 169.16322, 253.74052, 199.15662, 256.00812, 228.96553, 258.08365, 258.93283, 237.05794, 184.42148, 239.84032, 214.70045, 242.05444, 244.33929, 244.16606, 273.6601, 220.65007, 169.7323, 223.37253, 199.97124, 225.76212, 229.78735, 227.88332, 259.39783, 206.73373, 185.38773, 209.29906, 215.44243, 211.76221, 245.06596, 214.26178, 274.47464, 189.89891, 170.49738, 192.92375, 200.86484, 195.67062, 230.43893, 198.03899, 260.28601, 176.52997, 186.15648, 179.1351, 216.24634, 181.9142, 245.90463, 184.65691, 275.15475, 160.01772, 171.25322, 162.7634, 201.52061, 165.74054, 231.52071, 168.12383, 260.90634;
  366.82147, 160.24937, 369.36734, 192.54176, 371.65842, 223.90724, 374.21375, 254.6577, 352.34711, 177.03136, 354.8544, 208.37125, 357.41901, 239.09579, 359.89218, 269.78687, 335.2901, 161.20969, 338.2131, 193.02896, 340.95645, 223.61702, 343.5137, 254.02417, 321.76379, 177.60184, 324.78229, 208.08778, 327.22391, 238.55644, 329.95529, 268.69125, 305.20425, 162.21616, 308.24799, 193.07133, 311.15085, 223.35559, 313.91089, 253.51843, 292.09528, 178.01993, 295.48425, 208.26733, 298.11642, 238.00885, 300.8558, 267.98505, 276.26511, 162.87808, 279.5365, 193.44716, 282.67389, 223.38438, 285.04611, 252.98822, 264.07245, 178.3855, 266.81699, 208.31842, 269.58557, 238.14894, 272.50027, 267.51901, 248.05325, 163.85718, 251.54056, 193.69499, 254.60246, 223.33533, 257.43198, 252.63683, 236.3891, 179.1839, 239.35951, 208.51823, 242.1667, 237.97108, 245.37018, 266.61545, 221.36501, 164.76045, 224.45128, 194.39095, 227.3886, 223.3537, 230.276, 252.0473;
  371.50766, 161.24602, 374.16129, 193.60558, 376.4191, 225.18379, 379.37305, 256.14651, 356.90979, 178.04587, 359.66595, 209.32942, 362.43857, 240.19203, 364.90439, 270.9509, 340.09482, 162.15297, 342.99927, 193.92715, 345.91568, 224.67755, 348.51312, 255.13986, 326.35312, 178.18614, 329.52386, 209.18011, 332.04736, 239.55722, 334.79938, 269.87695, 309.90625, 162.97176, 313.1088, 193.92426, 316.20639, 224.40594, 319.01749, 254.45134, 297.06906, 178.82208, 300.42545, 209.16403, 303.03409, 238.98811, 305.87967, 268.98691, 281.12476, 163.83517, 284.82355, 194.31183, 287.83432, 224.19812, 290.0856, 253.90234, 268.86865, 179.39633, 271.94543, 209.24176, 274.84421, 238.85278, 277.74435, 268.10266, 253.3438, 164.66579, 256.60178, 194.5959, 259.69891, 223.92328, 262.48416, 253.21194, 241.74377, 179.89235, 244.51634, 209.50952, 247.49356, 238.4743, 250.55949, 267.19272, 226.49356, 165.4743, 229.85651, 194.73993, 232.73157, 223.60571, 236, 252.5;
  488.84708, 132.1676, 492.9556, 161.60187, 497.47339, 190.62199, 501.87967, 219.94983, 476.09106, 149, 480.55331, 178.41277, 484.87863, 207.41029, 489.32785, 236.54968, 459.18497, 136.48036, 463.51385, 165.85602, 468.18256, 194.75871, 472.87054, 224.16632, 446.81583, 153.41699, 451.15466, 182.52878, 455.72702, 211.49207, 460.19537, 240.78238, 429.86353, 140.98415, 434.13773, 170.08183, 438.84085, 199.15468, 443.34525, 228.56459, 417.34906, 157.5806, 421.89041, 186.83496, 426.61816, 215.70482, 431.07852, 245.10893, 400.66937, 145.46999, 404.92984, 174.58594, 409.66937, 203.46999, 414.21439, 232.51233, 387.99371, 162.21754, 392.88184, 191.12149, 397.65927, 220.01485, 402.15445, 249.38797, 371.302, 149.44725, 375.98721, 178.6779, 380.59036, 207.61847, 385.10736, 236.84059, 359.28235, 166.56447, 363.87991, 195.12239, 368.67215, 224.45032, 373.08755, 253.61761, 342.71317, 153.88118, 347.12338, 183.01228, 351.89355, 211.97067, 356.45804, 240.92426;
  493.40527, 132.08446, 497.6936, 161.57761, 501.93607, 190.99443, 506.41019, 220.38156, 480.79367, 148.94487, 484.92886, 178.54187, 489.24387, 207.71014, 493.59476, 237.12802, 463.65536, 136.45059, 467.83417, 165.98032, 471.97839, 194.98149, 476.75229, 224.44693, 450.99423, 153.35042, 455.22208, 182.48576, 459.73038, 211.50441, 463.95895, 241.02148, 433.90778, 140.91531, 438.10162, 169.99643, 442.9407, 199.03856, 447.0322, 228.26863, 421.33377, 157.51741, 425.68994, 186.46033, 430.15424, 215.46948, 435.07675, 245.0184, 404.60547, 145.06071, 409, 173.96703, 413.32251, 203.29933, 417.95273, 232.26921, 391.88794, 161.75909, 396.43423, 190.48625, 400.94424, 219.76448, 405.39114, 248.82892, 375.21527, 149.49182, 379.8548, 178.3367, 384.26016, 207.2988, 388.72983, 236.27922, 363.31595, 165.77731, 367.83279, 194.79515, 372.22034, 223.62897, 376.28452, 252.99405, 346.71597, 153.55568, 351.22052, 182.43552, 355.60352, 211.16846, 359.96262, 240.37915;
  376.60449, 117.09274, 377.59473, 148.26109, 378.68228, 179.14572, 379.45779, 209.73048, 361.18408, 133.75964, 362.47198, 164.67937, 363.74527, 195.1638, 364.76285, 225.43437, 345.26575, 118.96741, 346.39276, 149.89375, 347.46112, 180.63081, 349.03314, 211.07065, 330.19867, 135.2023, 331.86713, 166.08902, 332.95181, 196.49277, 334.13983, 226.79272, 314.00055, 120.58271, 315.5, 151.47206, 317.03342, 182.03398, 318.49521, 212.56178, 299.39276, 136.89375, 300.86893, 167.69908, 302.18436, 198.09557, 303.92697, 228.44623, 283.13785, 122.2289, 284.86209, 153.11949, 286.52164, 183.53726, 287.97165, 213.98894, 268.69412, 138.64035, 270.24451, 169.21317, 271.95343, 199.7347, 273.57062, 229.76695, 252.60695, 123.89438, 254.40213, 154.73993, 256.08069, 185.09317, 257.5087, 215.51735, 238.22534, 140.22578, 240.06766, 170.78854, 241.94376, 201.07191, 243.52164, 231.53726, 222.25902, 125.55424, 224.24782, 156.18353, 225.93738, 186.81229, 227.4567, 216.94897;
  370.22394, 115.09278, 371.62534, 146.19394, 372.9165, 177.09598, 374.34534, 207.76935, 355.38028, 131.91643, 356.62509, 162.68752, 358.14734, 193.05179, 359.52115, 223.79166, 338.99902, 117.3173, 340.67203, 148.40073, 342.22058, 178.81308, 343.75061, 209.33751, 324.45932, 133.89751, 326.1207, 164.35605, 327.69675, 194.87782, 329.27917, 225.11412, 308.19696, 119.21711, 310.00592, 150.00165, 311.54651, 180.55087, 313.09845, 211.04172, 293.88321, 135.61111, 295.59647, 166.21756, 297.12057, 196.55666, 298.89944, 227.06902, 277.87589, 121.15155, 279.75732, 151.95877, 281.30728, 182.20372, 282.82523, 212.63782, 263.5, 137.5, 265.00143, 168.03531, 266.96719, 198.35614, 268.5152, 228.7798, 247.61618, 123.10132, 249.27475, 153.71024, 251.04553, 184.07722, 252.57385, 214.31154, 233.52136, 139.43033, 235.18211, 169.98824, 236.82718, 200.11403, 238.50107, 230.53432, 217.35425, 124.92005, 219.4109, 155.48785, 220.93777, 185.94283, 222.36191, 216.18742;
  349.93585, 110.08035, 351.99988, 140.06892, 354.47803, 169.84656, 356.94058, 199.83177, 335.92007, 126.36069, 338.19864, 156.01469, 340.4624, 186.20204, 342.70142, 216.58136, 319.94919, 112.89565, 322.17725, 142.68321, 324.28427, 172.38522, 326.54715, 202.76898, 306.0101, 129.04109, 308.4877, 158.71675, 310.5759, 188.56795, 312.5824, 219.00516, 290.27341, 115.49545, 292.28427, 145.38522, 294.42944, 175.07234, 296.49924, 204.96698, 276.84604, 131.7968, 278.69852, 161.35629, 280.54501, 191.09969, 282.52374, 221.31529, 260.87274, 118.32752, 262.95636, 147.90283, 264.80228, 177.53687, 266.35562, 207.22827, 247.24271, 134.15239, 249, 164, 250.72124, 193.72127, 252.07954, 223.92494, 231.5903, 120.86463, 233.33841, 150.52052, 234.93378, 179.91669, 236.40417, 210.05727, 218.04919, 136.82841, 219.27299, 166.50793, 221.04071, 195.97824, 222.34029, 226.17764, 202.7336, 123.47994, 204.04059, 153.05528, 205.508, 182.53328, 206.81281, 212.31599;
  286.44452, 101.57527, 287.29474, 130.92442, 288.60168, 160.92296, 289.7189, 191.0708, 272.11075, 117.17707, 273.23425, 146.96176, 274.26993, 176.60471, 275.02634, 207.13605, 257.06708, 103.08107, 258.21939, 132.9377, 259.09229, 162.48274, 260.18384, 192.54321, 243.28999, 119.01626, 244.30678, 148.59053, 245.16359, 178.40314, 245.73907, 208.33444, 228.41855, 105.22753, 229.52148, 134.67413, 230.03615, 164.33009, 230.70689, 193.90967, 214.66364, 120.78935, 215.27779, 150.31743, 215.9256, 179.67264, 216.39958, 209.82054, 200.06758, 107.25545, 200.97372, 136.53928, 201.03755, 165.87091, 201.4317, 195.6113, 186.16876, 122.69296, 186.63721, 151.80551, 186.96638, 181.44461, 187.12042, 211.33984, 171.64977, 108.98711, 172.10112, 138.29211, 172.25031, 167.21057, 172.314, 196.95006, 157.92403, 124.51449, 157.97441, 153.522, 158.03014, 182.69626, 158.1091, 212.64522, 143.64876, 110.77795, 143.84361, 139.76682, 143.70912, 168.88869, 143.47473, 198.23212;
  230.64653, 118.12996, 235.91882, 146.62804, 241.5, 175.48106, 246.46904, 203.7648, 218.73962, 134.64063, 224.18674, 163.69273, 229.47003, 192.42192, 235.00839, 220.88107, 201.10764, 122.10723, 206.42841, 151.41098, 212.05298, 180.63329, 217.55504, 209.64905, 188.50435, 139.21112, 194.10817, 168.89207, 200.02257, 198.05452, 205.49123, 227.0762, 170.01143, 126.64398, 176.04674, 156.41861, 181.71925, 186.01981, 187.43793, 215.50255, 157.54904, 144.00262, 163.23836, 174.11256, 169.08878, 203.83572, 174.87408, 233.66953, 138.05537, 131.10799, 144.12758, 161.55853, 150.26814, 191.62236, 155.85081, 221.88879, 124.69172, 149.09908, 130.70546, 179.51556, 136.56075, 209.79596, 142.71129, 240.31505, 105.03876, 135.86581, 111.09124, 166.90388, 117.20808, 197.59465, 123.01692, 228.1508, 91.007187, 154.12332, 97.271606, 185.12868, 103.44039, 216.14421, 109.7237, 247.21689, 70.692513, 140.9969, 77.083595, 172.31853, 83.123215, 203.67305, 89.199417, 234.97029;
  257.65118, 102.05717, 262.88058, 131.38255, 267.79401, 160.41818, 272.93668, 189.87979, 245.05069, 118.79366, 250.35985, 148.10608, 255.85336, 177.34662, 261.02521, 206.9843, 227.97227, 106.31557, 233.02489, 135.86667, 238.10039, 165.11099, 243.26843, 194.41716, 215.62234, 123.2713, 220.82303, 152.65196, 226.09743, 182.06093, 231.02655, 211.71074, 197.91077, 110.71587, 203.22232, 140.41182, 208.53136, 169.6573, 213.44093, 199.15523, 185.51651, 127.86324, 191.01489, 157.56354, 195.8777, 187.01875, 200.69196, 216.5614, 167.82936, 114.89935, 173.0101, 144.95891, 178.29308, 174.26706, 183.21257, 204.14587, 155.0807, 132.20528, 160.29956, 162.11755, 165.35713, 191.87642, 170.39935, 221.82243, 136.95065, 119.49584, 142.44272, 149.43597, 147.43878, 179.30954, 152.38626, 209.03749, 124.34548, 136.91939, 129.28061, 166.68227, 134.48106, 196.53114, 139.37173, 226.8623, 106.22829, 124.27823, 111.56026, 154.01709, 116.07736, 183.91605, 120.87157, 214.10847;
  309.078, 47.365398, 311.9053, 82.350372, 314.64938, 116.46821, 317.14999, 151.17438, 293.80634, 67.088959, 296.61951, 101.24799, 299.50885, 135.52269, 301.59634, 169.61049, 275.86987, 51.637985, 278.87164, 85.930908, 281.75607, 119.95692, 284.05798, 153.90857, 261.29916, 70.856339, 264.24167, 104.78131, 266.66159, 138.59497, 269.02487, 172.17859, 243.77449, 55.481541, 246.64592, 89.601173, 249.33688, 123.27319, 251.54526, 156.47501, 229.43567, 74.483307, 232.17035, 107.71075, 234.4556, 141.323, 236.739, 174.57358, 212.07919, 59.643627, 214.97369, 93.273849, 217.57384, 126.27559, 219.69104, 159.33939, 197.91295, 78.321075, 200.59778, 111.30824, 202.73251, 143.8327, 205.11565, 177.3177, 181.01146, 63.487972, 183.77922, 96.375244, 186.27911, 129.21431, 188.48016, 161.76472, 167.31982, 81.727509, 169.81755, 114.40304, 171.7684, 146.65335, 174.1763, 179.56676, 150.78343, 67.101456, 153.4781, 99.360756, 155.41826, 131.80373, 157.81163, 164.54169;
  247.09468, 72.498695, 250.94287, 106.79948, 254.33246, 139.53302, 258.28223, 171.86772, 231.95613, 90.714821, 236.01744, 124.36051, 239.72687, 157.00557, 243.48279, 189.12283, 212.90279, 74.598877, 217.06343, 108.90516, 221.03639, 141.98669, 225.12297, 174.61827, 198.0574, 93.217033, 202.37894, 126.66866, 206.53523, 159.72316, 210.62613, 192.04762, 178.16951, 76.900864, 183.11243, 111.34528, 187.85452, 144.47382, 191.93979, 177.40425, 163.47441, 95.415207, 168.38795, 129.2771, 172.95773, 162.3687, 177.18489, 194.87587, 143.58855, 79.0326, 148.89993, 113.61087, 153.52989, 147.12263, 158.10193, 179.94472, 128.70184, 97.607094, 133.84369, 131.62654, 138.75162, 165.18733, 143.45715, 198.03511, 108.50628, 81.355873, 114.03715, 115.99581, 118.87339, 149.71724, 123.83332, 182.93878, 93.965431, 99.867264, 99.038124, 134.3701, 103.93668, 167.72139, 109.27198, 200.92516, 73.161995, 83.509666, 78.475548, 118.40126, 84.032928, 152.3754, 89.302788, 185.91072;
  256.8476, 71.477791, 260.52798, 104.86239, 263.9552, 137.49411, 267.5199, 169.20053, 241.80798, 89.627296, 245.75885, 122.70229, 249.47279, 155.04984, 253.24368, 186.56897, 223.02751, 73.60675, 227.08391, 107.62758, 231.18159, 140.44724, 235.02426, 172.55713, 208.15489, 92.216278, 212.6713, 125.42056, 216.90018, 158.13123, 220.62556, 190.1557, 188.59534, 76.305542, 193.19826, 110.39104, 197.88345, 143.38474, 201.9899, 175.90552, 173.83684, 94.536133, 178.52324, 128.33035, 183.1367, 161.22438, 187.51337, 193.78883, 153.59499, 78.540916, 158.88628, 112.94984, 163.71164, 146.6312, 168.4888, 179.44934, 138.85498, 97.366173, 144.03416, 131.42662, 148.66202, 164.66005, 153.50983, 197.40009, 118.26304, 81.039467, 123.71322, 115.74073, 128.74103, 149.63377, 133.79654, 182.6938, 103.18903, 99.996353, 108.57621, 134.22096, 113.68736, 167.59639, 119.05298, 201.07852, 82.40107, 83.809395, 88.193413, 118.64849, 93.559914, 152.53389, 98.744095, 186.51483;
  473.45166, 81.568825, 471.92047, 114.54068, 470.17657, 146.6405, 468.13345, 177.6842, 456.61972, 98.566132, 455.45071, 131.01212, 453.67239, 162.46039, 452.07462, 193.46497, 441.36154, 82.334778, 440.23456, 115.1239, 438.84015, 146.92215, 437.242, 178.15123, 424.60129, 98.85495, 423.33862, 131.52124, 422.50696, 163, 421.34113, 193.95201, 408.63379, 82.604561, 407.88498, 115.64929, 407.30051, 147.40042, 406.56519, 179.02014, 392.42514, 99.402985, 391.50504, 131.88155, 391.06107, 163.56134, 390.64725, 194.93629, 375.96542, 82.931236, 376.09369, 115.93032, 375.58325, 148.04111, 375.30627, 179.45901, 359.74841, 99.742043, 360.00528, 132.48669, 359.76022, 164.23531, 359.45734, 195.48535, 343.48297, 83.41758, 343.61472, 116.4798, 343.85556, 148.63489, 344.06476, 180.04758, 327.40149, 100.59554, 327.50754, 133.21187, 327.80499, 164.76382, 328.27155, 196.00519, 310.63583, 84.065498, 311.27676, 117.28374, 311.94064, 149.09676, 312.33807, 180.80475;
  551.29407, 90.997841, 540.87701, 126.0337, 531.21411, 158.97507, 521.63031, 190.17447, 527.15472, 105.46641, 517.64197, 139.38763, 508.55887, 170.88445, 500.04257, 201.37627, 513.43488, 84.624336, 504.2641, 119.16808, 495.50653, 151.4702, 487.10388, 182.71759, 490.63394, 98.661469, 482.2605, 132.03375, 474.11688, 163.66682, 466.51117, 194.03825, 476.81961, 77.973236, 468.82703, 112.09003, 461.18289, 144.59245, 453.75998, 175.56673, 455.01993, 92.217995, 447.82629, 124.97034, 440.61493, 156.73236, 433.68802, 187.06821, 441.34543, 71.664047, 434.09039, 105.55771, 427.45209, 137.75061, 420.85641, 168.76376, 420.35468, 85.600136, 414.00864, 118.65791, 407.75854, 150.02449, 402.03354, 180.06235, 406.83868, 65.643044, 400.62119, 99.493042, 394.96078, 131.1929, 389.0607, 161.82341, 386.88022, 79.528259, 381.45291, 112.36747, 375.73944, 143.70915, 370.96442, 173.41701, 373.34769, 59.886009, 367.92944, 93.097328, 362.72485, 125.10029, 357.92783, 155.4344;
  588.66315, 78.691086, 578.99719, 113.72377, 569.61163, 147.39262, 560.74194, 180.11937, 565.09601, 93.206001, 555.776, 127.58676, 547.01233, 160.45135, 538.85828, 192.73174, 551.31012, 73.066376, 541.94879, 107.83177, 533.70129, 140.97298, 525.46631, 173.46204, 528.44067, 87.864113, 519.95056, 121.4531, 511.86749, 154.06885, 504.38464, 186.34319, 514.5061, 67.795792, 506.41934, 101.88539, 498.41019, 134.80569, 490.99045, 167.24393, 492.92535, 82.026245, 485.02176, 115.60732, 477.95108, 147.98384, 470.65247, 179.7159, 479.39999, 62.566578, 471.9183, 96.270576, 464.49658, 128.9146, 457.61829, 160.82603, 458.37698, 76.846123, 451.31598, 110.01024, 444.51459, 142.01744, 437.95593, 173.48177, 445.16226, 57.650635, 438.28247, 91.000534, 431.47968, 123.25746, 425.01657, 154.78072, 425.09512, 71.620171, 418.4371, 104.48577, 412.38611, 136.2972, 406.0235, 167.4323, 411.87238, 52.46899, 405.76352, 85.549683, 399.62704, 117.66058, 393.41315, 149.0215;
  456.90607, 134.83943, 459.74005, 168.48831, 462.52771, 201.53748, 465.26849, 233.91504, 441.61942, 153.90337, 444.3786, 186.99771, 447.49326, 219.44267, 449.94543, 252.19142, 423.34937, 138.96944, 426.5235, 172.45386, 429.27393, 205.17204, 432.44189, 237.56963, 408.37985, 157.37718, 411.27139, 190.57767, 414.59338, 223.55476, 417.67166, 255.70908, 389.52423, 142.64865, 392.87006, 176.03384, 396.28955, 208.84944, 399.46768, 241.54279, 374.51086, 161.26205, 378.19019, 194.50137, 381.56213, 227.39902, 384.78128, 259.6348, 356.29739, 146.56677, 359.72421, 179.82507, 363.54562, 212.47374, 366.85971, 245.41449, 341.5, 165.35513, 345.10977, 198.39014, 348.79507, 230.99359, 352.39612, 263.52042, 322.63135, 150.41058, 326.46948, 183.67857, 330.5, 216.59206, 334.33716, 249.35516, 308.08389, 169.12047, 312.27435, 202.18463, 315.79196, 234.84232, 319.56543, 267.28159, 289.45447, 154.37569, 293.50272, 187.41714, 297.54919, 220.41728, 301.62991, 253.00914;
  460.97116, 146.09973, 461.8334, 180.11011, 462.55325, 212.82547, 463.01859, 244.605, 444.09149, 164.96996, 445.0668, 198, 445.69046, 229.88832, 446.75851, 261.39319, 425.56378, 148.96677, 426.95825, 182.74544, 428.39148, 215.40219, 429.85135, 246.89882, 409.04321, 167.3479, 410.53049, 200.46002, 412.3302, 232.31244, 413.59869, 263.64203, 390.68701, 151.94795, 392.4581, 185.00131, 394.5, 217.5, 396.42624, 249.12608, 374.43549, 169.74446, 376.58856, 202.59346, 378.55435, 234.80133, 380.6225, 265.93347, 356.18039, 154.24338, 358.3765, 187.55872, 360.84833, 220.15091, 363.39301, 251.74303, 340.49545, 172.4446, 343.23428, 205.25813, 345.5459, 237.13824, 348.01819, 268.31073, 321.79004, 157.09628, 324.74088, 190.2464, 327.51657, 222.53406, 330.60361, 253.99362, 306.37781, 175.25989, 309.63235, 207.81712, 312.68283, 239.56458, 315.47089, 270.89423, 287.60349, 159.69168, 291.37518, 192.72334, 294.45361, 225.13907, 297.74335, 256.21957;
  350.19666, 151.48006, 346.59674, 184.38831, 343.24606, 217.35924, 339.97473, 250.22781, 331.83673, 166.50447, 328.45294, 199.31128, 325.22464, 232.1362, 322.12793, 265.31155, 317.3526, 148.38338, 313.99808, 181.377, 310.60074, 213.94908, 307.29572, 247.22981, 299.48987, 163.36098, 296.25919, 196.24017, 292.73801, 228.86609, 289.37967, 262.42108, 284.75388, 145.60219, 281.56699, 178.403, 278.25055, 210.99379, 274.77988, 243.90948, 267.19785, 160.47691, 263.87808, 193.12711, 260.21548, 225.83937, 256.90829, 259.2113, 252.72348, 142.96494, 249.53313, 175.3105, 246, 208, 242.23819, 240.83325, 235.30907, 157.69043, 231.56461, 190.33122, 227.89046, 222.76491, 224.44449, 255.96486, 221.30467, 140.18466, 217.39935, 172.50191, 213.73315, 204.96767, 210.04053, 237.75433, 203.53697, 154.88306, 199.69054, 187.34273, 195.93716, 219.87579, 192.39743, 253.19577, 189.53377, 137.04448, 185.98019, 169.42566, 181.77606, 202.05022, 177.97969, 234.9426;
  313.94693, 144.11049, 315.55179, 175.07494, 317.46954, 206.1104, 319.38379, 237.59816, 299.26996, 160.46219, 301.00858, 191.55305, 302.62021, 223.01552, 304.80371, 254.91933, 282.7843, 145.76389, 284.431, 176.98659, 286.17142, 208.34277, 288.22778, 240.08003, 267.84485, 162.48164, 269.5, 194, 271.32584, 225.49738, 273.21616, 257.29102, 251.14771, 147.47374, 252.71214, 179.21526, 254.58311, 210.75278, 256.22153, 242.71111, 235.8446, 164.44275, 237.68889, 195.71706, 239.40253, 228.13487, 240.67107, 260.63959, 219.24673, 149.18837, 220.56783, 180.96002, 222.36678, 213.15918, 223.61067, 245.69302, 203.63817, 166.06839, 204.94687, 198.13911, 206.56067, 230.51195, 208.1488, 263.55142, 186.44763, 150.81723, 187.66624, 183.26759, 189.35738, 215.67101, 190.75867, 248.57091, 170.6459, 167.82544, 171.8589, 200.45268, 173.06572, 233.21866, 174.53886, 266.85812, 153.39722, 152.62955, 154.49672, 185.30737, 155.4839, 218.08083, 156.78246, 251.31604;
  489.91409, 100.22691, 485.74365, 133.02132, 481.42743, 165.34184, 477.58383, 198.45787, 471.03098, 114.92281, 466.84399, 147.54346, 462.73413, 180.254, 459.0163, 213.04918, 456.40466, 96.863579, 452.1936, 129.5125, 448.29858, 161.82382, 444.5065, 194.49504, 437.87372, 111.58739, 433.59964, 144.09763, 429.59689, 176.1955, 425.7674, 208.84169, 423.49149, 93.994164, 419.40088, 126.36322, 415.42432, 158.13933, 411.5452, 190.47217, 405.26425, 108.40825, 401.0246, 140.46536, 397.11554, 172.24138, 393.18671, 204.65654, 391.44299, 90.698135, 387.25482, 122.56914, 383, 154.50665, 379, 186.41643, 373.47894, 105.13511, 369.18011, 136.63206, 364.99384, 168.45657, 360.88519, 200.8383, 359.841, 87.748444, 355.37448, 119.30142, 351.40802, 150.66985, 346.96191, 182.48943, 342.15683, 101.78842, 337.68393, 133.13745, 333.50104, 164.56834, 329.33417, 196.60777, 328.9523, 84.747406, 324.55423, 115.71494, 320.29184, 146.96684, 315.92648, 178.54402;
  428.11365, 98.33577, 436.79459, 127.33469, 445.5321, 156.71193, 454.58203, 186.55621, 417.90198, 116.49007, 426.59543, 145.82648, 435.35513, 175.5472, 444.75262, 205.75871, 399.13831, 105.66555, 407.64636, 134.98912, 416.01215, 164.86882, 425.31915, 194.88341, 388.58456, 124.0122, 396.91998, 153.98598, 406.129, 183.79456, 415.43546, 214.41208, 369.59393, 113.16551, 377.94882, 142.84966, 386.82385, 172.85828, 395.90723, 203.16373, 358.76855, 131.73135, 367.40744, 161.97112, 376.36523, 192.01572, 385.80142, 223.45187, 339.75519, 120.76091, 348.15738, 150.82957, 356.62189, 180.97354, 365.901, 211.71642, 328.8721, 139.73114, 337.35419, 169.98837, 345.90759, 200.58554, 354.9798, 232.25269, 309.50281, 128.50038, 317.6167, 158.85799, 326.45486, 189.42801, 335.30869, 220.61328, 298.29752, 147.61813, 306.65631, 178.26671, 315.4021, 209.09839, 324.41522, 241.17169, 279.03177, 136.35254, 287.08325, 166.7767, 295.444, 197.83638, 304.44855, 229.73697;
  322.6749, 140.28903, 323.93118, 172.71292, 325.0387, 205.07678, 326.35278, 237.46114, 306.95392, 157.00165, 308.3392, 189.31049, 309.32709, 221.563, 310.42685, 254.54375, 290.26282, 141.3624, 291.25397, 173.96721, 292.39902, 206.49992, 293.67133, 238.91638, 274.56418, 158.39404, 275.61633, 190.63397, 276.69461, 223.24083, 277.78967, 256.15247, 257.64923, 142.5999, 258.87048, 174.97922, 259.74789, 207.57643, 260.49484, 240.30324, 241.84531, 159.41022, 243.05983, 191.86377, 243.6768, 224.56374, 244.6209, 257.47369, 225.30879, 143.64256, 225.96848, 176.29691, 227.02559, 208.66293, 227.63908, 241.63908, 209.32915, 160.57573, 210.00174, 193.28355, 210.66115, 225.69226, 211.37202, 259.11841, 192.33315, 144.95888, 193.24149, 177.3932, 193.75343, 210.1841, 194.36954, 243.25876, 176.29306, 161.79054, 176.55679, 194.44398, 177.18379, 227.24722, 177.8992, 260.84521, 159.29247, 145.77286, 159.68251, 178.78915, 160.38739, 211.50171, 160.42213, 244.44814]
