image_Width 640
image_Height 360
board_Width 5
board_Height 6
square_Size 25.5
Camera_Matrix[510.327161798601, 0, 326.8412245628857;
  0, 508.2040540158617, 170.2094448070304;
  0, 0, 1]
Distortion_Coefficients[0.05119237499581918;
  -0.1070497442909414;
  0;
  0;
  0.0362551590566536]
Avg_Reprojection_Error 0.207477
Per_View_Reprojection_Errors[0.17038284;
  0.20027012;
  0.16100007;
  0.15666912;
  0.15444778;
  0.15772477;
  0.15823784;
  0.25456601;
  0.1785495;
  0.20699102;
  0.31597605;
  0.18981014;
  0.15332481;
  0.13567536;
  0.16719143;
  0.20353334;
  0.18416627;
  0.1456472;
  0.13773985;
  0.20531519;
  0.28482851;
  0.31962323;
  0.19264236;
  0.25531572;
  0.21756575;
  0.17460679;
  0.14514752;
  0.20603898;
  0.16972788;
  0.36421862;
  0.38507915;
  0.13163306;
  0.19145791;
  0.18993826;
  0.15624101;
  0.26216677;
  0.17613956;
  0.2966277;
  0.31012374;
  0.25767031;
  0.154653;
  0.31834897;
  0.22249885;
  0.24073975;
  0.24043962;
  0.15156174;
  0.15720043;
  0.14004906;
  0.13905333;
  0.14040038;
  0.16021988;
  0.20944497;
  0.19745883;
  0.16807082;
  0.22410166;
  0.14903192;
  0.13177332;
  0.11690608;
  0.1232135;
  0.12547547;
  0.19221123;
  0.22154446;
  0.14510387;
  0.15780576;
  0.13649186;
  0.1449956;
  0.25082615;
  0.26166189;
  0.15408717;
  0.17414013;
  0.27217472;
  0.25872949;
  0.24975719;
  0.22783555;
  0.2242348]
Extrinsic_Parameters[-2.213796350984202, 2.181654599665512, 0.01704544388683042, 67.36780506777339, 70.24376589527526, 303.5460889030782;
  -2.213519629285997, 2.185727764439593, 0.01980101583544826, 65.81230665510111, 70.37773397391314, 303.0549953442873;
  -2.210944769226405, 2.180899493430584, 0.01323362392382355, 65.15429785295923, 68.15700297371795, 308.5693257815965;
  -2.207286560553211, 2.182559025649732, 0.01394559726059939, 64.81520547492397, 66.38890629433179, 314.4520968621294;
  -2.207257141846335, 2.182396289955613, 0.0140920918167093, 64.80682568628816, 66.38373134938881, 314.4356419867693;
  -2.207172065500659, 2.182304009268776, 0.01420023804446203, 64.8077845708077, 66.3918609313622, 314.438295869227;
  -2.207217743109299, 2.18233753698437, 0.0142189972249434, 64.80621072141389, 66.39144819734572, 314.4300491603505;
  -2.188813466167672, 2.216841412197797, -0.005386240041517338, 60.79966001280327, 59.54658969130625, 340.323697668167;
  -2.207438468454643, 2.228633091054464, -0.003811955399661907, 55.5673805616484, 58.74544454558008, 353.1895324594977;
  -2.198344179185244, 2.229951093292959, -0.02627726495342809, 53.14282685433698, 58.54563084771718, 362.6388109150982;
  -2.211307674801541, 2.198705493207896, -0.1637374119563471, 35.89557257309586, 50.84667039887538, 382.6756797421779;
  -2.190248609420488, 2.15351312067419, -0.2972561217148858, 29.1894302694543, 49.03268149673706, 387.5597665321162;
  1.939710964951131, -2.26166181814204, 0.748539296812741, 26.71402822085499, 44.08647265844735, 424.3630834060438;
  1.900764000686995, -2.222875310862599, 0.6563287744346797, 28.35539723182539, 41.929855653254, 427.9547760588361;
  1.983378880962678, -2.110903888548907, 0.007397776380058665, 19.84921472703601, 47.25646992811242, 403.9549189641018;
  -2.139833171196986, 2.115589909657235, 0.08898834235447438, -41.31905691750673, 57.35627263151339, 389.9109070075073;
  -1.927214718810377, 1.984159118868768, -0.1208067822211373, -54.61310804585815, 58.25130527896544, 392.863223628971;
  -1.855169615296358, 2.122679226220132, -0.4912931235943562, -57.64386866194128, 60.56538816908509, 397.1598409523287;
  -1.851065127964137, 2.14597079627398, -0.5297479832915758, -57.78813202654767, 60.91222859571502, 398.7479235184463;
  -1.863704818710792, 2.261834808790252, -0.7039279068989714, -54.70504348794134, 60.79568603863231, 411.110664275714;
  -1.915440902256556, 2.311980667247148, -0.7274277466940269, -45.03814592592341, 58.34547047807483, 421.6088119984285;
  1.970960343390394, -2.326785818500118, 0.6520481533226041, -29.44828325651945, 54.60307150563606, 432.567677541949;
  1.926598954352168, -1.983488056713475, 0.7002181482330614, 181.2667928363103, 58.1181417439987, 428.3395770704069;
  2.085078620863553, -1.668817583225228, 0.2453979705332772, 193.6980801183045, 75.73637415263158, 424.4222198951722;
  2.217884902367268, -1.701160762543865, 0.1168644637076999, 199.0922575391062, 82.84435342442374, 432.7332249443571;
  2.328002829317013, -1.781464130166594, 0.01270185244381852, 204.8983616814392, 86.68296743720364, 441.7255593610129;
  -2.182831625143271, 1.834564020387587, 0.1706499348275694, 180.7632331966318, 72.2222770481752, 484.37190851784;
  -1.912759093143967, 1.900926933314914, 0.02271405085823581, 150.3727562037171, 53.37402249235959, 488.3071470164481;
  -2.010729040750592, 1.87634727701824, 0.2362735142790662, -57.67438548059946, -6.631634839873753, 419.2400722261165;
  -2.295063977537936, 1.931571703613529, 0.0664428643303035, 57.43799093627645, 44.5626608674912, 415.7485871761149;
  -2.310021603949457, 1.944198564050339, 0.01515862556351822, 60.92314871698471, 46.60899305742655, 414.8887934738422;
  2.203557229181564, -1.968319979847308, 0.4071981619981301, 78.48022766901634, 54.92790252448721, 402.8755377296641;
  2.020543777959333, -2.006498118014255, 0.1604854134466784, 246.8528910229717, 145.5305289390818, 478.2927265003854;
  2.054184495214674, -1.913751262316706, 0.03483804116924126, 257.4791278233831, 149.218087994367, 472.8212539541555;
  2.266377568061303, -1.745009082593293, -0.1838866806731899, 234.5787916080662, 151.9843183026758, 476.1270923714857;
  -2.471894717854732, 1.709368522300991, 0.1325061171152474, 117.0050089767593, 120.7391024336983, 487.7621140606532;
  -2.321132239176407, 1.56372099552192, -0.05011619229984855, 50.28943794151427, 112.3664473403272, 493.0600120890207;
  -1.534563999884799, 2.602310915109078, -0.2647022167025346, 17.02912627096979, 55.49177059190596, 476.913585887594;
  -2.189629377492432, 2.238492216136392, -0.3205893307928397, -40.2532839637016, 63.02369676236177, 457.653417566721;
  -2.183475140466576, 1.764853441847335, -0.3418814514737545, -99.89154658821502, 80.39275820219852, 471.8406129558346;
  -2.089894266980335, 1.480347993171872, -0.2852323950387299, -134.1442494981594, 84.17425741663408, 479.4605150779939;
  -1.913410940129773, 1.356993929800937, -0.5934054592800206, -131.4304724272781, 105.1228576276668, 472.7354997312921;
  -1.817965253899158, 1.826591754799139, -0.9443072962047097, -60.92845180593818, 94.67324586636555, 479.026870119559;
  -1.833940443259231, 2.014315142216146, -0.9760966940250357, -55.05654257656861, 73.60699566027567, 476.7421986493179;
  -1.872439255476579, 2.148272231869767, -0.9361913077455432, -60.95223095188855, 27.20597362902734, 474.3541532671645;
  -1.949044254354046, 2.062332262382019, -0.6055611720788526, -75.51413513115801, -12.83123542712709, 479.269203257724;
  -1.986706855442052, 2.072706024667365, -0.5317615117108673, -68.27840144772989, 7.944241578385101, 525.1827536659314;
  -2.023167489995279, 2.076846365505109, -0.5136339327244091, -71.05182736735088, 17.53547789808359, 574.8021405695486;
  -2.076512321504825, 2.093611692883483, -0.4832299427791069, -76.94743383188201, 24.19746281273139, 645.6810482789464;
  2.027977419743094, -1.65203062481839, 0.2977772190416005, 259.8928316352989, 172.3473977100969, 642.6660410742084;
  2.23583770234504, -2.061881260825018, 0.2782863057661353, 221.0892186472215, 183.9641109029651, 629.3663148847973;
  -1.918163529259642, 2.157743140902875, -0.4285240620379021, -166.0124501903526, 168.377957529038, 737.5847159105473;
  -1.919834948058214, 2.16132930234822, -0.4029632881532471, -170.3369968771883, 166.8465403500806, 736.0456256425963;
  -2.183537363249163, 2.036045979611702, -0.5374944398965782, -288.7414929278381, -32.74857170441376, 717.9176738818402;
  2.048060213003557, -1.765084257632893, 0.03379054283722885, 65.91740512064335, -24.25991541938608, 561.7935122207323;
  2.05302104278316, -1.972829930255058, -0.2047940510718618, 154.0747418022497, 28.71898599485743, 699.5064584908652;
  -1.950704546549559, 2.354812498239695, -0.5528820102589768, 158.0702561503078, 92.92084810715096, 858.96701794861;
  1.875610846191084, -2.203127550139947, 0.5954306874674432, 135.8359596063525, 109.1029811329281, 857.3138493950894;
  1.873396908073488, -2.130655269092094, 0.5649832356471317, 122.0267384538546, 117.4471461138827, 860.4472970450839;
  2.18656748341452, -1.990316223082443, 0.3290686669411439, 23.14674253345407, 132.4089934479372, 844.4277465045241;
  1.734369881256533, -2.264969393817308, 0.202674207243935, -89.39312256787946, 54.40095412379982, 718.1386150922318;
  -2.384598570103534, 1.707835661815243, -0.2147465947855634, -1.139747653292685, 43.59683782478536, 616.2642184235644;
  -2.058164356862978, 1.832559879906407, -0.4399137336686768, 7.366016736617926, 53.0540468490906, 622.1097935544239;
  -1.695368689175737, 2.0302126016577, -0.875924579429115, -7.431516716472513, 60.20509989248512, 628.4168529717006;
  1.912155051754416, -2.324336037023638, 0.5246719654818913, 86.32649660102869, 68.79116035364964, 585.8231493787572;
  -2.370073362733337, 2.015296374938624, 0.1852427441264439, 77.83317347867776, 73.46868003455229, 540.8723811155301;
  2.554097700360212, -1.705935929912347, -0.4407903599967581, 160.4973798611107, 92.1094854279938, 525.6331546148075;
  2.524338458943579, -1.691074293861701, -0.4233780801125937, 164.598125318649, 93.08137237596341, 524.0533405922146;
  2.162059354849074, -2.221673934193776, -0.2662878598356919, 238.6317827443435, 50.83378610043089, 543.4012613788722;
  -1.712004043475871, 1.833775080040277, -0.08037775877962161, 27.94864030244139, 0.7366008259383939, 486.4785464612918;
  2.725750645714805, -1.237653027032357, 0.5564640809631289, -37.46506006040116, 87.85992664565944, 490.6323626110725;
  0.2379407037639368, 2.96123734161311, 0.04455754812422228, 2.09578347770772, -57.88199322840465, 506.6251131756803;
  -0.7686796560992517, 2.828055361858751, -0.03141349794669036, 57.11545569307509, -35.28838932715987, 514.2754369056546;
  -0.8679274325829079, 2.917754553202616, 0.102773822123934, 84.46149289952807, -11.9514398717591, 512.047274285095;
  -0.9658636633736484, 2.460202787874047, 0.2433418638953638, 55.284151496374, -3.753858564947116, 495.3138596045174]
Image_points[440.53986, 288.02911, 441.40601, 245.3819, 442.36285, 202.69553, 443.35986, 159.74496, 444.30612, 116.2001, 397.48697, 287.54926, 398.37354, 244.93066, 398.98032, 202.21646, 399.83661, 159.23155, 400.80865, 115.66572, 354.42184, 287.24161, 355.08118, 244.49648, 355.83276, 201.59271, 356.58908, 158.47826, 357.30966, 114.89963, 311.3049, 286.90466, 311.93448, 244.01927, 312.52716, 200.87524, 313.42532, 157.91216, 313.90033, 114.54867, 267.97601, 286.43832, 268.56738, 243.37956, 269.25531, 200.44476, 269.72995, 157.22964, 270.43137, 113.6078, 224.709, 286.01031, 225.22897, 242.95049, 225.70692, 199.90431, 226.24438, 156.50229, 226.67117, 113.10272;
  437.98257, 288.48788, 438.68127, 245.60023, 439.62158, 202.80145, 440.65695, 159.83015, 441.50327, 116.36224, 395.05301, 288.28882, 395.7804, 245.30464, 396.41928, 202.52402, 397.11758, 159.34019, 397.94543, 115.91, 351.67258, 287.77664, 352.2999, 245.04341, 352.96579, 201.93216, 353.66031, 158.80783, 354.41141, 115.34264, 308.47534, 287.37326, 309.23505, 244.414, 309.66962, 201.5, 310.32196, 158.27597, 311.03348, 114.89053, 265.34937, 287.1803, 266.01877, 243.98082, 266.41684, 201.07318, 266.84351, 158.09708, 267.31042, 114.2696, 221.83394, 286.60641, 222.45058, 243.58936, 222.81854, 200.52039, 223.36708, 157.27921, 223.54681, 113.69226;
  434.99872, 282.61328, 435.88712, 240.62482, 436.71634, 198.66925, 437.71524, 156.59764, 438.46631, 113.80379, 392.82935, 282.30838, 393.53824, 240.16231, 394.13046, 198.18871, 394.86017, 155.87755, 395.73111, 113.19071, 350.34756, 281.94629, 350.93866, 239.69026, 351.50455, 197.68814, 352.29047, 155.28342, 352.95859, 112.59774, 307.91553, 281.68735, 308.43417, 239.5, 309.02802, 197.2196, 309.70486, 154.77556, 310.30173, 111.91537, 265.20813, 281.27383, 265.80255, 239.09506, 266.25247, 196.694, 266.87509, 154.21242, 267.28656, 111.28024, 222.37357, 280.86523, 222.90094, 238.49854, 223.36584, 196.08905, 223.88858, 153.50378, 224.23857, 110.59241;
  432.51273, 277.52423, 433.03284, 236.46428, 433.97299, 195.18744, 434.58975, 153.88286, 435.52777, 111.99247, 391.02377, 277.47324, 391.57529, 236.20836, 392.16, 194.91048, 392.8605, 153.28191, 393.5961, 111.48549, 349.28354, 277.17755, 349.78964, 235.93024, 350.41507, 194.39952, 350.98523, 152.87315, 351.52386, 110.95133, 307.69974, 276.91974, 308.16898, 235.60066, 308.57355, 194.03629, 309.07629, 152.42107, 309.5, 110.5, 265.80847, 276.70065, 266.15344, 235.2514, 266.73907, 193.63699, 267.13266, 151.99742, 267.47803, 109.83764, 223.82693, 276.35303, 224.05367, 235.03017, 224.55873, 193.31766, 224.90567, 151.43498, 225.18938, 109.31297;
  432.51273, 277.52423, 433.03284, 236.46428, 433.97299, 195.18744, 434.58975, 153.88286, 435.52777, 111.99247, 391.02377, 277.47324, 391.56863, 236.19141, 392.1817, 194.9137, 392.8605, 153.28191, 393.58688, 111.50137, 349.28354, 277.17755, 349.80722, 235.92043, 350.44876, 194.43651, 350.94278, 152.78337, 351.48334, 110.92882, 307.57535, 276.81412, 308.20242, 235.60123, 308.59818, 194.07526, 309.07629, 152.42107, 309.5, 110.5, 265.80847, 276.70065, 266.1644, 235.24821, 266.65381, 193.59976, 267.06357, 151.98259, 267.43414, 109.79916, 223.83475, 276.40445, 224.05717, 235.01906, 224.58237, 193.22833, 224.90567, 151.43498, 225.18217, 109.20908;
  432.51273, 277.52423, 433.03284, 236.46428, 433.97299, 195.18744, 434.58975, 153.88286, 435.52777, 111.99247, 391.02377, 277.47324, 391.54724, 236.19875, 392.1817, 194.9137, 392.8605, 153.28191, 393.5961, 111.48549, 349.28354, 277.17755, 349.7959, 235.91679, 350.44876, 194.43651, 350.97971, 152.95663, 351.48334, 110.92882, 307.54565, 277.05804, 308.16898, 235.60066, 308.59818, 194.07526, 309.07629, 152.42107, 309.5, 110.5, 265.85266, 276.67657, 266.16858, 235.26549, 266.70831, 193.62808, 267.06357, 151.98259, 267.43414, 109.79916, 223.87325, 276.35745, 224.05367, 235.03017, 224.54819, 193.23184, 224.90567, 151.43498, 225.18217, 109.20908;
  432.51273, 277.52423, 433.03284, 236.46428, 433.97299, 195.18744, 434.58975, 153.88286, 435.52777, 111.99247, 391.02377, 277.47324, 391.54724, 236.19875, 392.1817, 194.9137, 392.8605, 153.28191, 393.5961, 111.48549, 349.28354, 277.17755, 349.7959, 235.91679, 350.44876, 194.43651, 350.97971, 152.95663, 351.48334, 110.92882, 307.54565, 277.05804, 308.16898, 235.60066, 308.59818, 194.07526, 309.07629, 152.42107, 309.5, 110.5, 265.85266, 276.67657, 266.16858, 235.26549, 266.65381, 193.59976, 267.06357, 151.98259, 267.43414, 109.79916, 223.87325, 276.35745, 224.05367, 235.03017, 224.54819, 193.23184, 224.90567, 151.43498, 225.18217, 109.20908;
  418.33389, 258.99857, 417.86102, 220.89018, 417.54993, 182.7207, 417.29385, 144.72667, 417, 106.41564, 379.82104, 259.62125, 379.50452, 221.59552, 379.17563, 183.57227, 378.71741, 145.17802, 378.44345, 106.7474, 341.44513, 260.4967, 341.01154, 222.39607, 340.54056, 184.00684, 340.2388, 145.73915, 339.95825, 107.22655, 303.0043, 261.29922, 302.5943, 222.82828, 302.13242, 184.53624, 301.70581, 146.47646, 301.38611, 107.77361, 264.34311, 261.91208, 263.79163, 223.5, 263.42761, 185.2572, 263.05222, 147.02057, 262.53705, 108.27106, 225.4229, 262.49219, 224.99062, 224.14073, 224.571, 185.60332, 224.26968, 147.29703, 223.60635, 108.62186;
  407.1445, 254.76099, 406.78732, 217.95947, 406.43121, 181.44875, 406.30539, 144.57701, 406.00082, 107.65688, 370.2355, 255.30455, 370.03458, 218.46248, 369.58649, 181.58778, 369.45782, 144.98232, 369.01807, 108.01678, 333.24338, 255.63765, 332.88116, 218.646, 332.77612, 182.15778, 332.34769, 145.26233, 332.10269, 108.44429, 296.47281, 256.12048, 296.2066, 219.29616, 295.71283, 182.41005, 295.4697, 145.73444, 295.32654, 108.77895, 259.42105, 256.62262, 259.12436, 219.79013, 258.8768, 182.88953, 258.3446, 146.00339, 258.25903, 109.1297, 222.46484, 257.07306, 222.1367, 220.17581, 221.8868, 183.29243, 221.56841, 146.42661, 221.35762, 109.34388;
  401.74173, 252.04071, 401.24875, 216.31862, 400.79181, 180.67859, 400.3761, 145.05153, 399.94699, 109.41489, 365.91483, 252.76625, 365.37576, 217.00598, 364.80484, 181.30797, 364.23077, 145.51796, 363.84769, 109.79943, 329.81561, 253.48883, 329.23816, 217.65149, 328.79166, 181.91345, 328.1853, 146.03084, 327.82684, 110.28823, 293.56201, 254.23645, 293.19995, 218.21259, 292.86163, 182.52983, 292.41898, 146.58424, 292, 110.5, 257.38922, 254.83348, 257.07495, 218.99898, 256.64142, 182.9321, 256.14026, 147.15036, 255.75278, 111.12543, 220.989, 255.56015, 220.66133, 219.5793, 220.20143, 183.63559, 219.98044, 147.61861, 219.61975, 111.59572;
  374.48138, 237.06313, 374.6088, 203.50214, 374.70218, 170.12344, 374.74768, 136.72717, 374.66516, 103.43435, 340.77411, 237.64485, 340.9014, 203.5, 340.96893, 169.85133, 341.3215, 136.10185, 341.5, 102.92143, 306.53336, 237.79463, 306.9267, 203.52669, 307.18994, 169.69783, 307.5, 135.92143, 307.62915, 102.20319, 271.95868, 238.03735, 272.33798, 203.44942, 272.69885, 169.30762, 273.233, 135.34952, 273.68289, 101.53394, 236.57869, 238.18536, 237.38995, 203.70198, 237.98607, 169.15425, 238.51144, 134.95148, 239, 101.10915, 200.70996, 238.63257, 201.52026, 203.67967, 202.40932, 168.95267, 203.20155, 134.49188, 203.78957, 100.17054;
  365.21844, 234.23436, 365.26352, 200.85164, 365.38062, 167.99733, 365.43436, 135.40907, 365.46326, 103.01009, 332.34195, 234.26704, 332.51181, 200.46597, 332.70538, 167.10641, 333.02878, 134.13103, 333.34854, 101.34855, 298.5, 234.18448, 299.0101, 199.95891, 299.40616, 166.56154, 299.84317, 132.83997, 300.40314, 99.836403, 263.87241, 234.13789, 264.48196, 199.48196, 265.32651, 165.28838, 266.07941, 131.54498, 266.85651, 98.112473, 228.15308, 234.35695, 229.24104, 199.09029, 230.35519, 164.42433, 231.27502, 130.20834, 232.31633, 96.411079, 191.51466, 234.5502, 192.82906, 198.46384, 194.18657, 163.44966, 195.41914, 128.80943, 196.71416, 94.708549;
  358.96481, 223.03044, 352.26978, 194.86253, 345.70425, 167.47156, 339.56598, 141.51498, 333.74402, 116.06525, 330.11411, 226.71535, 323.90094, 197.75211, 317.86215, 170.09435, 312.01477, 143.4415, 306.59995, 117.54766, 300.03513, 230.37811, 294.1644, 200.88332, 288.84329, 172.58896, 283.55652, 145.20505, 278.58017, 119.1772, 268.7247, 234.51991, 263.54031, 204.10544, 258.60486, 175.1776, 254.07253, 147.37788, 249.62338, 120.80649, 236, 238.42232, 231.52408, 207.55562, 227.09929, 178.08585, 223.35367, 149.61285, 219.25928, 122.39716, 201.69054, 243.05244, 198.10867, 211.39877, 194.27037, 181.0849, 190.93495, 151.9342, 187.65776, 124.18929;
  360.884, 220.07106, 354.1445, 192.16359, 348.13614, 165.6075, 342.41165, 140.06969, 336.83612, 115.27393, 331.30823, 223.93192, 325.55457, 195.56679, 319.85822, 168.64925, 314.64407, 142.60622, 309.51807, 117.54993, 301.0813, 228.0345, 295.91916, 199.17, 290.86328, 171.57109, 286.06619, 145.13109, 281.51511, 119.89037, 270.07959, 231.98439, 265.39294, 202.65353, 261.172, 174.62093, 257.00949, 147.96031, 252.81728, 122.14665, 237.905, 236.37585, 234.0636, 206.517, 230.48964, 178.22368, 226.73384, 150.82269, 223.34818, 124.68663, 204.85777, 240.77466, 201.83284, 210.44147, 198.64833, 181.34776, 195.87257, 153.63689, 193.14529, 127.24478;
  351.89999, 229.68468, 350.36176, 197.81618, 348.61499, 166.72211, 346.9989, 136.32356, 345.16479, 106.22107, 320.20471, 231.43263, 318.82318, 199.80846, 317.62802, 169.4068, 316.35663, 139.10645, 314.92322, 109.23437, 289.07938, 233.15088, 288.16574, 202.17834, 287.2619, 171.41353, 286.15808, 141.68935, 285.06711, 112.13522, 258.72946, 234.98256, 258.13037, 204.11272, 257.53223, 173.86119, 256.86969, 144.14063, 256.11902, 114.9446, 228.86884, 236.70544, 228.5479, 206.10928, 228.34093, 176.16409, 227.98804, 146.76312, 227.46973, 117.87839, 199.60271, 238.48085, 199.57317, 208.05179, 199.58269, 178.18367, 199.41417, 149.27126, 199.20384, 120.53666;
  272.82025, 244.70837, 272.89722, 212.36168, 273.10788, 179.30807, 273.01758, 145.55727, 273.09256, 111.0411, 238.86685, 245.02995, 238.71249, 212.30116, 238.52769, 179.02771, 238.09019, 145.22289, 237.80089, 110.44445, 204.73453, 245.15845, 204.18663, 212.39424, 203.54565, 178.97873, 202.89345, 144.84335, 202.39439, 109.8309, 170.27817, 245.12912, 169.49527, 212.22743, 168.68571, 178.70605, 167.7179, 144.42371, 166.86707, 109.40874, 135.76137, 245.23692, 134.58487, 212.15633, 133.43283, 178.35876, 132.24458, 144.07639, 130.91795, 108.82339, 100.86249, 245.16249, 99.424042, 212.26155, 97.869156, 178.17329, 96.433151, 143.68686, 94.890747, 108.41175;
  255.7195, 245.3665, 254.97034, 213.87753, 254.30849, 181.1624, 253.53052, 147.6953, 252.79504, 113.14049, 221.89003, 249.3412, 220.73096, 216.97069, 219.57106, 183.53287, 218.17984, 149.34993, 216.91882, 114.04425, 186.64799, 253.40031, 184.96103, 220.24341, 183.28442, 186.25302, 181.31635, 151.0905, 179.3107, 114.78684, 150.12793, 257.47046, 147.59056, 223.72356, 145.23033, 188.72839, 142.76337, 152.86943, 140.28362, 115.89423, 111.73008, 261.70105, 108.62902, 226.92726, 105.57957, 191.43851, 102.51273, 154.75478, 99.232552, 116.76008, 71.538124, 265.83109, 67.96244, 230.50008, 64.028641, 194.1368, 60.390022, 156.62474, 56.419651, 117.9411;
  252.61876, 247.77289, 248.29579, 215.33554, 243.67902, 183.11819, 239.3866, 150.79671, 235.22572, 118.48626, 220.22826, 254.1778, 215.67998, 220.67874, 211.04222, 187.35854, 206.69121, 154.10196, 202.12021, 120.82389, 185.66124, 260.85526, 181.04187, 226.14989, 176.42126, 191.90498, 171.81793, 157.80176, 167.21388, 123.40326, 149.25238, 267.98441, 144.38326, 232.25615, 139.70981, 196.85162, 135.0432, 161.57895, 130.34056, 126.31243, 110.34039, 275.33801, 105.49689, 238.62715, 100.62476, 202.13382, 95.740868, 165.75905, 90.909843, 129.13219, 68.997932, 283.39328, 64.009605, 245.40771, 59.173313, 207.64616, 54.294712, 169.97902, 49.608215, 132.36598;
  252.72754, 247.89891, 247.83072, 215.63988, 243.00168, 183.62766, 238.26021, 151.94002, 233.4416, 119.91402, 220.66348, 254.36702, 215.5873, 221.22783, 210.71571, 188.05876, 205.75293, 155.24184, 200.79077, 122.5278, 186.11867, 261.19238, 181.21043, 226.83946, 176.20439, 192.96477, 171.25052, 159.18187, 166.30061, 125.18918, 149.95313, 268.54443, 144.77751, 233.10062, 139.79242, 197.92253, 134.84125, 163.07785, 129.82954, 128.2608, 111.24288, 276.22205, 106.0604, 239.76839, 101.0799, 203.35426, 96.020729, 167.34264, 91.093346, 131.40657, 70.130981, 284.41696, 64.927986, 246.66316, 59.899624, 208.88939, 55.065479, 171.86221, 49.993301, 134.62134;
  258.96417, 245.58238, 252.53403, 214.93842, 246.2261, 185.07898, 240.23178, 155.75882, 234.09068, 126.94012, 227.76978, 251.86545, 221.61867, 220.40672, 215.51648, 189.62062, 209.5, 159.4939, 203.75731, 129.77122, 194.80756, 258.55441, 188.87434, 226.05905, 182.84364, 194.35182, 177.18924, 163.3517, 171.63962, 132.71381, 159.93723, 265.49326, 154.15576, 231.93216, 148.71094, 199.29129, 143.08905, 167.30258, 137.64192, 135.97954, 123.02535, 272.92218, 117.60539, 238.35217, 112.35603, 204.81624, 107.0472, 171.72743, 101.78185, 139.34457, 83.755814, 280.73688, 78.774239, 245.16313, 73.847816, 210.21143, 68.933151, 176.47708, 64.030655, 143.08292;
  272.40927, 240.91075, 266.36774, 211.31395, 260.28922, 182.5726, 254.56026, 154.70758, 248.77164, 127.36839, 242.0246, 246.25734, 236.09595, 216.10768, 230.40636, 186.68646, 224.81706, 157.92, 219.35516, 129.95886, 210.07307, 252.08339, 204.461, 220.91679, 199.06441, 190.79599, 193.87024, 161.31688, 188.60649, 132.56375, 176.43248, 257.9389, 171.30324, 226, 166.34561, 194.92477, 161.43161, 164.86024, 156.76431, 135.54552, 141.19473, 264.38983, 136.50795, 231.42896, 131.92007, 199.68297, 127.41308, 168.80011, 122.93488, 138.63574, 104.30553, 270.80093, 99.962677, 237.08409, 95.854637, 204.60745, 91.823715, 172.87152, 87.896454, 141.95758;
  292.29852, 234.8501, 287.05984, 205.95039, 281.82037, 178.04312, 276.73212, 151.0123, 271.68362, 124.62878, 262.60461, 239.28749, 257.35614, 210.09735, 252.68123, 181.56973, 247.97237, 153.99451, 243.15442, 127.20422, 231.28612, 243.77081, 226.72574, 214.04913, 222.41481, 185.04269, 218.14404, 157.04173, 213.59009, 129.72461, 199.47278, 248.85791, 195.25366, 218.29997, 191.30194, 188.82425, 187.40459, 160.2715, 183.46336, 132.46614, 166.10254, 253.98178, 162.55148, 222.70126, 159.08904, 192.74252, 155.5726, 163.57515, 151.99649, 135.43953, 131.61729, 259.00476, 128.56958, 227.35086, 125.71304, 196.79335, 122.60675, 167.14433, 119.72233, 138.10164;
  544.14532, 239.62025, 535.6731, 212.59175, 527.46558, 186.99013, 519.95752, 162.60194, 512.94366, 139.60606, 515.24951, 239.93091, 507.50711, 212.545, 500.1586, 186.80592, 493.33795, 162.43936, 486.75308, 139.0435, 486.2283, 239.93307, 479.13116, 212.30223, 472.61096, 186.47238, 466.5, 162, 460.7226, 138.70474, 456.5, 240, 450.27069, 212.18219, 444.65143, 186.1441, 439.25943, 161.55244, 434.38315, 138.1701, 426.19269, 240.0929, 420.89291, 212.23834, 416.18381, 186.04895, 411.62006, 161.34134, 407.39029, 137.82674, 395.36768, 240.18228, 391.16672, 212.11456, 387.32404, 185.82114, 383.65631, 161.07408, 380.23236, 137.3907;
  561.44269, 261.91653, 563.31445, 233.45383, 565.07404, 206.04646, 566.74792, 179.76576, 568.24658, 154.81435, 528.69995, 255.41379, 531.39795, 227.34268, 533.77356, 200.78595, 536.01984, 175.24074, 538.38623, 150.61139, 496.63821, 249.07216, 500.17816, 221.64973, 503.44543, 195.67624, 506.23798, 170.58331, 509.13055, 146.65578, 466.1644, 243.17943, 470.2937, 216.38632, 474.02307, 190.71869, 477.66187, 166.26181, 481.0166, 142.64491, 436.45673, 237.18114, 441.08917, 210.93503, 445.41507, 185.92148, 449.45822, 161.994, 453.45822, 138.994, 407.5, 231.5, 412.68033, 205.88545, 417.59372, 181.35966, 422.38773, 157.86383, 426.63345, 135.1819;
  563.37048, 268.50616, 568.00574, 239.55452, 572.27521, 211.55911, 576.64484, 184.17105, 580.95917, 157.51439, 531.4989, 260.30844, 536.63837, 231.97906, 541.53418, 204.42355, 546.13647, 177.48874, 550.93744, 151.46712, 500.85672, 252.31902, 506.21567, 224.44864, 511.6423, 197.53453, 516.65289, 171.15848, 521.60596, 145.5544, 471.01825, 244.66481, 476.92026, 217.37465, 482.39618, 190.92699, 487.7569, 165.13412, 493.06799, 139.825, 442.0069, 237.25421, 447.92963, 210.31107, 454.07666, 184.41399, 459.68817, 159.101, 465.29062, 134.17279, 413.61893, 230.07355, 420.13986, 203.73439, 426.38455, 178.09207, 432.37491, 153.30214, 438.30511, 128.89241;
  565.26947, 270.81131, 571.18817, 241.93362, 577.31274, 213.83299, 583.29852, 185.8501, 589.2735, 158.21111, 534.6601, 262.52997, 540.95081, 234.06573, 546.99402, 206.04396, 553.14941, 178.57179, 559.32343, 151.29184, 504.81818, 254.15593, 511.23453, 226.20909, 517.74164, 198.69296, 523.92023, 171.47598, 529.93268, 144.40768, 475.83264, 246.31854, 482.38864, 218.6122, 488.80197, 191.41272, 494.96115, 164.72543, 501.43637, 137.8315, 446.99756, 238.51595, 453.72684, 211.1776, 460.21466, 184.23692, 466.87595, 157.56172, 473.21353, 131.38747, 418.96283, 230.82092, 425.72681, 203.84416, 432.54083, 177.355, 439.0679, 151.02409, 445.55869, 125.00978;
  518.48657, 246.23439, 526.20404, 221.59132, 534.29126, 196.20862, 542.52917, 170.14816, 551.36652, 143.25095, 493.07562, 242.76622, 500.54404, 217.97346, 508.18338, 192.26115, 516.23865, 165.94044, 524.58057, 138.8369, 467.35739, 239.16011, 474.29272, 213.9494, 481.75098, 188.09023, 489.41238, 161.60446, 497.38641, 134.04887, 441.33496, 235.43614, 448.16553, 210.12683, 455.17996, 184.2373, 462.5722, 157.20279, 470.01273, 129.38902, 414.8569, 231.90869, 421.43906, 206.09109, 428.14063, 179.71344, 434.88553, 152.62653, 442.42191, 124.51727, 388.14813, 228.06563, 394.40668, 202.09769, 400.58762, 175.47887, 407.18314, 148.09676, 413.94662, 119.52262;
  484.56714, 225.86929, 488.62656, 200.89653, 492.84097, 175.6693, 497.30994, 149.49869, 502.08444, 121.84097, 461.27176, 227.85118, 464.82141, 202.85721, 468.79889, 176.86644, 472.87091, 150.23123, 477.20889, 122.43815, 436.99362, 229.994, 440.16721, 204.50577, 443.70187, 178.29919, 447.40182, 151.01042, 451.4704, 122.80938, 412.09564, 232.13802, 414.64227, 206.3351, 417.8562, 179.55078, 421.15042, 152.00369, 424.72885, 123.25693, 386.06729, 234.42874, 388.45468, 208.1487, 391.07449, 180.72879, 393.93536, 152.84634, 397.07751, 123.87412, 359.25314, 236.77721, 361.32385, 210.03735, 363.56946, 182.49971, 365.82477, 153.84454, 368.43829, 123.90503;
  256.7114, 162.06041, 258.19101, 132.62584, 259.55792, 101.99142, 260.87381, 69.431641, 262.11673, 35.429779, 224.87204, 161.0193, 225.63249, 130.95688, 226.19193, 99.930901, 226.77783, 67.174828, 227.19824, 32.604881, 192.28452, 159.7274, 192.30203, 129.52661, 192.0717, 97.940613, 191.8396, 64.633392, 191.41713, 29.696188, 159.14162, 158.32535, 158.24985, 127.54341, 157.45078, 95.955536, 156.25131, 62.214539, 154.99268, 26.702681, 125.19183, 157.03775, 123.60741, 126.09917, 121.81023, 93.522102, 119.75582, 59.5919, 117.63448, 23.675198, 90.35392, 155.45093, 87.903946, 124.34337, 85.416603, 91.471252, 82.493477, 56.941761, 79.560829, 20.589014;
  397.39035, 224.81221, 403.263, 194.58174, 409.47791, 163.92883, 415.66562, 132.7403, 422.18481, 100.98811, 367.09256, 219.93706, 372.50998, 189.52191, 378.57477, 158.56169, 384.52539, 127.33934, 390.4787, 95, 336.15021, 214.94046, 341.70459, 184.24297, 347.2868, 153.23189, 352.99524, 121.58768, 358.63602, 89.124367, 305.21991, 209.66916, 310.42233, 179, 315.70367, 147.70369, 321.11591, 115.78089, 326.57288, 83.00193, 273.71326, 204.72795, 278.67908, 173.66415, 283.67258, 142.36702, 288.97656, 110.08004, 294.05017, 76.89048, 241.77615, 199.57378, 246.47021, 168.32053, 251.29802, 136.42142, 256.1319, 103.97149, 261.07184, 70.872108;
  401.89505, 227.41142, 407.6799, 197.00238, 413.6243, 166.33864, 419.5694, 135.27357, 425.86932, 103.33894, 371.5, 222.4939, 376.9249, 191.91066, 382.70554, 160.99141, 388.44839, 129.44179, 394.62732, 97.505173, 340.57584, 217.2666, 346.11746, 186.65823, 351.5, 155.53696, 357.22137, 123.9544, 362.96765, 91.605232, 309.47809, 212.49002, 314.64966, 181.46277, 320.04535, 150.03458, 325.5, 118, 330.88382, 85.664673, 278.11771, 207.43695, 283.14459, 176.09619, 288.19104, 144.35016, 293.44678, 112.16288, 298.73883, 79.485016, 246.10939, 201.92928, 250.95622, 170.56693, 256.0965, 138.56528, 260.89639, 106.20466, 266.05148, 73.227654;
  426.6503, 239.6734, 427.59503, 208.42879, 428.71722, 178.35751, 429.86661, 149.33197, 431.1398, 121.22944, 394.82611, 235.82611, 396.41357, 204.69553, 398.05316, 174.61391, 399.76813, 145.54553, 401.60193, 117.26988, 362.55173, 232.04698, 364.92566, 200.81229, 367.29248, 170.80098, 369.45901, 141.56062, 371.75522, 113.47965, 330.4118, 228.53317, 333.33936, 197.03662, 336.24942, 166.95532, 339.17563, 137.92076, 341.87012, 109.68483, 297.89142, 224.60092, 301.49063, 193.11044, 305.05121, 163.05206, 308.51501, 134.09045, 311.84726, 105.79443, 264.85498, 220.89853, 269.28754, 189.45946, 273.43671, 159.32848, 277.60059, 130.07605, 281.43854, 101.74807;
  592, 326, 588.78503, 297.93237, 585.64642, 270.6243, 582.67297, 244.13066, 579.729, 217.96889, 563.10382, 325.17038, 560.40674, 297.29895, 557.66455, 270.38046, 555.10327, 243.94644, 552.41718, 218.04614, 534.76904, 324.43115, 532.37897, 296.76938, 529.99573, 269.79984, 527.60614, 243.51715, 525.47113, 218.02144, 507.06064, 323.5589, 504.74576, 296.25238, 502.92029, 269.5188, 500.96997, 243.45616, 499.02621, 218.02777, 479.39444, 322.72842, 477.5, 295.5, 476.0025, 269.02585, 474.43387, 243.14848, 472.80719, 217.90633, 452.09082, 321.76892, 450.6319, 294.6702, 449.29361, 268.66519, 448.24536, 242.93695, 447.09253, 217.95995;
  606.1673, 331.70322, 605.55859, 303.25006, 604.89056, 275.97458, 603.77197, 248.64909, 602.9856, 222.29865, 576.56311, 328.72818, 575.92377, 300.73035, 575.4834, 273.42462, 574.84485, 246.57043, 574.27478, 220.50394, 547.50354, 325.6839, 547.15558, 297.96606, 546.87695, 271.13519, 546.56427, 244.72681, 546.31665, 218.87479, 518.71826, 322.51785, 518.90503, 295.41547, 518.9765, 269.0817, 518.96344, 242.74506, 518.88348, 217.36459, 490.76865, 319.58917, 491.24075, 292.74301, 491.47638, 266.62585, 492.00507, 240.98117, 492.23718, 215.68283, 463.49393, 316.65384, 464.11923, 290.20215, 464.78287, 264.5, 465.5, 238.96268, 466.09064, 214.22676;
  579.93103, 333.54865, 586.25385, 306.53116, 592.66455, 279.87476, 598.95703, 253.4986, 605.15234, 227.22119, 550.84778, 324.88519, 557.17657, 298.14075, 563.70386, 271.99326, 569.83716, 245.90939, 576.08661, 219.99358, 522.59766, 316.09772, 529.06189, 290.06186, 535.32605, 264.39432, 541.58923, 238.46297, 547.90527, 213.10489, 495.34662, 307.65091, 501.69186, 281.98135, 508.05182, 256.70029, 514.42773, 231.51393, 520.49286, 206.52267, 468.75473, 299.6077, 475.03238, 274.40689, 481.42136, 249.5188, 487.50311, 224.76797, 493.94522, 199.90025, 442.79669, 291.46732, 449.26016, 266.83099, 455.66385, 242.40639, 461.91681, 217.76334, 468.24887, 193.81966;
  449.66763, 296.90311, 460.39117, 272.76459, 471.04645, 248.34143, 482, 223.69757, 493.17761, 198.4003, 424.7294, 287.5965, 434.97815, 263.75671, 445.68741, 239.09514, 456.36932, 214.17235, 467.14621, 188.99744, 399.68448, 278.68448, 409.94241, 254.3795, 420.26645, 229.78014, 430.7562, 204.96584, 441.44016, 179.45349, 374.73639, 269.22897, 384.81769, 245.21219, 395.09152, 220.69179, 405.25674, 195.28629, 415.81873, 169.96915, 349.57953, 260.21774, 359.5506, 235.75717, 369.40662, 211.19193, 379.68848, 186.13264, 389.80176, 160.53661, 324.66147, 250.92374, 334.229, 226.5289, 344.15833, 201.69736, 354.09671, 176.60089, 364, 151;
  378.96927, 286.33936, 389.93365, 263.13681, 401.08157, 239.76001, 412.25464, 215.7571, 424.10117, 191.53148, 355.87527, 278.93164, 366.48163, 255.50507, 377.58694, 231.52779, 388.87433, 207.39249, 400.60443, 182.60146, 331.87759, 271.84573, 342.67178, 247.66325, 353.46024, 223.51085, 364.91891, 198.61464, 376.47568, 173.51604, 307.39767, 264.09665, 318.06229, 239.55252, 328.88623, 214.92749, 340.1615, 189.56807, 351.54059, 163.60367, 281.88544, 256.16879, 292.54782, 231.31252, 303.47739, 205.94011, 314.56482, 180.20996, 326.03491, 153.69516, 255.56139, 247.96472, 266.14685, 222.65746, 277.12549, 196.69312, 288.07339, 170.52983, 299.61047, 143.61047;
  345, 229, 331.92667, 205.26274, 318.78247, 181.70387, 305.82373, 158.05316, 292.62463, 134.36049, 321.51544, 242.77245, 308.13852, 218.84406, 294.82385, 194.69301, 281.66418, 170.8653, 268.64575, 146.8131, 297.48654, 256.94931, 283.92896, 232.59544, 270.4855, 208.1617, 257, 184, 243.66286, 159.79713, 272.9509, 271.56378, 258.96393, 247.00729, 245.55827, 222.03647, 232.07759, 197.66885, 218.47414, 172.85013, 247.83484, 286.49182, 233.79346, 261.49704, 220.02116, 236.64752, 206.28206, 211.60997, 192.65997, 186.57632, 222.02119, 301.79385, 207.96759, 276.43274, 193.97714, 251.27762, 180.05759, 225.97624, 166.34308, 200.48654;
  281.15442, 239.79578, 281.1698, 211.89775, 280.79141, 184.08342, 280.32816, 156.47809, 280.00186, 129.22032, 252.87927, 240.82283, 252.69691, 212.57336, 252.67419, 184.37067, 252.3922, 156.74138, 252.15442, 129.20422, 223.5, 242, 223.73763, 213.28671, 224.0356, 184.97739, 223.85573, 156.87518, 223.77701, 129.44617, 193.76166, 243.09566, 194.16638, 213.82695, 194.68633, 185.42346, 194.82814, 157.27724, 194.72089, 129.27202, 163.256, 244.11537, 164.08022, 214.92682, 164.57715, 186.03459, 165.04536, 157.56224, 165.21811, 129.33365, 132.27289, 245.37596, 133.03003, 215.59677, 133.84827, 186.63992, 134.56671, 157.76112, 134.95, 129.42441;
  218.29492, 257.22949, 224.13057, 230.1391, 230.38403, 203.15956, 236.19589, 175.85269, 242.16808, 148.83192, 190.20695, 253.6488, 196.40297, 226.15479, 202.63782, 198.4993, 208.5, 171, 214.47391, 143.17253, 161.09601, 249.99638, 167.33517, 221.85777, 173.39236, 193.67735, 179.64989, 165.38397, 185.59892, 137.10567, 130.54492, 246.24704, 136.84914, 217.55902, 143.31256, 188.6761, 149.44949, 159.75616, 155.69316, 130.93906, 98.835892, 242.30963, 105.11681, 212.61551, 111.59837, 183.32454, 117.99935, 153.94502, 124.3271, 124.18147, 65.527596, 237.91727, 72.02562, 207.85478, 78.669312, 177.83574, 85.092545, 147.64821, 91.62529, 117.57414;
  183.39598, 259.5524, 192.49797, 235.28082, 201.73747, 210.46652, 211.30022, 185.37009, 220.71658, 159.70958, 156.40927, 256.02271, 165.57491, 230.70932, 175.03937, 205.11342, 184.49207, 179.30389, 194.16063, 152.59151, 127.80653, 252.00943, 137.10056, 225.99304, 146.4666, 199.44789, 156.04718, 172.40257, 165.64818, 145.05583, 97.451828, 247.4884, 106.84107, 220.58232, 116.06606, 193.30144, 125.77673, 165.10866, 135.38271, 136.69177, 65.158813, 242.80643, 74.204391, 214.79091, 83.651772, 186.65977, 93.289711, 157.57237, 103.04377, 128.189, 30.403315, 237.82552, 39.6138, 209.00374, 49.080177, 179.45117, 58.528202, 149.2514, 68.163063, 118.60079;
  184.09673, 283.21149, 193.32172, 257.62903, 202.81108, 232.05859, 212.2933, 206.59299, 222.00887, 180.80858, 160.50508, 282.7251, 170.08855, 256.02997, 179.72624, 229.20741, 189.70973, 202.38339, 199.73512, 175.37482, 134.33807, 281.99564, 144.49197, 253.99092, 154.57547, 226.05275, 164.8167, 197.90541, 175.25287, 169.44403, 105.99474, 281.10107, 116.42066, 251.83678, 127.01087, 222.30028, 137.54552, 192.56242, 148.30898, 162.91939, 74.583565, 280.2515, 85.334053, 249.24637, 96.160904, 218.38541, 107.32071, 186.85284, 118.53924, 155.60417, 40.031342, 278.78244, 51.179974, 246.18881, 62.430439, 213.61987, 73.86525, 180.77, 85.522621, 147.47498;
  261.68524, 270.63248, 260.004, 243.43047, 258.69305, 216.83798, 257.3093, 190.85033, 256.10379, 164.97502, 239.12923, 272.46646, 237.61284, 244.46768, 236.37637, 216.74748, 235.37843, 189.42731, 234.06267, 162.66296, 214.6143, 274.82623, 213.18982, 245.20084, 212.25473, 216.57957, 211.35501, 188.2227, 210.22433, 160.27617, 187.98026, 277.23935, 187.00894, 246.41446, 186.17256, 216.34155, 185.28445, 186.79753, 184.57146, 157.85492, 158.77293, 279.58139, 158.08473, 247.4727, 157.52063, 216.09213, 156.85408, 185.21321, 156.43431, 155.06116, 126.73732, 282.47842, 126.3502, 248.83881, 126.17318, 215.84201, 125.91961, 183.72675, 125.62789, 152.02208;
  267.6694, 248.46034, 263.64249, 222.14716, 259.63315, 196.42578, 256.01392, 171.38104, 252.35005, 146.67686, 243.51834, 250.93063, 239.72339, 223.48109, 235.86304, 196.89455, 232.36385, 170.58382, 228.92041, 145.14728, 217.55357, 253.3949, 213.97591, 224.93208, 210.49966, 197.4136, 207.03261, 170.30426, 203.96242, 143.93365, 189.69746, 256.10208, 186.24832, 226.43697, 182.9601, 198.00151, 179.86606, 169.7937, 176.92223, 142.44167, 159.36279, 259.16824, 156.35721, 228.453, 153.325, 198.67641, 150.4044, 169.47981, 147.79599, 141.02036, 126.32407, 262.142, 123.63246, 230.28723, 121.10254, 199.15746, 118.71627, 168.86676, 116.46075, 139.36989;
  260.8447, 199.20645, 256.10587, 173.93857, 251.55472, 149.05164, 247.11778, 125.04137, 242.85413, 101.46242, 235.18326, 200.89516, 230.65211, 174.75284, 226.33157, 149.23613, 222.16833, 124.43037, 217.88696, 100.10487, 207.83192, 202.83192, 203.62732, 175.77345, 199.5365, 149.31577, 195.56142, 123.95736, 191.65369, 98.958557, 178.5721, 204.75412, 174.88734, 176.74396, 170.88995, 149.70462, 167.16364, 123.28712, 163.64914, 97.614265, 147.23079, 206.99782, 143.74239, 178.10619, 140.26715, 149.95688, 136.99573, 122.83448, 133.49268, 96.517143, 113.42475, 209.3394, 110.50686, 179.3383, 107.53205, 150.39287, 104.40426, 122.14619, 101.69125, 94.792397;
  246.29359, 156.66521, 244.63811, 130.02625, 242.98274, 103.70491, 241.15465, 77.614136, 239.25201, 51.747986, 219.45177, 157.06697, 217.57097, 129.67764, 216.13449, 102.7055, 214.38522, 75.906784, 212.69868, 49.304222, 191, 157.3894, 189.42023, 129.3477, 187.88423, 101.57574, 186.28458, 74.094925, 184.65598, 46.959545, 161.284, 157.62828, 159.8651, 128.85716, 158.16635, 100.39608, 156.89798, 72.39827, 155.44249, 44.497162, 129.98865, 157.94072, 128.5, 128.5, 127.05843, 99.174408, 125.86982, 70.342552, 124.68021, 41.883919, 96.444168, 158.30754, 95.397339, 128.12762, 94.193642, 97.909607, 93.434204, 68.71637, 92.263763, 39.29245;
  260.46442, 178.03824, 259.29968, 153.48944, 258.12845, 129.22636, 256.68921, 105.11668, 255.61003, 81.117386, 236.00403, 178.47392, 234.7874, 153.80099, 233.51549, 129.03865, 232.42177, 104.28092, 231.33307, 79.432968, 210.22665, 179.3493, 209.22169, 153.78563, 208.08163, 128.42929, 206.95435, 103.31428, 206.06238, 78.263908, 183.8084, 179.96265, 182.60193, 153.81554, 181.68912, 127.93092, 180.62778, 102.30686, 179.60728, 76.906113, 155.85909, 180.56042, 154.94778, 154.02145, 153.91515, 127.71706, 153.25647, 101.47005, 152.10924, 75.353218, 126.69072, 181.37949, 125.93559, 154.21527, 125.19389, 127.10728, 124.36319, 100.53251, 123.48486, 74.013863;
  263.73151, 185.63707, 263, 163.5, 262.24088, 141.25679, 261.41562, 119.15294, 260.87695, 97.072884, 241.33789, 186.08397, 240.52461, 163.41362, 239.86549, 140.65912, 239.34032, 118.54686, 238.5, 96, 217.8857, 186.54562, 217.29892, 163.29892, 216.74677, 140.25261, 216.08093, 117.52032, 215.41455, 94.870201, 194, 187, 193.37263, 163.3129, 192.7514, 139.78981, 192.30408, 116.56177, 191.78249, 93.418762, 168.85501, 187.18973, 168.25522, 163.1976, 167.91324, 139.38777, 167.59058, 115.73623, 167.20288, 92.390793, 142.78569, 187.84789, 142.48579, 163.22124, 142.22305, 138.78751, 142.05197, 115.02287, 141.62692, 90.865112;
  265.95551, 189.40167, 265.71649, 169.40524, 265.47705, 149.60843, 265.21463, 130.10043, 264.996, 110.6953, 245.8031, 189.12653, 245.68976, 169.21838, 245.38847, 148.91275, 245.19112, 129.1109, 245.0155, 109.46972, 225.1109, 189.19112, 224.92122, 168.88091, 224.98445, 148.53011, 224.81227, 128.28053, 224.61539, 108.31731, 203.93102, 189.24258, 203.84782, 168.80435, 203.94907, 148.02084, 203.64697, 127.53741, 203.64334, 107.26175, 181.9716, 189.28374, 182.07695, 168.28276, 182.19104, 147.39001, 182.11072, 126.69977, 182.16295, 106.17401, 159.51123, 189.09628, 159.44997, 168.03084, 159.78378, 146.66608, 159.88632, 125.76656, 160.01628, 104.9875;
  534.77838, 307.57504, 535.67963, 287.95538, 536.46967, 269.18744, 537.21619, 251.01727, 538.17426, 233.49792, 513.24048, 303.46539, 514.32037, 284.04462, 515.73578, 265.56537, 516.88873, 247.91603, 518.11853, 230.52029, 491.89297, 299.25134, 493.68829, 280.14798, 495.15546, 261.9841, 496.82864, 244.31924, 498.15869, 227.31499, 471.49203, 295.20731, 473.4075, 276.58194, 475.46149, 258.68695, 477.32318, 241.12102, 479.15869, 224.31499, 451.27103, 291.37085, 453.58374, 273.05197, 455.90909, 255.2155, 458, 238, 460.29834, 221.36194, 431.29279, 287.70721, 434, 269.51889, 436.62628, 251.8741, 439.25974, 234.89001, 441.64276, 218.43753;
  507.30264, 319.5921, 507.28534, 298.24344, 507.37296, 277.38983, 507.43518, 256.91943, 507.64371, 236.54308, 487.05872, 318.33008, 486.99258, 296.79135, 487.21451, 275.90173, 487.53223, 255.11102, 487.95691, 234.87376, 466.38947, 316.66232, 466.81226, 295.28052, 466.8992, 274.29602, 467.45761, 253.55049, 467.76511, 233.28006, 446.18835, 315.13913, 446.35791, 293.42398, 446.93765, 272.64575, 447.39423, 252.00804, 448.07819, 231.52275, 425.2883, 313.75946, 426.00571, 292.09799, 426.62814, 271.0618, 427.40582, 250.31554, 428.13937, 229.86061, 404.29861, 312.29861, 405.30478, 290.57181, 406.28833, 269.61465, 407.08804, 248.82471, 407.94537, 228.04427;
  211.77835, 286.5657, 209.7309, 268.75742, 207.61194, 251.42326, 205.76582, 233.83022, 203.43262, 216.46156, 193.27463, 290.10715, 191.23669, 272.17529, 189.25052, 254.40445, 187.27446, 236.74557, 185.18182, 218.81818, 174.38849, 293.61945, 172.5, 275.5, 170.66769, 257.33231, 168.4761, 239.36012, 166.54091, 221.34561, 155.40976, 297.21832, 153.32277, 278.81241, 151.44044, 260.50296, 149.61128, 242.35397, 147.43951, 224.06628, 135.63049, 300.85565, 133.87457, 282.24023, 131.6926, 263.75806, 129.81818, 245.18182, 127.87904, 226.83768, 115.59848, 304.6344, 113.56744, 285.65491, 111.5, 267, 109.83665, 248.34311, 107.90976, 229.80165;
  208.41937, 285.82574, 206.40193, 268.20773, 204.45834, 250.40959, 202.16617, 232.95441, 200.23837, 215.35986, 189.74263, 289.31693, 187.82507, 271.33273, 185.89284, 253.72537, 183.8945, 235.8604, 181.68744, 217.92226, 171.18182, 292.81818, 169.11938, 274.7146, 166.87238, 256.63211, 165.06548, 238.64461, 163.04999, 220.65616, 151.91942, 296.26373, 149.76741, 278.06317, 147.82004, 259.7619, 145.61418, 241.4971, 143.66434, 223.37953, 132.03879, 299.91806, 130.2841, 281.37891, 128.07512, 262.78607, 125.94351, 244.47354, 124.07228, 226.07228, 111.95759, 303.92261, 109.92775, 285.13751, 108.00953, 266.21759, 105.93229, 247.57831, 104, 229;
  120.49317, 146.93962, 122.62123, 129.54019, 124.64272, 111.90878, 126.55678, 94.90815, 128.57234, 77.87748, 100.58642, 144.88651, 102.69472, 127.16745, 104.89037, 109.60585, 107.1206, 92.156075, 109.07322, 75.136856, 80.191048, 142.75613, 82.481094, 124.76488, 84.590363, 107, 86.943512, 89.526466, 89.322594, 72.315445, 59.568596, 140.49356, 61.834114, 122.50677, 64.495598, 104.77312, 66.937889, 86.937111, 69.142616, 69.507004, 38.5, 138.5, 41.158707, 120.06284, 43.833874, 102.13805, 46.380634, 84.074776, 49, 66.5, 17.074799, 136.10771, 19.825081, 117.59042, 22.53091, 99.470032, 25.5, 81.5, 28.002726, 63.766018;
  386.98209, 148.55099, 390.49402, 127.46217, 393.94406, 106.71507, 397.27109, 86.623367, 400.47067, 66.72673, 364.34448, 146.62598, 368.07352, 125.62854, 371.58124, 105.44395, 375.17288, 85.689148, 378.63666, 66.138077, 342.18884, 144.62683, 346.45129, 124.05045, 350.24222, 104.35336, 353.72577, 84.80928, 357.483, 65.800232, 321.02878, 142.67619, 325.19919, 122.67981, 329.46426, 103.0711, 333.17746, 83.721718, 336.96265, 65.167923, 300.26538, 140.9402, 304.76633, 121.28197, 309.1232, 101.86765, 313.30634, 83.190201, 317.32425, 64.57254, 280.15375, 139.44997, 284.86465, 119.86465, 289.48041, 100.79463, 293.77744, 82.218109, 298, 64;
  439.67682, 191.12102, 440.26172, 172.71083, 440.87088, 154.48141, 441.58533, 136.09474, 442.11325, 117.87919, 420.40146, 190.50278, 421.38794, 172.09666, 422.01062, 154.01521, 422.59271, 136.10928, 423.27463, 118.10716, 402.21204, 189.7027, 402.95462, 171.89183, 403.71545, 153.89688, 404.23178, 135.9639, 405.02713, 118.28889, 384.07236, 189.0106, 385, 171.33759, 385.69498, 153.66617, 386.31155, 136.08186, 387.24182, 118.56845, 366.5, 188.5, 367.51859, 170.76668, 368.31146, 153.4382, 369.05664, 136.10162, 369.85242, 118.49602, 349.38733, 187.72916, 350.19803, 170.37329, 351.05658, 153.05658, 352.10437, 136.00847, 352.80292, 118.80292;
  420.85553, 225.31439, 417.10086, 210.63733, 413.39685, 196.06033, 409.78967, 181.72165, 406.203, 167.50757, 407.23404, 228.08475, 403.54959, 213.20958, 400.09027, 198.62735, 396.23984, 183.97008, 392.76865, 169.48598, 393.33749, 230.72792, 389.81985, 215.73402, 385.98288, 201.00443, 382.66986, 186.33012, 379.04623, 171.91461, 379.21133, 233.59837, 375.74911, 218.5, 372.11807, 203.61382, 368.37564, 188.70804, 365.08328, 174.02931, 364.88837, 236.59079, 361.19958, 220.99869, 357.80826, 206.20706, 354.40829, 191.3851, 350.83179, 176.4272, 350.26266, 239.26266, 346.71326, 224.1577, 343.28973, 208.74722, 339.89456, 193.63713, 336.36206, 178.93727;
  407.84515, 235.05197, 404.09851, 220.83983, 400.37241, 206.9209, 396.87427, 193.1423, 393.53854, 179.84776, 393.45908, 237.15553, 389.87479, 222.89508, 386.35767, 208.86858, 382.89713, 195.14267, 379.63126, 181.60323, 378.63351, 239.3304, 375.35767, 224.86858, 372.05359, 210.85387, 368.64331, 197.14236, 365.51654, 183.47835, 363.91925, 241.36296, 360.70911, 227.15199, 357.43921, 212.74957, 354.4169, 198.92744, 351.31836, 185.34875, 348.91113, 243.69279, 345.67844, 229.15778, 342.91699, 214.87579, 339.99454, 200.93738, 336.90149, 187.16017, 333.75031, 246.01675, 330.6925, 231.33635, 328.08301, 216.87579, 325.35892, 202.9066, 322.6149, 189.20638;
  399.37219, 239.81772, 396.19113, 225.6091, 393.14481, 211.85519, 390.45462, 198.27367, 387.50879, 185.08276, 384.5, 241.5, 381.73846, 227.08705, 378.8269, 213.34218, 376.1279, 199.92815, 373.53323, 186.51457, 369.6897, 243.08064, 367.08188, 228.87025, 364.36572, 214.88959, 361.79575, 201.19484, 359.25562, 188, 354.87094, 244.79025, 352.19077, 230.56114, 349.79489, 216.61539, 347.35669, 202.85764, 344.98721, 189.62849, 339.62186, 246.80061, 337.35889, 232.44838, 335.07751, 218.06827, 332.7561, 204.68207, 330.50592, 191.03546, 324.5, 248.5, 322.34894, 233.93352, 320.36893, 219.85768, 318.35767, 206.13142, 316.08951, 192.73305;
  340.85846, 249.88336, 341.97684, 234.65822, 343.2215, 219.70116, 344.43964, 204.92014, 345.5, 190.5, 325.5, 248.50642, 326.81882, 233.18118, 328.01532, 218.11847, 329.5, 203.5, 330.758, 188.96637, 310.24484, 247.2451, 311.59735, 231.8954, 312.97195, 216.8974, 314.42133, 202.10951, 315.75974, 187.56836, 294.6344, 245.6243, 296.5, 230.5, 298.02167, 215.36494, 299.5, 200.5, 301.07297, 185.9679, 279.15277, 244.36134, 280.93857, 229.06142, 282.81317, 214.00743, 284.5, 199.47218, 286.11063, 184.75346, 263.80289, 242.91333, 265.52985, 227.47638, 267.5, 212.5, 269.37988, 197.68684, 271.10944, 183.12869;
  263.29944, 208.70055, 259.82132, 192.01143, 256.42242, 175.28882, 252.86844, 159.10593, 249.05734, 143.14351, 245.64734, 213.55881, 242.55281, 196.55281, 239.38057, 180.23949, 235.923, 163.923, 232.49158, 147.95444, 228.26889, 218.31023, 225.38884, 201.50708, 222.37091, 184.88376, 219.12988, 168.54274, 215.93683, 152.53241, 211.40251, 222.95761, 208.50156, 206.04086, 205.43143, 189.43143, 202.42508, 173.39035, 199.42456, 157.30559, 194.30522, 227.67001, 191.52097, 211.00267, 188.67567, 194.42642, 185.94148, 177.96941, 183.07487, 162, 177.04614, 232.32828, 174.51201, 215.54895, 172.10435, 199.00847, 169.34834, 182.62453, 166.68755, 166.68472;
  325.90656, 206.00645, 332.64072, 186.2747, 339.42032, 166.58888, 346.33255, 146.57008, 353.23651, 126.637, 306.44373, 199.8448, 313.06628, 179.95918, 320, 159.96069, 326.83646, 139.8463, 333.82919, 119.53215, 286.46445, 193.41914, 293.13309, 173.06174, 300.09286, 152.83157, 306.82526, 132.5, 314.05164, 112.13599, 266.12012, 186.87477, 272.8945, 166.46332, 279.70139, 145.7014, 286.89835, 125.54382, 293.98624, 104.55486, 245.29581, 180.29581, 252.06166, 159.48636, 259.08942, 138.8665, 266.11673, 117.87707, 273.21857, 97, 224, 173.52885, 230.84471, 152.63237, 237.80916, 131.5004, 244.91136, 110.42451, 252.1371, 89.06588;
  332.98145, 213.53836, 335.27942, 192.81497, 337.60291, 172.01639, 340.09198, 151.70508, 342.66507, 130.87193, 314.16986, 212.20776, 316.53137, 191.11101, 318.89392, 170.01082, 321.58496, 148.91519, 324.1109, 127.80888, 294.68054, 210.81235, 297.15964, 189.17464, 299.6593, 167.61087, 302.17694, 146.1274, 304.75937, 124.9586, 274.5769, 209.28368, 276.96252, 187.33249, 279.5, 165.5, 282.12219, 143.74242, 284.70139, 121.7014, 253.43265, 207.81157, 255.86235, 185.44958, 258.41504, 162.99733, 261.02985, 140.7437, 263.80612, 118.37223, 231.24487, 206.35446, 233.91136, 183.42451, 236.60652, 160.68594, 239.1962, 137.57333, 242, 114.5;
  320.68951, 218.86478, 316.20328, 198.76019, 311.57806, 178.9137, 307.42297, 159.09924, 303.15704, 139.62703, 304.69104, 222.04286, 300.14798, 201.44855, 295.51578, 181.07434, 291.17471, 160.80876, 286.83255, 140.69472, 287.66309, 225.41641, 283.08072, 204.25478, 278.47516, 183.41644, 274.05887, 162.50819, 269.66101, 141.87247, 269.89114, 229.27066, 265, 207.5, 260.39621, 185.86072, 255.81227, 164.28053, 251.56773, 142.94853, 250.69737, 233.41725, 245.67024, 210.6295, 241.05092, 188.33138, 236.54604, 166.09906, 231.95845, 144.19485, 230.14336, 237.29031, 225.35762, 214.16977, 220.65924, 190.84073, 216.04587, 167.97969, 211.46088, 145.44861;
  402.24991, 230.14346, 396.50696, 208.80737, 391.02176, 187.91838, 385.59451, 167.98575, 380.40555, 148.12962, 381.18948, 233.96355, 375.7345, 212.77177, 370.5, 191.5, 365.20383, 171.24518, 360.20761, 151.28746, 359.75989, 238.36649, 354.58008, 216.76332, 349.39923, 195.28534, 344.50851, 174.72026, 339.5, 154.5, 338.04184, 242.42592, 333.03967, 220.53946, 328.22815, 199.09299, 323.56009, 178.12065, 318.89102, 157.99327, 315.94427, 246.89693, 310.95184, 224.47256, 306.47113, 203, 302.0163, 181.98749, 297.62039, 161.33241, 293.09933, 251.168, 288.97018, 228.6982, 284.47699, 206.87085, 280.11044, 185.4444, 276.05899, 164.82465;
  400.47324, 239.3779, 404.74423, 215.93234, 408.94916, 192.38072, 412.9697, 168.59361, 417.1694, 144.63252, 376.51495, 235.19028, 380.66483, 211.93109, 384.5, 188.5, 388.81363, 164.89824, 392.7157, 140.7157, 352.90198, 231.09009, 356.61472, 207.72473, 360.6442, 184.35475, 364.51828, 160.86018, 368.53241, 136.85646, 329.11856, 227.13062, 332.96771, 204, 336.87561, 180.5634, 340.62158, 156.81046, 344.5, 133, 305.67639, 223, 309.26233, 199.74019, 313.16196, 176.45587, 316.8663, 153.0258, 320.53552, 128.94844, 282.23059, 218.88596, 285.93213, 195.86931, 289.29446, 172.46721, 292.94678, 148.88336, 296.69125, 125.42511;
  483.77197, 259.5527, 494.13605, 237.73715, 504.80539, 215.49057, 515.44641, 192.98926, 526.72937, 169.59651, 459.97314, 249.02791, 470.06329, 227.43582, 480.46802, 205.38611, 490.9902, 182.76683, 501.71991, 159.69171, 436.70465, 238.77719, 446.3443, 217.15839, 456.43594, 195.06285, 466.66263, 172.61696, 477.07874, 149.5031, 413.81729, 228.7507, 423.28613, 207.04497, 433.13077, 185.13258, 443.03046, 162.72778, 453.24805, 139.70787, 391.30408, 218.56177, 400.57123, 197.22495, 410.21091, 175.37531, 419.67685, 153.16115, 429.46725, 130.06149, 369.27792, 208.71696, 378.22125, 187.41096, 387.36063, 165.63937, 396.68637, 143.35965, 406.24374, 120.38346;
  488.25314, 260.82993, 498.33295, 238.88283, 508.95569, 216.32315, 519.51074, 193.65508, 530.48798, 170.08411, 464.32397, 250.1438, 474.23914, 228.31355, 484.37399, 206.06342, 494.59711, 183.22649, 505.37772, 160.12952, 440.96771, 240, 450.5, 218, 460.49136, 195.98973, 470.38263, 173.31544, 480.60495, 150.20544, 418, 230, 427.28613, 208.04497, 437.03229, 186, 446.68936, 163.52527, 456.81802, 140.5, 395.5224, 220.08096, 404.57123, 198.22495, 414, 176.50732, 423.42722, 154.06306, 433.07538, 131.23094, 373.35977, 210.18674, 382.33063, 188.64085, 391.40601, 166.73108, 400.43115, 144.36757, 409.92682, 121.85951;
  552.14288, 218.23114, 552.55353, 194.1881, 552.8324, 170.2894, 553.15009, 146.18137, 553.2807, 121.50584, 526.84552, 218.25293, 527.17511, 194.64554, 527.16095, 170.71634, 527.19904, 146.7874, 527.2619, 122.26197, 501.92249, 218.49219, 502, 195, 501.80737, 171.28377, 502.0495, 147.51276, 501.90277, 123.21965, 477.40021, 218.34114, 477.29028, 195.23343, 477.16843, 171.73834, 476.96771, 148, 476.81723, 124.26414, 453.33539, 218.5, 453, 195.30283, 452.77777, 172.31815, 452.53244, 148.6683, 452, 125, 429.32312, 218.48912, 428.97501, 195.81691, 428.53445, 172.53592, 428.28882, 149.31848, 427.96378, 125.88962;
  356.28534, 170.91927, 357.72134, 145.81473, 359.22418, 119.8682, 361.10498, 92.634148, 362.84406, 64.153763, 332.99768, 175.15282, 333.66577, 149.62431, 334.90646, 123.08326, 336.1134, 95.217468, 337.22165, 66.109337, 308.19287, 179.92578, 308.57394, 153.78778, 309.12592, 126.48722, 309.66858, 98.221458, 310.43567, 68.212906, 282.3403, 184.69888, 282.30334, 157.8755, 282.23862, 129.8598, 282.11624, 100.90335, 282.10422, 70.3134, 255.12712, 189.69528, 254.33049, 162.30801, 253.70329, 133.78186, 252.94162, 103.77348, 252.31908, 72.680923, 225.98964, 195.1503, 225, 167, 223.554, 137.68063, 222.19922, 107.05672, 220.50153, 74.594711;
  287.59003, 261.67126, 304.15472, 241.56618, 320.12485, 222.35402, 335.56055, 203.51457, 350.49533, 185.11523, 267.75342, 244.03, 284.88101, 224.20151, 300.96591, 205.07745, 316.72833, 186.66286, 331.89261, 168.64053, 247.65089, 226.34663, 265.28656, 206.77635, 281.69708, 188.11325, 297.7851, 169.87054, 313.19901, 152.2126, 227.79688, 208.70862, 245.5, 189.5, 262.45465, 171.00542, 278.95233, 153.03551, 294.66971, 135.66328, 207.51813, 190.99957, 225.49446, 172.12949, 242.98528, 153.97858, 259.80121, 136.31929, 276.03278, 118.91827, 186.96436, 173.25461, 205.5, 154.5, 223.30675, 136.75032, 240.47446, 119.30645, 256.85605, 102.50706;
  328.67581, 111.79437, 303.63403, 115.37206, 277.99374, 119.50497, 251.86301, 123.2427, 225.36182, 127.10841, 332.82816, 137.14658, 307.87973, 141.04369, 282.2132, 145.1767, 256.26633, 149.26247, 230, 153.20319, 337.04022, 162.56297, 311.88611, 166.85176, 286.5, 170.78287, 260.64404, 175.14449, 234.5, 179.5, 340.83115, 187.89973, 316.02274, 192.14647, 290.69427, 196.46904, 265.03, 200.7534, 238.92535, 205.3085, 344.50281, 212.88573, 319.79807, 217.52721, 294.6467, 221.83455, 269.08401, 226.38934, 243.09357, 231.1424, 348.44794, 238.08058, 323.81607, 242.7587, 298.74237, 247.2972, 273.1012, 252.11768, 247.19507, 256.86755;
  383.70197, 134.96222, 362.49057, 121.80539, 341.04172, 108.58817, 319.41083, 95.120667, 297.14175, 81.183472, 371.30914, 156.98712, 349.7887, 143.88467, 328.207, 130.74385, 306.30371, 117.20941, 284.08255, 103.66864, 358.43234, 178.86914, 337.01535, 165.98125, 315.44589, 152.94412, 293.207, 139.66675, 270.64575, 126.33611, 345.91937, 201.01619, 324.28091, 188.46632, 302.27634, 175.4584, 279.77658, 162.32491, 257.27698, 148.88026, 332.96268, 223.5, 311.25851, 210.64703, 289.07968, 197.86177, 266.53717, 184.98689, 243.53484, 171.9144, 320.16852, 246.13043, 298.06494, 233.6409, 275.61398, 220.71602, 253.02698, 208.18741, 229.7894, 194.8891;
  411.27997, 158.09357, 390.18018, 144.16908, 369.18274, 130.19043, 347.91629, 115.993, 326.43234, 101.86914, 396.99146, 179.4752, 376.08133, 165.76169, 354.90323, 151.85141, 333.5965, 137.72939, 312.16888, 123.62349, 382.78751, 200.77695, 361.8374, 187.23592, 340.77045, 173.3799, 319.5, 159.5, 297.87482, 145.38605, 368.97348, 221.69884, 347.87051, 208.1927, 326.8468, 194.73059, 305.45236, 180.86151, 284.00055, 166.98212, 354.87152, 242.50845, 334.06976, 229.25218, 312.90549, 215.59888, 291.57675, 202.14998, 269.89273, 188.59042, 341.14398, 263.5, 320.1131, 250.18513, 299.0705, 237.14766, 277.5799, 223.40977, 256.24606, 209.72327;
  383.70261, 165.9003, 368.00534, 149.93401, 351.84277, 133.15961, 334.49515, 115.50562, 316.15103, 96.802711, 366, 185.5, 349.95914, 170.02878, 332.99155, 153.78522, 315.05447, 136.55179, 296.14011, 118.43398, 348.27008, 204.95244, 331.69473, 190.05164, 314.12341, 174.12927, 295.72049, 157.64708, 276.16809, 139.83192, 330.36929, 224.36172, 313.29468, 209.84026, 295.5, 194.5, 276.49512, 178.27415, 256.39615, 161.15346, 312.53616, 243.66257, 294.99039, 229.52902, 276.44376, 214.6506, 256.89624, 199.02834, 236.32933, 182.43044, 294.42459, 262.81204, 276.48108, 249.42252, 257.54941, 234.89316, 237.46786, 219.68288, 216.1136, 203.73573]
