image_Width 640
image_Height 360
board_Width 5
board_Height 6
square_Size 25.5
Camera_Matrix[516.4227228952282, 0, 327.49044333438;
  0, 514.2974076638625, 169.9185503915407;
  0, 0, 1]
Distortion_Coefficients[0.06929630806008807;
  -0.183869936884992;
  0;
  0;
  0.1562016529420213]
Avg_Reprojection_Error 0.200165
Per_View_Reprojection_Errors[0.20470567;
  0.15930055;
  0.25558424;
  0.30898169;
  0.13223693;
  0.18067558;
  0.1837315;
  0.18643284;
  0.17883506;
  0.15243809;
  0.12774937;
  0.15227453;
  0.29030746;
  0.17106155;
  0.26048249;
  0.15022583;
  0.15007232;
  0.19361296;
  0.1515138;
  0.12198246;
  0.22338879;
  0.13651656;
  0.24931426;
  0.27329746;
  0.23024659]
Extrinsic_Parameters[-2.212596666279099, 2.184762737657954, 0.02116469195213531, 65.42921990128191, 70.54878501583443, 306.9470702177565;
  -2.206430350324675, 2.181518715157403, 0.01531315980485099, 64.40909045943522, 66.56095705530051, 318.4414328769649;
  -2.18842195654507, 2.216406010159992, -0.004356032217160406, 60.36865831742042, 59.74066673492097, 344.5956979844638;
  -2.21216130188989, 2.199553718463635, -0.163457250971457, 35.41083254661429, 51.06181576251964, 387.3539376743146;
  1.900559995849917, -2.22258924718818, 0.6569281194630462, 27.79832191228103, 42.18811249927452, 433.3690458647129;
  -1.927296787795247, 1.984431714188707, -0.119087881153932, -55.05846798613863, 58.43483816666707, 397.5623493855907;
  -1.86418422645823, 2.262113333187648, -0.7053166448774423, -55.18343466019402, 61.03391327587763, 416.1082710563838;
  1.926323386278724, -1.985362404461885, 0.7050016748897752, 180.7522774736351, 58.37169326192966, 434.2096163680864;
  2.327703696385357, -1.781510201707592, 0.0161310484282305, 204.332235421218, 86.92015180810911, 447.6794764792657;
  -2.012046721354563, 1.87797858681098, 0.2382821754024594, -58.09833077794559, -6.377271941759901, 424.0990294835292;
  2.203252620711504, -1.968503226732791, 0.4103495802943178, 77.97342695749541, 55.15786623479814, 407.9850689228628;
  2.264994447481394, -1.744465586334049, -0.18572069265292, 233.8964691736185, 152.2247577703834, 482.5773664373094;
  -1.534825962379215, 2.602887541263793, -0.2638301008323953, 16.42859352916946, 55.7604955507955, 482.8179248734445;
  -2.090746708412799, 1.481792698879539, -0.2817601778346168, -134.5629722415912, 84.38219191058356, 485.0740948368175;
  -1.834608632645481, 2.014503821672178, -0.9757089441258127, -55.62137286368279, 73.87753497973732, 482.4176045638145;
  -1.987110884044026, 2.072463758755561, -0.5327740782406971, -68.9525564545711, 8.25941672769061, 531.7038843941937;
  2.028796850754044, -1.653757749985397, 0.3035615873376578, 259.0266146119783, 172.6491469078667, 651.2746118699902;
  -1.918756813515287, 2.159518701794527, -0.4013429663989349, -171.262465030138, 167.2320743033071, 745.5466884001954;
  2.053531410145451, -1.973818667322759, -0.2013257410232648, 153.2157484781639, 29.11097346112493, 708.4672582669366;
  1.873459872981441, -2.1315965224123, 0.5668450780092215, 120.9381049464027, 117.9445436447057, 871.2171292564553;
  -2.384612940948883, 1.707691487487024, -0.2167513543252805, -1.919942872561821, 43.94808768961902, 623.6386573557315;
  1.912234997545492, -2.324941028742944, 0.5268311255881855, 85.57937974867333, 69.12934783892909, 593.0465214094497;
  2.526587609889787, -1.692549154175984, -0.4221228230314185, 163.9515528406431, 93.37385185575066, 530.9061474707565;
  2.725454231808213, -1.237431687166166, 0.5578935502542451, -38.10783656468218, 88.1496964274574, 496.8996566917971;
  -0.8676906875706126, 2.916568150961875, 0.10353844235814, 83.81352507889639, -11.66216441151569, 518.3074944748769]
Image_points[437.98257, 288.48788, 438.68127, 245.60023, 439.62158, 202.80145, 440.65695, 159.83015, 441.50327, 116.36224, 395.05301, 288.28882, 395.7804, 245.30464, 396.41928, 202.52402, 397.11758, 159.34019, 397.94543, 115.91, 351.67258, 287.77664, 352.2999, 245.04341, 352.96579, 201.93216, 353.66031, 158.80783, 354.41141, 115.34264, 308.47534, 287.37326, 309.23505, 244.414, 309.66962, 201.5, 310.32196, 158.27597, 311.03348, 114.89053, 265.34937, 287.1803, 266.01877, 243.98082, 266.41684, 201.07318, 266.84351, 158.09708, 267.31042, 114.2696, 221.83394, 286.60641, 222.45058, 243.58936, 222.81854, 200.52039, 223.36708, 157.27921, 223.54681, 113.69226;
  432.51273, 277.52423, 433.03284, 236.46428, 433.97299, 195.18744, 434.58975, 153.88286, 435.52777, 111.99247, 391.02377, 277.47324, 391.56863, 236.19141, 392.1817, 194.9137, 392.8605, 153.28191, 393.58688, 111.50137, 349.28354, 277.17755, 349.80722, 235.92043, 350.44876, 194.43651, 350.94278, 152.78337, 351.48334, 110.92882, 307.57535, 276.81412, 308.20242, 235.60123, 308.59818, 194.07526, 309.07629, 152.42107, 309.5, 110.5, 265.80847, 276.70065, 266.1644, 235.24821, 266.65381, 193.59976, 267.06357, 151.98259, 267.43414, 109.79916, 223.83475, 276.40445, 224.05717, 235.01906, 224.58237, 193.22833, 224.90567, 151.43498, 225.18217, 109.20908;
  418.33389, 258.99857, 417.86102, 220.89018, 417.54993, 182.7207, 417.29385, 144.72667, 417, 106.41564, 379.82104, 259.62125, 379.50452, 221.59552, 379.17563, 183.57227, 378.71741, 145.17802, 378.44345, 106.7474, 341.44513, 260.4967, 341.01154, 222.39607, 340.54056, 184.00684, 340.2388, 145.73915, 339.95825, 107.22655, 303.0043, 261.29922, 302.5943, 222.82828, 302.13242, 184.53624, 301.70581, 146.47646, 301.38611, 107.77361, 264.34311, 261.91208, 263.79163, 223.5, 263.42761, 185.2572, 263.05222, 147.02057, 262.53705, 108.27106, 225.4229, 262.49219, 224.99062, 224.14073, 224.571, 185.60332, 224.26968, 147.29703, 223.60635, 108.62186;
  374.48138, 237.06313, 374.6088, 203.50214, 374.70218, 170.12344, 374.74768, 136.72717, 374.66516, 103.43435, 340.77411, 237.64485, 340.9014, 203.5, 340.96893, 169.85133, 341.3215, 136.10185, 341.5, 102.92143, 306.53336, 237.79463, 306.9267, 203.52669, 307.18994, 169.69783, 307.5, 135.92143, 307.62915, 102.20319, 271.95868, 238.03735, 272.33798, 203.44942, 272.69885, 169.30762, 273.233, 135.34952, 273.68289, 101.53394, 236.57869, 238.18536, 237.38995, 203.70198, 237.98607, 169.15425, 238.51144, 134.95148, 239, 101.10915, 200.70996, 238.63257, 201.52026, 203.67967, 202.40932, 168.95267, 203.20155, 134.49188, 203.78957, 100.17054;
  360.884, 220.07106, 354.1445, 192.16359, 348.13614, 165.6075, 342.41165, 140.06969, 336.83612, 115.27393, 331.30823, 223.93192, 325.55457, 195.56679, 319.85822, 168.64925, 314.64407, 142.60622, 309.51807, 117.54993, 301.0813, 228.0345, 295.91916, 199.17, 290.86328, 171.57109, 286.06619, 145.13109, 281.51511, 119.89037, 270.07959, 231.98439, 265.39294, 202.65353, 261.172, 174.62093, 257.00949, 147.96031, 252.81728, 122.14665, 237.905, 236.37585, 234.0636, 206.517, 230.48964, 178.22368, 226.73384, 150.82269, 223.34818, 124.68663, 204.85777, 240.77466, 201.83284, 210.44147, 198.64833, 181.34776, 195.87257, 153.63689, 193.14529, 127.24478;
  255.7195, 245.3665, 254.97034, 213.87753, 254.30849, 181.1624, 253.53052, 147.6953, 252.79504, 113.14049, 221.89003, 249.3412, 220.73096, 216.97069, 219.57106, 183.53287, 218.17984, 149.34993, 216.91882, 114.04425, 186.64799, 253.40031, 184.96103, 220.24341, 183.28442, 186.25302, 181.31635, 151.0905, 179.3107, 114.78684, 150.12793, 257.47046, 147.59056, 223.72356, 145.23033, 188.72839, 142.76337, 152.86943, 140.28362, 115.89423, 111.73008, 261.70105, 108.62902, 226.92726, 105.57957, 191.43851, 102.51273, 154.75478, 99.232552, 116.76008, 71.538124, 265.83109, 67.96244, 230.50008, 64.028641, 194.1368, 60.390022, 156.62474, 56.419651, 117.9411;
  258.96417, 245.58238, 252.53403, 214.93842, 246.2261, 185.07898, 240.23178, 155.75882, 234.09068, 126.94012, 227.76978, 251.86545, 221.61867, 220.40672, 215.51648, 189.62062, 209.5, 159.4939, 203.75731, 129.77122, 194.80756, 258.55441, 188.87434, 226.05905, 182.84364, 194.35182, 177.18924, 163.3517, 171.63962, 132.71381, 159.93723, 265.49326, 154.15576, 231.93216, 148.71094, 199.29129, 143.08905, 167.30258, 137.64192, 135.97954, 123.02535, 272.92218, 117.60539, 238.35217, 112.35603, 204.81624, 107.0472, 171.72743, 101.78185, 139.34457, 83.755814, 280.73688, 78.774239, 245.16313, 73.847816, 210.21143, 68.933151, 176.47708, 64.030655, 143.08292;
  544.14532, 239.62025, 535.6731, 212.59175, 527.46558, 186.99013, 519.95752, 162.60194, 512.94366, 139.60606, 515.24951, 239.93091, 507.50711, 212.545, 500.1586, 186.80592, 493.33795, 162.43936, 486.75308, 139.0435, 486.2283, 239.93307, 479.13116, 212.30223, 472.61096, 186.47238, 466.5, 162, 460.7226, 138.70474, 456.5, 240, 450.27069, 212.18219, 444.65143, 186.1441, 439.25943, 161.55244, 434.38315, 138.1701, 426.19269, 240.0929, 420.89291, 212.23834, 416.18381, 186.04895, 411.62006, 161.34134, 407.39029, 137.82674, 395.36768, 240.18228, 391.16672, 212.11456, 387.32404, 185.82114, 383.65631, 161.07408, 380.23236, 137.3907;
  565.26947, 270.81131, 571.18817, 241.93362, 577.31274, 213.83299, 583.29852, 185.8501, 589.2735, 158.21111, 534.6601, 262.52997, 540.95081, 234.06573, 546.99402, 206.04396, 553.14941, 178.57179, 559.32343, 151.29184, 504.81818, 254.15593, 511.23453, 226.20909, 517.74164, 198.69296, 523.92023, 171.47598, 529.93268, 144.40768, 475.83264, 246.31854, 482.38864, 218.6122, 488.80197, 191.41272, 494.96115, 164.72543, 501.43637, 137.8315, 446.99756, 238.51595, 453.72684, 211.1776, 460.21466, 184.23692, 466.87595, 157.56172, 473.21353, 131.38747, 418.96283, 230.82092, 425.72681, 203.84416, 432.54083, 177.355, 439.0679, 151.02409, 445.55869, 125.00978;
  256.7114, 162.06041, 258.19101, 132.62584, 259.55792, 101.99142, 260.87381, 69.431641, 262.11673, 35.429779, 224.87204, 161.0193, 225.63249, 130.95688, 226.19193, 99.930901, 226.77783, 67.174828, 227.19824, 32.604881, 192.28452, 159.7274, 192.30203, 129.52661, 192.0717, 97.940613, 191.8396, 64.633392, 191.41713, 29.696188, 159.14162, 158.32535, 158.24985, 127.54341, 157.45078, 95.955536, 156.25131, 62.214539, 154.99268, 26.702681, 125.19183, 157.03775, 123.60741, 126.09917, 121.81023, 93.522102, 119.75582, 59.5919, 117.63448, 23.675198, 90.35392, 155.45093, 87.903946, 124.34337, 85.416603, 91.471252, 82.493477, 56.941761, 79.560829, 20.589014;
  426.6503, 239.6734, 427.59503, 208.42879, 428.71722, 178.35751, 429.86661, 149.33197, 431.1398, 121.22944, 394.82611, 235.82611, 396.41357, 204.69553, 398.05316, 174.61391, 399.76813, 145.54553, 401.60193, 117.26988, 362.55173, 232.04698, 364.92566, 200.81229, 367.29248, 170.80098, 369.45901, 141.56062, 371.75522, 113.47965, 330.4118, 228.53317, 333.33936, 197.03662, 336.24942, 166.95532, 339.17563, 137.92076, 341.87012, 109.68483, 297.89142, 224.60092, 301.49063, 193.11044, 305.05121, 163.05206, 308.51501, 134.09045, 311.84726, 105.79443, 264.85498, 220.89853, 269.28754, 189.45946, 273.43671, 159.32848, 277.60059, 130.07605, 281.43854, 101.74807;
  579.93103, 333.54865, 586.25385, 306.53116, 592.66455, 279.87476, 598.95703, 253.4986, 605.15234, 227.22119, 550.84778, 324.88519, 557.17657, 298.14075, 563.70386, 271.99326, 569.83716, 245.90939, 576.08661, 219.99358, 522.59766, 316.09772, 529.06189, 290.06186, 535.32605, 264.39432, 541.58923, 238.46297, 547.90527, 213.10489, 495.34662, 307.65091, 501.69186, 281.98135, 508.05182, 256.70029, 514.42773, 231.51393, 520.49286, 206.52267, 468.75473, 299.6077, 475.03238, 274.40689, 481.42136, 249.5188, 487.50311, 224.76797, 493.94522, 199.90025, 442.79669, 291.46732, 449.26016, 266.83099, 455.66385, 242.40639, 461.91681, 217.76334, 468.24887, 193.81966;
  345, 229, 331.92667, 205.26274, 318.78247, 181.70387, 305.82373, 158.05316, 292.62463, 134.36049, 321.51544, 242.77245, 308.13852, 218.84406, 294.82385, 194.69301, 281.66418, 170.8653, 268.64575, 146.8131, 297.48654, 256.94931, 283.92896, 232.59544, 270.4855, 208.1617, 257, 184, 243.66286, 159.79713, 272.9509, 271.56378, 258.96393, 247.00729, 245.55827, 222.03647, 232.07759, 197.66885, 218.47414, 172.85013, 247.83484, 286.49182, 233.79346, 261.49704, 220.02116, 236.64752, 206.28206, 211.60997, 192.65997, 186.57632, 222.02119, 301.79385, 207.96759, 276.43274, 193.97714, 251.27762, 180.05759, 225.97624, 166.34308, 200.48654;
  183.39598, 259.5524, 192.49797, 235.28082, 201.73747, 210.46652, 211.30022, 185.37009, 220.71658, 159.70958, 156.40927, 256.02271, 165.57491, 230.70932, 175.03937, 205.11342, 184.49207, 179.30389, 194.16063, 152.59151, 127.80653, 252.00943, 137.10056, 225.99304, 146.4666, 199.44789, 156.04718, 172.40257, 165.64818, 145.05583, 97.451828, 247.4884, 106.84107, 220.58232, 116.06606, 193.30144, 125.77673, 165.10866, 135.38271, 136.69177, 65.158813, 242.80643, 74.204391, 214.79091, 83.651772, 186.65977, 93.289711, 157.57237, 103.04377, 128.189, 30.403315, 237.82552, 39.6138, 209.00374, 49.080177, 179.45117, 58.528202, 149.2514, 68.163063, 118.60079;
  267.6694, 248.46034, 263.64249, 222.14716, 259.63315, 196.42578, 256.01392, 171.38104, 252.35005, 146.67686, 243.51834, 250.93063, 239.72339, 223.48109, 235.86304, 196.89455, 232.36385, 170.58382, 228.92041, 145.14728, 217.55357, 253.3949, 213.97591, 224.93208, 210.49966, 197.4136, 207.03261, 170.30426, 203.96242, 143.93365, 189.69746, 256.10208, 186.24832, 226.43697, 182.9601, 198.00151, 179.86606, 169.7937, 176.92223, 142.44167, 159.36279, 259.16824, 156.35721, 228.453, 153.325, 198.67641, 150.4044, 169.47981, 147.79599, 141.02036, 126.32407, 262.142, 123.63246, 230.28723, 121.10254, 199.15746, 118.71627, 168.86676, 116.46075, 139.36989;
  260.46442, 178.03824, 259.29968, 153.48944, 258.12845, 129.22636, 256.68921, 105.11668, 255.61003, 81.117386, 236.00403, 178.47392, 234.7874, 153.80099, 233.51549, 129.03865, 232.42177, 104.28092, 231.33307, 79.432968, 210.22665, 179.3493, 209.22169, 153.78563, 208.08163, 128.42929, 206.95435, 103.31428, 206.06238, 78.263908, 183.8084, 179.96265, 182.60193, 153.81554, 181.68912, 127.93092, 180.62778, 102.30686, 179.60728, 76.906113, 155.85909, 180.56042, 154.94778, 154.02145, 153.91515, 127.71706, 153.25647, 101.47005, 152.10924, 75.353218, 126.69072, 181.37949, 125.93559, 154.21527, 125.19389, 127.10728, 124.36319, 100.53251, 123.48486, 74.013863;
  534.77838, 307.57504, 535.67963, 287.95538, 536.46967, 269.18744, 537.21619, 251.01727, 538.17426, 233.49792, 513.24048, 303.46539, 514.32037, 284.04462, 515.73578, 265.56537, 516.88873, 247.91603, 518.11853, 230.52029, 491.89297, 299.25134, 493.68829, 280.14798, 495.15546, 261.9841, 496.82864, 244.31924, 498.15869, 227.31499, 471.49203, 295.20731, 473.4075, 276.58194, 475.46149, 258.68695, 477.32318, 241.12102, 479.15869, 224.31499, 451.27103, 291.37085, 453.58374, 273.05197, 455.90909, 255.2155, 458, 238, 460.29834, 221.36194, 431.29279, 287.70721, 434, 269.51889, 436.62628, 251.8741, 439.25974, 234.89001, 441.64276, 218.43753;
  208.41937, 285.82574, 206.40193, 268.20773, 204.45834, 250.40959, 202.16617, 232.95441, 200.23837, 215.35986, 189.74263, 289.31693, 187.82507, 271.33273, 185.89284, 253.72537, 183.8945, 235.8604, 181.68744, 217.92226, 171.18182, 292.81818, 169.11938, 274.7146, 166.87238, 256.63211, 165.06548, 238.64461, 163.04999, 220.65616, 151.91942, 296.26373, 149.76741, 278.06317, 147.82004, 259.7619, 145.61418, 241.4971, 143.66434, 223.37953, 132.03879, 299.91806, 130.2841, 281.37891, 128.07512, 262.78607, 125.94351, 244.47354, 124.07228, 226.07228, 111.95759, 303.92261, 109.92775, 285.13751, 108.00953, 266.21759, 105.93229, 247.57831, 104, 229;
  439.67682, 191.12102, 440.26172, 172.71083, 440.87088, 154.48141, 441.58533, 136.09474, 442.11325, 117.87919, 420.40146, 190.50278, 421.38794, 172.09666, 422.01062, 154.01521, 422.59271, 136.10928, 423.27463, 118.10716, 402.21204, 189.7027, 402.95462, 171.89183, 403.71545, 153.89688, 404.23178, 135.9639, 405.02713, 118.28889, 384.07236, 189.0106, 385, 171.33759, 385.69498, 153.66617, 386.31155, 136.08186, 387.24182, 118.56845, 366.5, 188.5, 367.51859, 170.76668, 368.31146, 153.4382, 369.05664, 136.10162, 369.85242, 118.49602, 349.38733, 187.72916, 350.19803, 170.37329, 351.05658, 153.05658, 352.10437, 136.00847, 352.80292, 118.80292;
  399.37219, 239.81772, 396.19113, 225.6091, 393.14481, 211.85519, 390.45462, 198.27367, 387.50879, 185.08276, 384.5, 241.5, 381.73846, 227.08705, 378.8269, 213.34218, 376.1279, 199.92815, 373.53323, 186.51457, 369.6897, 243.08064, 367.08188, 228.87025, 364.36572, 214.88959, 361.79575, 201.19484, 359.25562, 188, 354.87094, 244.79025, 352.19077, 230.56114, 349.79489, 216.61539, 347.35669, 202.85764, 344.98721, 189.62849, 339.62186, 246.80061, 337.35889, 232.44838, 335.07751, 218.06827, 332.7561, 204.68207, 330.50592, 191.03546, 324.5, 248.5, 322.34894, 233.93352, 320.36893, 219.85768, 318.35767, 206.13142, 316.08951, 192.73305;
  325.90656, 206.00645, 332.64072, 186.2747, 339.42032, 166.58888, 346.33255, 146.57008, 353.23651, 126.637, 306.44373, 199.8448, 313.06628, 179.95918, 320, 159.96069, 326.83646, 139.8463, 333.82919, 119.53215, 286.46445, 193.41914, 293.13309, 173.06174, 300.09286, 152.83157, 306.82526, 132.5, 314.05164, 112.13599, 266.12012, 186.87477, 272.8945, 166.46332, 279.70139, 145.7014, 286.89835, 125.54382, 293.98624, 104.55486, 245.29581, 180.29581, 252.06166, 159.48636, 259.08942, 138.8665, 266.11673, 117.87707, 273.21857, 97, 224, 173.52885, 230.84471, 152.63237, 237.80916, 131.5004, 244.91136, 110.42451, 252.1371, 89.06588;
  402.24991, 230.14346, 396.50696, 208.80737, 391.02176, 187.91838, 385.59451, 167.98575, 380.40555, 148.12962, 381.18948, 233.96355, 375.7345, 212.77177, 370.5, 191.5, 365.20383, 171.24518, 360.20761, 151.28746, 359.75989, 238.36649, 354.58008, 216.76332, 349.39923, 195.28534, 344.50851, 174.72026, 339.5, 154.5, 338.04184, 242.42592, 333.03967, 220.53946, 328.22815, 199.09299, 323.56009, 178.12065, 318.89102, 157.99327, 315.94427, 246.89693, 310.95184, 224.47256, 306.47113, 203, 302.0163, 181.98749, 297.62039, 161.33241, 293.09933, 251.168, 288.97018, 228.6982, 284.47699, 206.87085, 280.11044, 185.4444, 276.05899, 164.82465;
  488.25314, 260.82993, 498.33295, 238.88283, 508.95569, 216.32315, 519.51074, 193.65508, 530.48798, 170.08411, 464.32397, 250.1438, 474.23914, 228.31355, 484.37399, 206.06342, 494.59711, 183.22649, 505.37772, 160.12952, 440.96771, 240, 450.5, 218, 460.49136, 195.98973, 470.38263, 173.31544, 480.60495, 150.20544, 418, 230, 427.28613, 208.04497, 437.03229, 186, 446.68936, 163.52527, 456.81802, 140.5, 395.5224, 220.08096, 404.57123, 198.22495, 414, 176.50732, 423.42722, 154.06306, 433.07538, 131.23094, 373.35977, 210.18674, 382.33063, 188.64085, 391.40601, 166.73108, 400.43115, 144.36757, 409.92682, 121.85951;
  287.59003, 261.67126, 304.15472, 241.56618, 320.12485, 222.35402, 335.56055, 203.51457, 350.49533, 185.11523, 267.75342, 244.03, 284.88101, 224.20151, 300.96591, 205.07745, 316.72833, 186.66286, 331.89261, 168.64053, 247.65089, 226.34663, 265.28656, 206.77635, 281.69708, 188.11325, 297.7851, 169.87054, 313.19901, 152.2126, 227.79688, 208.70862, 245.5, 189.5, 262.45465, 171.00542, 278.95233, 153.03551, 294.66971, 135.66328, 207.51813, 190.99957, 225.49446, 172.12949, 242.98528, 153.97858, 259.80121, 136.31929, 276.03278, 118.91827, 186.96436, 173.25461, 205.5, 154.5, 223.30675, 136.75032, 240.47446, 119.30645, 256.85605, 102.50706;
  411.27997, 158.09357, 390.18018, 144.16908, 369.18274, 130.19043, 347.91629, 115.993, 326.43234, 101.86914, 396.99146, 179.4752, 376.08133, 165.76169, 354.90323, 151.85141, 333.5965, 137.72939, 312.16888, 123.62349, 382.78751, 200.77695, 361.8374, 187.23592, 340.77045, 173.3799, 319.5, 159.5, 297.87482, 145.38605, 368.97348, 221.69884, 347.87051, 208.1927, 326.8468, 194.73059, 305.45236, 180.86151, 284.00055, 166.98212, 354.87152, 242.50845, 334.06976, 229.25218, 312.90549, 215.59888, 291.57675, 202.14998, 269.89273, 188.59042, 341.14398, 263.5, 320.1131, 250.18513, 299.0705, 237.14766, 277.5799, 223.40977, 256.24606, 209.72327]
