image_Width 640
image_Height 360
board_Width 4
board_Height 11
square_Size 24.8
Camera_Matrix[550.3217935190735, 0, 325.9149449997621;
  0, 552.5846652732924, 173.3898907535623;
  0, 0, 1]
Distortion_Coefficients[0.100382073177592;
  -0.1171814223243462;
  0;
  0;
  0.09150819925410139]
Avg_Reprojection_Error 0.290524
Per_View_Reprojection_Errors[0.26422805;
  0.33158693;
  0.21316309;
  0.33300835;
  0.30779085;
  0.37826172;
  0.23200566;
  0.22568588;
  0.31221777;
  0.36932856;
  0.21931541;
  0.27729496;
  0.29370224;
  0.29805413;
  0.26745227;
  0.36196125;
  0.23689596;
  0.26678443;
  0.27344829;
  0.31776071;
  0.24619991;
  0.29358596;
  0.25157052;
  0.30503193;
  0.29786763]
Extrinsic_Parameters[0.09988989035202632, 0.2464372827293925, 1.349945590428646, 72.86749315675155, -113.8980062280312, 823.6687159321517;
  0.01350171475528673, 0.2345451825026665, 1.343472036207974, -20.94553274570074, -112.7590503125604, 828.9707753873209;
  0.2860013924103118, 0.1354395642236308, 1.60126063800123, 262.66725887604, -217.1292180927608, 803.9045395932134;
  -0.4087994076516331, 0.1491542711330278, 1.336957084610407, -38.91024564301167, 1.06264546351423, 903.2145972120003;
  0.4023644455503848, -0.03004183008345061, 1.593920051147554, 411.9662404740964, 25.701402436711, 837.8670870021709;
  0.4632196978536984, -0.1693562347936116, 1.536440497427796, 301.7389467958993, 34.83390454002755, 791.4189938164274;
  -0.1329430756545755, -0.1056284452986566, 1.270356248638266, -53.74614712570417, -119.7547732608963, 836.4743639584959;
  -0.1738538957475004, -0.3334284663809094, 1.429205482291915, -117.8300651817814, -47.50426512251248, 839.1794872517208;
  0.4344478389982899, 0.0621306742273639, 1.735504684861759, 357.7281697678826, -94.22050431127336, 725.8785706555152;
  0.01428635143134004, -0.1769273610144694, 1.518688949726384, 202.0207035874794, -91.39780699560104, 829.5478489413392;
  0.2559650075940511, 0.1575497564205822, 1.527833045160873, 51.33471203337307, -47.77024453321427, 821.5565658512379;
  0.193140889514913, 0.009122253107972898, 1.486536772492472, 46.78962223802688, 32.07515092722389, 876.1154503455931;
  -0.07347595643397684, -0.3396799180221887, 1.474662870566011, -165.2233666852891, 53.58880384999284, 906.765995635469;
  0.3075690998371818, 0.03286419811425966, 1.519760939798949, 35.24763723863531, -20.88918639068027, 850.4271178872604;
  0.4221386784653062, -0.06819520059513617, 1.645224662796278, 228.733308801134, 13.7357979224215, 813.7130355476834;
  0.09812976968140962, -0.2793805057651143, 1.471614103386446, 368.951227724924, -28.10050792417955, 890.7878730961061;
  8.325901361299701e-005, 0.1103877049638214, 1.50141077787376, 53.70283566423383, -98.87802467122438, 901.072465671293;
  -0.1272330950635105, -0.1608037727171555, 1.451551962423691, -144.1032306343197, -81.25243847227623, 917.4721035812892;
  0.1657469053252262, -0.3653780526514356, 1.398015644932656, 14.75874832894407, -163.702180977292, 775.6215073482308;
  0.0832948161820712, -0.2049642015740636, 1.4794617734622, -108.2001957816892, -149.949882221036, 817.0350284360997;
  0.4033727233020951, -0.03564868091098034, 1.713082142514974, 300.5522572515658, -123.9947382110796, 774.1695988011198;
  -0.05797738067136117, -0.01123144433376357, 1.449483914684456, 202.7255247897276, -76.93001391952026, 845.3742942017427;
  0.1853327133891834, 0.1633694920240183, 1.748486244960943, 79.31495874565069, -18.74486860246758, 803.2122858271612;
  0.4770973386797235, 0.1035830004598764, 1.695813902775735, 222.3151588765068, -95.58177103982952, 765.7603345926774;
  0.007678684454043651, 0.1007251696437486, 1.658091470517478, 32.84582481905562, -36.96245523813673, 831.4509200328431]
Image_points[374.37769, 96.418053, 381.73273, 128.93404, 388.71216, 161.46513, 395.91263, 194.78087, 361.77716, 116.67251, 368.96616, 149.22896, 376.03506, 181.61601, 382.90567, 215.03828, 342.64053, 104.74998, 349.53915, 136.9191, 356.44525, 169.28012, 363.08914, 201.71198, 330.49106, 124.77392, 337.38705, 156.67984, 343.91812, 188.95844, 350.33423, 221.41016, 311.4971, 113.07822, 318.43826, 144.73074, 324.90918, 176.40338, 331.35855, 208.51131, 299.5462, 132.72287, 306.20288, 163.99634, 312.43942, 195.8101, 318.67365, 228.25381, 281.32773, 120.97332, 287.75577, 152.17291, 293.98975, 183.38008, 299.88312, 215.55977, 269.57642, 140.33073, 275.72495, 171.12457, 281.74573, 202.58836, 287.59259, 234.75104, 252.01599, 128.55756, 257.99454, 159.41328, 263.60065, 190.17757, 269.57816, 221.78226, 240.2941, 147.73431, 246.09247, 178.17873, 251.72404, 209.14699, 257.32458, 240.99911, 222.98697, 135.97644, 228.91493, 166.22577, 234.20802, 196.87108, 239.57191, 227.9747;
  311.64178, 97.706573, 318.91779, 129.66985, 325.77505, 161.61206, 332.77896, 194.60135, 299.43045, 117.64627, 306.19086, 149.58261, 312.97287, 182.25272, 320.01907, 215.36525, 280.19519, 105.97092, 286.82535, 137.62926, 293.62646, 169.72281, 300.28989, 202.51312, 267.96805, 125.74747, 274.62317, 157.72307, 280.78564, 189.60516, 287.37686, 222.50281, 249.25876, 114.09861, 255.82008, 145.60468, 262.30734, 177.28928, 268.37524, 209.35022, 237.43384, 133.97675, 243.44958, 165.18166, 249.36449, 197.12018, 255.27208, 229.55247, 218.80562, 122.10397, 225.17348, 153.41519, 230.92021, 184.78569, 236.65933, 216.71461, 206.97859, 141.61777, 212.62674, 172.85339, 218.02992, 204.32268, 223.56845, 236.66063, 188.85072, 130.10217, 194.71512, 160.97954, 200.13316, 192.00005, 205.37886, 223.97473, 176.92912, 149.02991, 182.35683, 179.95236, 187.28795, 211.55267, 192.6311, 243.70071, 159.22012, 137.61017, 164.80965, 168.18779, 169.55336, 199.20039, 174.33524, 230.84799;
  508.45023, 21.799566, 505.8924, 57.344536, 503.31247, 91.984184, 500.82721, 126.20426, 489.04953, 39.917622, 486.9306, 74.760941, 484.17041, 108.89185, 482.17319, 142.74977, 472.49487, 22.673496, 470.29642, 57.862003, 468.27118, 91.688759, 466.14755, 125.35456, 454.08908, 40.666195, 452.10977, 74.76664, 450.181, 108.46663, 448.13599, 141.20734, 437.72366, 23.511904, 436.09375, 57.851303, 434.25162, 91.558891, 432.50525, 124.45232, 420.1839, 41.049911, 418.50934, 74.608086, 416.98267, 107.5813, 415.4382, 140.4014, 404.54071, 24.376429, 403.14731, 58.163441, 401.36887, 91.026428, 399.9899, 123.40382, 387.40552, 41.755116, 385.96173, 74.555305, 384.54315, 106.82673, 383.44464, 139.03246, 372.07898, 25.207027, 370.93124, 58.534916, 369.65384, 90.696266, 368.37515, 122.6419, 355.93765, 42.411804, 354.85669, 74.549042, 353.64578, 106.46778, 352.20462, 137.90102, 340.94556, 25.71734, 340.00775, 58.478592, 338.82553, 90.153023, 337.91705, 121.69207;
  301.77814, 173.35295, 308.78006, 202.02698, 315.95844, 231.31294, 323.63007, 262.51202, 290.25092, 190.78271, 297.16403, 219.88002, 304.3652, 250.02026, 311.74985, 281.92593, 272.04205, 179.164, 278.46332, 207.95923, 285.32794, 237.96822, 292.36676, 269.36676, 260.01178, 196.57237, 266.3428, 225.99945, 272.92007, 256.77176, 279.73169, 288.91479, 241.69887, 184.86996, 247.51372, 214.00214, 253.59766, 244.38991, 260.1489, 276.03812, 229.08363, 202.53824, 234.53804, 232.10992, 240.5, 263.5, 246.63431, 296.47073, 210.33038, 190.60939, 215.64375, 220.08766, 221.08165, 251.07579, 226.79855, 283.3877, 196.72096, 208.2406, 201.63179, 238.90994, 207.1293, 270.53845, 212.39819, 304.03732, 178.44901, 196.14348, 182.86661, 226.39362, 187.48451, 257.75854, 192.72133, 290.61288, 164.13362, 214.20682, 168.41681, 245.38962, 172.80907, 277.38004, 177.27069, 311.93777, 145.39857, 202.3662, 149.26729, 232.99234, 153.19493, 264.63257, 157.06921, 298.10892;
  602.00165, 190.97014, 596.95911, 222.21349, 592.24164, 252.25517, 587.92706, 281.34253, 581.21271, 205.24289, 576.95392, 235.89095, 572.6756, 264.88657, 568.83569, 293.63141, 565.52203, 188.23427, 560.96674, 219.13243, 557.26758, 248.39003, 553.61853, 277.58057, 545.77655, 202.27766, 541.91992, 232.17371, 538.39075, 261.3916, 535.24329, 289.75253, 530.12085, 185.54819, 526.55841, 215.75874, 523.53082, 244.91948, 520.41797, 273.75964, 511.36026, 199.15184, 508.56119, 228.75322, 505.68036, 257.5531, 502.77954, 286.27316, 495.95087, 182.85979, 493.29581, 212.56459, 490.69427, 241.66689, 488.06, 270.39334, 478.20816, 196.33105, 475.64899, 225.70015, 473.51831, 254.3161, 471.28223, 282.45337, 463.13467, 179.99754, 460.90311, 209.60133, 458.86212, 238.59721, 457.01724, 266.6806, 446.05005, 193.98808, 444.30627, 222.76181, 442.64157, 251.29562, 440.98886, 278.69495, 431.47787, 177.89726, 429.84415, 206.9668, 428.20148, 235.67708, 426.71268, 263.40976;
  538.94879, 198.48822, 535.20148, 229.05861, 531.71643, 258.48117, 528.16431, 286.34769, 518.48889, 213.46429, 515.28198, 242.97041, 512.271, 271.37381, 509.75366, 298.59158, 501.56635, 196.9511, 498.75256, 227.34026, 496.28668, 255.76523, 493.85687, 283.91907, 482.28717, 211.61354, 479.93671, 240.68607, 478.25406, 268.87216, 476.41611, 296.33652, 465.31674, 195.25581, 463.67569, 225.26967, 462.10437, 253.67422, 460.7984, 281.70682, 447.06491, 209.55553, 445.90649, 238.54462, 444.74438, 266.78897, 443.71417, 294.31921, 430.384, 193.97076, 429.89987, 223.10393, 429.02039, 251.79065, 428.38434, 279.50449, 413.37274, 207.88838, 412.87698, 236.86163, 412.42661, 264.83786, 412.16046, 291.89932, 396.91385, 192.26938, 396.60977, 221.63641, 396.66556, 249.88597, 396.64111, 277.53149, 380.5094, 206.3089, 380.75626, 235.30084, 381.04507, 263.08383, 381.3981, 289.60602, 364.36224, 191.04991, 364.87863, 220.28607, 365.58093, 248.34561, 366.06119, 275.60141;
  290.99997, 94.217461, 300.47821, 125.70402, 309.86212, 156.76114, 319.38077, 188.26898, 279.54376, 114.47234, 289.30356, 145.97928, 298.81165, 177.23572, 308.60422, 208.55185, 259.18402, 103.03042, 268.71759, 134.80481, 278.5, 166.5, 288, 197.758, 247.81903, 123.36572, 257.51517, 155.51976, 267.32352, 187.11633, 277.28915, 218.61862, 226.58409, 111.99404, 236.57986, 144.1765, 246.6113, 176.11856, 256.40295, 207.66058, 215.37041, 132.76108, 225.13248, 164.65877, 235.17996, 196.84517, 245.01692, 229.00917, 193.69171, 121.02653, 203.71785, 153.4827, 213.95917, 185.58791, 223.50404, 218.0912, 181.767, 142.09729, 191.955, 174.58604, 201.92357, 206.94479, 211.98949, 239.48415, 159.61815, 130.39851, 169.87733, 163.45889, 180.14578, 195.92764, 189.96509, 228.55164, 147.35431, 151.85695, 157.91982, 184.85754, 168.01013, 217.28514, 178.34244, 250.16869, 124.98501, 140.02206, 135.20587, 173.16521, 145.63312, 206.04277, 155.85612, 239.33749;
  248.59973, 142.45744, 252.57309, 174.47968, 256.56079, 206.022, 260.05524, 237.32491, 234.5363, 160.50201, 238.5069, 192.68364, 242.38327, 224.45631, 246.33844, 255.94144, 215.52876, 146.38776, 219.99181, 179.13792, 224.37581, 211.36418, 228.45917, 243.35825, 200.79503, 164.78853, 205.3734, 197.60188, 209.61496, 230.36438, 213.91675, 262.50098, 181.03064, 150.3929, 185.8916, 183.70926, 190.35158, 216.76723, 195.15662, 249.50482, 166.0287, 169.63042, 170.74701, 203.12303, 175.4493, 236.20787, 180.14674, 269.3598, 145.27759, 154.58221, 150.34779, 189.06277, 155.4055, 222.38351, 160.02185, 256.04102, 129.45267, 174.196, 134.59276, 208.67487, 139.59956, 242.5428, 144.21623, 276.25287, 107.57056, 159.18361, 112.82804, 194.03764, 118.44437, 228.47583, 123.38057, 263.00439, 91.094299, 179.17722, 96.628189, 214.28009, 101.59299, 249.18318, 107.24851, 283.6452, 68.282623, 163.7778, 74.054794, 199.61566, 79.591576, 234.89519, 85.272881, 269.83258;
  603.25543, 99.862587, 592.40631, 137.94914, 581.73932, 174.04398, 571.57123, 208.52107, 576.7616, 115.70148, 566.44434, 152.20239, 556.69342, 187.353, 547.41583, 221.35664, 561.46002, 93.490227, 551.42554, 130.42493, 542.01099, 165.86905, 533.06946, 200.12337, 536.82703, 108.78656, 527.38129, 144.62976, 518.81104, 179.1994, 510.44495, 212.67821, 521.73358, 87.412514, 512.96045, 123.56225, 504.4624, 158.62877, 496.45038, 192.13011, 498.27869, 102.38896, 490.3844, 137.66298, 482.49677, 171.77477, 474.72464, 204.66992, 483.81497, 81.373795, 476.22867, 116.97941, 468.63058, 151.15712, 461.04947, 184.48232, 461.9585, 96.228378, 454.70782, 130.89172, 447.51572, 164.52283, 440.60468, 196.77805, 447.86969, 75.641754, 440.89252, 110.71815, 433.94705, 144.38722, 427.3851, 177.19264, 426.94971, 90.481171, 420.64261, 124.41818, 414.0141, 157.50034, 407.9704, 189.528, 413.72885, 70.244339, 407.31744, 104.62073, 400.93069, 137.84695, 394.79291, 169.98119;
  461.18307, 112.29785, 461.46808, 145.05721, 461.61923, 177.76221, 461.91681, 209.98849, 445.04404, 129.51355, 445.211, 162.21597, 445.60757, 194.97044, 446.61948, 227.366, 428.58142, 113.67088, 428.6806, 146.92638, 429.28775, 179.57704, 430.01627, 212.09595, 412.35205, 131.23787, 412.43253, 164.0939, 413.52655, 196.65495, 414.54108, 229.35468, 395.52414, 115.40563, 396.18338, 148.50931, 396.77036, 181.43849, 398.05875, 214.24046, 379.51324, 132.71852, 380.216, 165.85565, 381.36877, 198.57774, 382.45029, 231.33875, 362.69043, 116.8017, 363.53699, 150.37692, 364.50024, 183.28223, 365.74976, 216.3519, 346.51843, 134.60045, 347.61288, 167.67807, 348.67123, 200.6127, 349.97006, 233.67769, 329.4494, 118.51693, 330.668, 152.16379, 331.77386, 185.44362, 333.12875, 218.39481, 313.5787, 136.44598, 314.93509, 169.49182, 316.20065, 202.53964, 317.57364, 236.06166, 296.6416, 120.25925, 297.7283, 153.78426, 299.01645, 187.03526, 300.41556, 220.41753;
  360.31177, 140.73428, 361.58649, 174.63139, 362.71191, 207.769, 363.96069, 240.5332, 344.66339, 158.44373, 346.04037, 191.62361, 347.44186, 224.07623, 348.60242, 256.47467, 327.81522, 142.31122, 329.53549, 175.49141, 330.83246, 207.83246, 332.21732, 240.49492, 313.22195, 159.43741, 314.61612, 191.8322, 316.0986, 224.05496, 317.08698, 256.01971, 296.86212, 143.6181, 298.54837, 176.18355, 300.25333, 208.21379, 301.20233, 240.10463, 282.54272, 160.57556, 284.20264, 192.25365, 285.50824, 223.87773, 286.74976, 255.58667, 266.76675, 144.88081, 268.54248, 176.77989, 270.04395, 208.20404, 271.0701, 239.83488, 252.95856, 161.25951, 254.48665, 192.7292, 255.63318, 224.16705, 257.08734, 255.08896, 237.2711, 146.07208, 239.09641, 177.58591, 240.49973, 208.68103, 241.69633, 239.57642, 223.92067, 162.3486, 225.55385, 193.49393, 226.72913, 224.21236, 228.23936, 254.55516, 208.81561, 147.25662, 210.63962, 178.35373, 211.8797, 208.90733, 213.33563, 239.39037;
  354.94531, 193.82498, 357.80655, 224.29535, 360.58737, 254.73526, 362.9437, 284.87332, 341.15118, 210.12439, 343.65945, 240.50998, 346.69821, 270.47226, 349.06589, 300.47598, 324.12103, 196.02994, 327.14273, 226.17371, 330.05643, 256.19543, 332.91959, 286.10172, 310.21439, 211.95088, 313.61035, 242.08315, 316.40988, 271.81705, 319.20016, 301.64151, 293.84329, 197.92488, 297.00781, 228.11191, 299.9975, 257.72861, 302.7699, 287.79935, 280.49136, 213.96254, 283.78967, 243.66986, 286.4762, 273.35544, 289.00095, 302.95422, 264.00613, 199.92252, 267.11581, 229.74776, 270.21844, 259.30722, 272.88708, 289.05466, 251.15179, 216.01161, 254.05211, 245.42761, 256.87152, 275.01889, 259.51096, 304.4559, 234.6364, 201.98578, 237.88864, 231.57944, 240.86725, 261.08624, 243.5, 290.5, 221.59604, 217.57817, 224.89165, 247.07445, 227.55016, 276.50421, 230.42203, 305.92532, 205.5314, 204.01004, 208.88023, 233.08171, 211.72612, 262.60358, 214.5547, 292.03418;
  225.55203, 206.47516, 228.59192, 235.57152, 230.73827, 263.93622, 233.11263, 292.2561, 211.45383, 223.12495, 214.0334, 252.27663, 216.59193, 280.6358, 219.2495, 308.50385, 194.34117, 210.04488, 197.25085, 239.64697, 199.9323, 268.56027, 202.70233, 297.11429, 179.52657, 226.93143, 182.6264, 256.48389, 185.58154, 285.47354, 188.70024, 314.15778, 161.58455, 213.7905, 165.01994, 243.75955, 168.42926, 273.26331, 171.52499, 302.50314, 146.91296, 230.97441, 150.32794, 260.81256, 153.53923, 290.4548, 157.02603, 319.74594, 128.11853, 217.77382, 131.94249, 248.1581, 135.54901, 278.25223, 139, 308, 113, 235.23102, 116.99545, 265.7121, 120.62304, 296.11841, 124.05117, 325.8244, 93.560715, 221.7281, 97.894745, 252.91371, 101.8204, 283.67206, 105.54424, 313.80911, 78.332138, 239.729, 82.423676, 270.94321, 86.366776, 301.46481, 90.790199, 331.66977, 58.197704, 225.88235, 62.525444, 257.82758, 67.022858, 288.87799, 71.281128, 319.70789;
  348.58362, 160.06915, 350.2634, 191.5351, 352.24567, 222.28513, 353.80597, 252.59209, 333.63733, 176.11057, 335.474, 207.14221, 337.60669, 237.49266, 339.31708, 267.46954, 317.03842, 160.93155, 319.17596, 192.04245, 321.35483, 222.29247, 323.40225, 252.30411, 302.89063, 176.88324, 305.41507, 207.04788, 307.63806, 237.08067, 309.41449, 267.06787, 286.67691, 161.63484, 289.18454, 192.10345, 291.84653, 222.31783, 293.60312, 252.1431, 273.16302, 177.14098, 275.68539, 207.20464, 277.89227, 237.16025, 280.06717, 266.58948, 257.08844, 162.32126, 259.93134, 192.40384, 262.0777, 222.20975, 264.13757, 251.91063, 244.03677, 177.70648, 246.34229, 207.55859, 248.89949, 237.14314, 250.97673, 266.4975, 228.10599, 162.8085, 231.00441, 192.8717, 233.36501, 222.76045, 235.54736, 251.60756, 215.47366, 178.21199, 218.1353, 207.82962, 220.43936, 237.16725, 223.04071, 266.13174, 199.7912, 163.41721, 202.94135, 193.35904, 205.07224, 222.53333, 207.55661, 251.53531;
  482.11426, 182.85356, 477.03003, 214.53818, 472.37775, 244.82922, 467.63293, 273.90326, 462.1265, 196.69388, 457.64758, 227.27179, 453.43985, 256.21982, 449.27744, 285.19272, 446.99066, 178.54211, 442.87448, 209.63605, 439.18356, 239.16476, 435.0961, 268.10681, 428.33026, 192, 424.51382, 222.00339, 421.16205, 251.26381, 417.32755, 279.4678, 413.23233, 173.94028, 409.90869, 204.75102, 407.00714, 234.34444, 403.47852, 262.96429, 395.4184, 187.41383, 392.37234, 217.15778, 389.48639, 246.23999, 386.66898, 274.48499, 380.59586, 169.89946, 378.06393, 200.18228, 375.1431, 229.61302, 372.73279, 258.14459, 363.53232, 182.95703, 361.07666, 212.78716, 358.83594, 241.59653, 356.37897, 269.60983, 348.98849, 165.83891, 346.95648, 195.86491, 344.85138, 225.08778, 342.46399, 253.45865, 332.52643, 178.89717, 330.9137, 208.47235, 328.90714, 237.13274, 326.94269, 264.79706, 318.1944, 162.10396, 316.64368, 191.80905, 315.18274, 220.63016, 313.4313, 249.01064;
  557.35571, 156.26077, 556.4043, 186.11705, 555.49561, 214.86377, 554.39099, 243.03336, 542.14783, 172.92084, 541.13226, 202.23674, 540.21851, 230.53255, 539.89703, 258.64554, 527.28223, 159.23941, 526.73712, 189.172, 526.00037, 217.77933, 525.69153, 246.50659, 511.82706, 175.65413, 511.22095, 205.18367, 511.06567, 233.73422, 511.24118, 262.45755, 496.8038, 162.22792, 496.66504, 192.31905, 496.40878, 221.18639, 497.03061, 249.73285, 481.33002, 178.70415, 481.39471, 208.3325, 482.1546, 237.29924, 482.66611, 265.73602, 466.03644, 165.12038, 466.41495, 195.13376, 466.8187, 224.57259, 467.66293, 253.53326, 450.96033, 181.89264, 451.69775, 211.54892, 452.64337, 240.66608, 453.31149, 269.4725, 435.25739, 168.08949, 435.98666, 198.37418, 436.98392, 227.97226, 438.20273, 256.85461, 420.37869, 185.01898, 421.56671, 214.92166, 423.12732, 244.44717, 424.03473, 273.22382, 404.55444, 171.18619, 405.89526, 201.62701, 407.16827, 231.40137, 408.85629, 260.6358;
  359.38672, 112.27295, 360.90729, 143.06096, 362.99768, 173.21773, 364.85486, 203.72008, 344.97165, 128.98894, 346.6268, 159.20084, 348.5397, 189.5632, 350.7402, 220.17676, 328.88135, 114.99182, 330.51819, 145.25203, 332.5, 175.52794, 334.48102, 205.84969, 314.67761, 131.18767, 316.5, 161.47206, 318.44424, 191.81329, 320.12073, 222.12971, 298.55826, 117.17152, 300.54651, 147.55087, 302.46674, 177.58281, 304.08365, 207.87425, 284.66937, 133.53001, 286.67215, 163.54968, 288.32318, 193.78833, 290.0647, 224.20467, 268.55728, 119.43597, 270.6868, 149.6481, 272.30588, 179.83762, 274.02435, 209.98538, 254.98904, 135.85681, 256.73758, 165.92912, 258.02249, 195.92311, 259.78351, 226.14519, 238.95105, 121.95261, 240.94298, 151.92308, 242.37891, 182.11429, 244.05296, 212.08664, 224.99394, 138.00656, 227.01747, 168.02696, 228.10762, 198.01559, 230.06625, 228.4404, 209.53195, 124.29607, 211.0304, 154.05867, 212.71852, 183.84242, 214.07768, 213.98845;
  239.59467, 124.00089, 243.0584, 154.00319, 246.01891, 183.90887, 249.08421, 213.03323, 225.90495, 140.8665, 229.29297, 170.9202, 232.80087, 200.5, 236.02599, 230, 208.92462, 126.95468, 212.16789, 157.63768, 215.74709, 187.33641, 219.16928, 217.24644, 195.10263, 143.85469, 198.68237, 174.03558, 202.06091, 203.99536, 205.81413, 234.09276, 177.56531, 129.9928, 181.17882, 160.78021, 184.8716, 191.15674, 188.5231, 221.45016, 163.54164, 147.08548, 167.03224, 177.78386, 170.61264, 208.10378, 174.53702, 239.02428, 145.43245, 132.84549, 149.39101, 164.06404, 152.74754, 194.92542, 156.69649, 225.6427, 130.7653, 150.35533, 134.72922, 181.34642, 138.46561, 212.47809, 142.30078, 243.22986, 112.2635, 135.95001, 116.21115, 167.54376, 120.25069, 198.9304, 123.69247, 230.04372, 97.425797, 153.52274, 101.40369, 185.31537, 105.50178, 216.46677, 109.32408, 248.11034, 78.454552, 139.39085, 82.365112, 171.28885, 86.60672, 203.04076, 90.549019, 234.48227;
  336.74725, 56.530411, 340.94379, 91.318451, 344.68768, 124.51859, 348.39188, 156.44402, 321.77011, 76.949348, 325.93564, 110.82935, 330.18652, 143.41638, 334.38797, 174.65012, 301.72253, 61.980679, 306.65616, 96.785889, 311.42093, 129.59186, 316.08951, 161.80081, 286.99313, 82.269875, 292.07632, 116.2224, 297.103, 148.65813, 302.04507, 180.29453, 266.17654, 67.251266, 272.02292, 102.23156, 277.71643, 135.50636, 283.10721, 167.72749, 251.50282, 87.602478, 257.72763, 121.70515, 263.64343, 154.42421, 269.22345, 186.14429, 230.45744, 72.709496, 237.14175, 107.59463, 243.7247, 141.17027, 249.61267, 173.56642, 215.72672, 93.03051, 222.82056, 127.38874, 229.49072, 160.5284, 236.07043, 192.2932, 194.04912, 78.010101, 201.78197, 113.25227, 208.93541, 147.01443, 215.89168, 179.53326, 179.92302, 98.627533, 187.57047, 133.23625, 195.10393, 166.42339, 202.22675, 198.39903, 157.46344, 83.505272, 165.76184, 119.01432, 173.80974, 152.8893, 181.49475, 185.53465;
  252.41631, 71.931595, 256.24069, 105.62781, 259.6134, 138.45157, 263, 170.56299, 237.12628, 90.436737, 241.17775, 123.59709, 245, 156, 248.59026, 187.78462, 218.17192, 74.331657, 222.53806, 108.38791, 226.78008, 141.32401, 230.50719, 173.6078, 203.60951, 92.529678, 208.07719, 126.02868, 211.90523, 159.01311, 215.87009, 191.02843, 183.99718, 76.415276, 188.61224, 110.64315, 192.95735, 144.00737, 197.36794, 176.57596, 169.02968, 94.984947, 173.92422, 128.76208, 178.27852, 161.67421, 182.92009, 194.36258, 149.08209, 79.030769, 154.29562, 113.31502, 158.95911, 146.77266, 163.55989, 179.70807, 134.19725, 97.763313, 139.28442, 131.39653, 144.0018, 164.86212, 148.92358, 197.82272, 113.58645, 81.329552, 119.26141, 115.95566, 124.24037, 149.54451, 129.23302, 183.00941, 98.78878, 99.964539, 104.19717, 134.31172, 109.20934, 168.03844, 114.61763, 200.98665, 78.122841, 84.046394, 83.668655, 118.62734, 88.958008, 152.59952, 94.383179, 186.36261;
  542.61493, 83.732056, 534.13831, 119.10269, 525.51892, 152.81216, 517.55084, 185.42397, 519.55609, 98.720009, 511.6152, 133.2878, 503.79672, 165.82256, 496.16141, 197.88124, 505.38214, 78.405945, 497.60709, 113.16028, 490.19601, 146.74986, 482.94098, 178.70531, 483.41785, 93.113434, 476.19186, 127.2497, 469.43979, 159.7487, 462.53064, 191.14146, 469.21698, 73.10041, 462.47015, 107.68073, 455.7446, 140.55144, 449.51236, 172.45038, 448.32538, 88.031265, 441.9791, 121.61731, 435.92838, 153.77843, 429.75327, 185.14015, 434.10812, 68.065544, 428.25784, 102.10892, 422.30148, 134.82265, 416.49823, 166.46677, 414.16919, 82.762909, 408.69083, 115.63268, 403.29904, 147.95662, 397.54636, 179.0343, 400.19711, 63.423832, 394.76089, 96.913658, 389.88531, 129.14493, 384.45523, 160.6459, 381.30359, 77.62262, 376.37381, 110.54717, 371.19397, 142.52122, 366.66354, 172.94681, 367.49622, 58.43475, 362.62961, 91.589912, 358.0668, 124.04467, 353.68298, 155.03043;
  458.63867, 122.45624, 462.93121, 154.81061, 467.13113, 187.35739, 471.37347, 220.12268, 444.74762, 140.62906, 448.63986, 173.18784, 452.75793, 205.75284, 457.34683, 239.03221, 426.46893, 126.41977, 430.50623, 158.91348, 434.35898, 191.25267, 438.81366, 224.28571, 412.39023, 144.60172, 416.46234, 177.2245, 420.61435, 209.81187, 424.72299, 242.98482, 394.27835, 130.39427, 398.36353, 162.84836, 402.60413, 195.50999, 406.54507, 228.31541, 380.32928, 148.84441, 384.08185, 180.97192, 388.34906, 213.63991, 392.45694, 247.01628, 362.33047, 134.46663, 366.07346, 166.8459, 369.95996, 199.30464, 374.22629, 232.3533, 348.09201, 152.5341, 352.01312, 184.90523, 356.08908, 217.7356, 360.06876, 250.92918, 330.04904, 138.52618, 334.03424, 170.72221, 337.64572, 203.30188, 341.59186, 236.39514, 316.01279, 156.42441, 319.47263, 188.95093, 323.54898, 221.6098, 327.54163, 255.2346, 298.03204, 142.37321, 301.61905, 174.58968, 305.61664, 207.37399, 309.31277, 240.6291;
  380.88495, 160.33809, 374.10861, 194.2198, 367.9151, 227.37698, 361.64023, 260.52722, 360.73438, 174.34169, 354.46515, 207.60402, 348.39957, 240.52722, 342.33417, 273.31918, 347.37549, 154.38818, 341.03683, 187.62761, 335.40677, 220.58321, 329.15146, 253.40535, 328.09439, 168.20985, 322.11047, 200.88826, 316.37524, 233.64978, 310.36328, 266.01358, 315.03772, 148.46562, 309.35291, 181.49409, 303.47513, 213.90202, 297.59442, 246.37685, 296.48004, 161.87402, 290.81506, 194.52263, 284.61377, 226.61446, 278.60385, 259.00995, 283.55206, 142.62805, 278.22885, 175.36838, 272.30872, 207.36426, 266.5, 239.5, 265.4429, 155.92821, 259.94925, 188.25719, 254.14819, 220.159, 248.35396, 252.12334, 253.33572, 136.88235, 248.09761, 169.22258, 241.96742, 201.09576, 236.07875, 232.90221, 235.92174, 150.5, 230.07056, 182.18532, 224.19133, 213.78865, 218.47289, 245.4677, 223.93076, 131.59171, 217.98093, 163.44531, 212.24529, 194.96686, 206.77791, 226.29672;
  486.63516, 103.9689, 480.34616, 139.62918, 474.53381, 173.38919, 468.67087, 206.46121, 465.47156, 119.12341, 459.67694, 153.44508, 454.14539, 186.56088, 448.79126, 218.83054, 450.47729, 98.984161, 445.0835, 133.5, 440.04178, 166.64461, 434.56281, 199.18846, 430.29102, 113.53261, 425.36807, 147.36691, 420.38525, 179.66063, 415.37112, 211.51924, 415.91595, 93.994987, 411.2648, 127.70058, 406.64227, 160.41656, 401.78244, 192.23717, 397.23752, 108.6569, 392.91092, 141.47975, 388.32132, 173.38937, 383.65768, 204.84427, 382.91217, 89.259216, 379, 122.5, 374.8609, 154.62685, 370.41345, 186.00305, 365.40848, 103.6686, 361.47711, 136.04749, 357.39935, 167.17757, 353.21109, 198.17772, 351.44681, 84.918221, 348.0575, 117.3935, 344.29541, 149.15544, 340.40799, 179.75829, 334.93674, 98.893387, 331.38882, 130.83414, 327.70444, 161.62093, 324.14835, 191.88583, 321.77966, 80.578018, 318.38568, 112.53078, 314.88931, 143.63683, 311.49612, 173.9247;
  348.28723, 148.69678, 344.89224, 181.87943, 341.71841, 214.56543, 338.76288, 247.56026, 330.07602, 163.82089, 326.86963, 196.78754, 323.61603, 229.54971, 320.58334, 262.79303, 315.19543, 146.08398, 312.19012, 178.92249, 308.88638, 211.56467, 305.69885, 244.63359, 297.42145, 161.20857, 294.39944, 193.86253, 291.21198, 226.64822, 287.96161, 259.77679, 282.58063, 143.09094, 279.66562, 176.06863, 276.47623, 208.60492, 273.26279, 241.65053, 264.82776, 158.16061, 261.80603, 191.16202, 258.56055, 223.66736, 255.63069, 256.83505, 250.57104, 140.4612, 247.37827, 173.12611, 244.17447, 205.70235, 240.68187, 238.65471, 232.81664, 155.49069, 229.62782, 188.18112, 226.25124, 220.7912, 222.76756, 254.11577, 218.58237, 137.53003, 215.3871, 170.32193, 211.78943, 203.11224, 208.42281, 235.95613, 201.21696, 152.52806, 197.60277, 184.96416, 194, 218, 190.74399, 251.31683, 186.83725, 134.58604, 183.453, 167.35458, 179.48146, 200.08224, 176.4111, 232.99307]
