image_Width 640
image_Height 480
board_Width 4
board_Height 11
square_Size 24.8
Camera_Matrix [676.2539025854784, 0, 315.4988061729922;
  0, 677.5627951135556, 275.6677804842628;
  0, 0, 1]
Distortion_Coefficients[-0.3823697409891961;
  0.2131263544015951;
  0;
  0;
  -0.0614671249865693]
Avg_Reprojection_Error 0.300114
Per_View_Reprojection_Errors[0.18956706;
  0.18771909;
  0.26096079;
  0.54789436;
  0.41043323;
  0.51113302;
  0.42017013;
  0.65039355;
  0.24465694;
  0.26342267;
  0.31674999;
  0.20385534;
  0.16980603;
  0.17429058;
  0.18776475;
  0.18349135;
  0.2198962;
  0.26030728;
  0.2832776;
  0.17108436;
  0.21288872;
  0.18385364;
  0.1699689;
  0.15046932;
  0.16559745]
Extrinsic_Parameters[1.983059644324225, -2.037726473093483, -0.08889224105851312, 107.7175615215488, 125.4230546107719, 636.3350479876912;
  1.985267480150509, -2.035909489747055, -0.09725370787574961, 105.7576805412995, 125.6907467067476, 635.7049430992805;
  -2.117235679904021, 2.170913145443102, 0.5065840258223946, 152.5578758338088, 120.7832050197517, 734.2248064078759;
  2.058435207347062, -2.413805823424607, -0.374324686050432, 132.4288322874252, 5.157759904480499, 458.8221755884542;
  -1.821129535521882, 2.463874966895783, 0.3808214653204005, 98.07510992622096, 109.3940725232141, 600.7849347013266;
  -2.065767449194033, 2.053368585672296, 0.2249622886427828, 20.10808202712057, 52.42053395169599, 638.1897106822389;
  -2.240217963500103, 1.636929171383192, 0.2537736137474715, -1.74689256743102, 19.80250594658249, 662.0598435470441;
  1.393620034602179, -2.656202962090946, 0.1565593214547236, 172.101355408009, -120.9138968280442, 602.7106918792275;
  2.76412398872903, -1.538858004590745, 0.05156716675347622, -26.47877570177105, 139.2084760781269, 738.6748445607991;
  -2.866143870240746, 1.021096702605272, -0.3698103268335561, -48.90306028574096, 125.71411199296, 747.1486794398354;
  -1.465813467482988, 2.449096498904141, 0.5096567735480228, 116.0739257250805, 26.51179158046122, 929.8693150869947;
  -1.892077977058834, 2.332875730138209, -0.2484293631752236, -147.3238243432446, 286.2325636388862, 1157.191656110302;
  -2.3687052587936, 2.081292714133757, 0.06570707405106102, 112.0756582261491, 207.2448613141145, 880.9791045700592;
  -2.353198650050668, 1.806704289390654, -0.2646455753029592, 157.0934703629085, 296.8508670612842, 1096.572508711132;
  -2.159789697558068, 1.816290959389969, 0.3093831098905022, 144.0449678185331, -143.4051004166049, 1002.97291572346;
  2.4695812584749, -2.189800319727226, -0.1362649589647422, -22.48172899466431, -160.7271872187296, 1079.171272299476;
  -1.957545881025852, 1.783678744593964, -0.7830283310658855, -290.2649108575806, -138.0943962785826, 1198.744423570638;
  -2.204686553006229, 1.826882366659665, -0.7317305157363941, -34.3200612409311, -53.85037595263007, 981.5761945577325;
  -2.506834898594632, 1.620981104624676, 0.1109265728954489, 29.33537989042107, 96.76836531371228, 1059.839137869853;
  -2.153162104961261, 1.571502464680545, -0.2922274637684091, 174.9614211735259, 64.65901087747437, 1085.42757929721;
  1.284315936151869, -2.347928882422763, -0.247729686634763, 169.7369507013937, -62.96547268385704, 920.926685065355;
  1.40990064648741, -2.189204390741543, 0.2906002253815594, 86.10082788371767, -66.61751061318707, 1012.124667985182;
  2.477165773450215, -1.901645009664622, -0.4831552050977848, 28.17976054595615, 68.16155760539542, 1176.502767254224;
  2.229257794385688, -2.282830590243046, 0.1930667877786866, -256.6976364320855, 76.93540905004065, 1287.96392726766;
  2.210561425548541, -2.028144777489923, -0.1020717113570261, 97.75711376971849, 19.53834996176258, 981.2026605441516]
Image_points[427.06509, 405.78867, 426.18335, 354.59552, 425.15396, 304.27826, 423.71564, 253.99988, 401.40067, 381.09595, 400.76239, 330.37036, 399.71219, 280.20779, 398.17773, 230.78058, 376.73425, 406.80231, 376.20602, 356.33838, 375.47818, 306.4769, 374.42401, 256.62228, 351.74738, 381.81284, 351.26257, 331.97818, 350.62643, 282.39545, 349.83844, 233.53406, 327.15659, 407.04031, 326.99133, 357.4516, 326.67554, 307.88626, 326.20694, 259.17844, 303.15695, 382.42184, 302.9408, 333.39853, 302.91064, 284.5705, 302.58255, 236.7442, 279.55386, 406.9744, 279.47232, 358.31845, 279.64297, 309.90222, 279.66168, 261.92874, 256.45801, 382.47977, 256.41565, 334.21506, 256.75443, 286.85355, 257.34973, 239.8159, 233.95869, 406.16251, 233.95786, 358.91284, 234.47026, 311.17117, 235.01059, 264.62234, 212.12411, 382.28668, 212.32561, 335.2865, 212.79185, 288.92471, 214.10353, 242.76849, 190.76009, 405.14981, 190.98412, 358.82907, 191.25777, 312.60275, 192.45445, 266.90833;
  425.0491, 406.24548, 424.54596, 355.052, 423.55542, 304.23499, 422.10327, 254.19756, 399.46463, 381.50479, 399.06564, 330.48157, 398.03079, 280.41425, 396.61105, 230.78271, 374.53625, 407.03738, 374.39148, 356.42148, 373.8566, 306.35889, 372.90372, 256.51639, 349.87457, 382.10788, 349.49811, 332.12653, 349.05786, 282.46222, 348.21762, 233.69511, 325.52341, 407.25861, 325.21555, 357.60361, 325.02374, 308.11575, 324.84732, 259.16547, 301.33139, 382.29178, 301.26999, 333.3429, 301.22073, 284.60416, 300.97531, 236.30849, 277.90845, 407.00516, 277.93701, 358.18912, 277.94073, 309.72678, 278.1441, 261.81277, 254.67838, 382.37994, 254.85149, 334.18521, 255.28371, 286.69955, 255.72829, 239.52029, 232.30539, 406.18295, 232.49544, 358.34564, 232.41051, 311.04642, 233.50684, 264.21854, 210.54871, 382.06604, 210.65927, 334.94641, 211.31825, 288.30542, 212.88992, 242.55287, 189.15506, 405.01611, 189.46329, 358.47232, 189.94972, 312.14023, 191.12672, 266.36536;
  452.4881, 384.32303, 453.45544, 342.74146, 453.81284, 299.76947, 454.01587, 254.5036, 430.62454, 363.69131, 431.08493, 321.6572, 430.96796, 277.45749, 430.46313, 231.38274, 408.48764, 383.79938, 408.47897, 342.72171, 408.08841, 299.54196, 407.38199, 254.54921, 386.56909, 363.18408, 385.49982, 321.142, 384.89081, 277.33551, 383.40616, 231.44557, 364.58032, 383.21048, 363.5318, 342.02234, 362.20499, 299.42856, 360.85373, 254.49495, 342.20581, 362.43936, 340.35794, 320.73657, 338.59467, 277.27191, 336.32883, 231.76144, 321.46848, 382.06683, 319.12036, 341.44666, 316.79068, 299.02921, 314.53397, 254.59888, 298.51999, 361.3378, 295.64236, 319.99573, 292.93283, 277.05862, 290.47546, 231.93265, 278.85974, 380.52963, 275.66852, 340.45291, 272.50125, 298.55908, 269.5463, 254.67967, 256.18631, 359.92892, 252.61, 319.32712, 249.19963, 276.94742, 245.56964, 232.41597, 237.33058, 378.66638, 233.48668, 339.27365, 229.58337, 298.00931, 225.95457, 254.87601;
  506.10983, 282.88312, 497.14896, 212.81943, 486.48251, 141.66109, 474.14038, 70.504494, 466.91275, 253.25996, 456.6763, 182.25523, 444.83371, 110.78294, 431.94931, 40.034924, 436.59055, 293.04773, 426.37073, 223.04311, 415.04419, 151.75343, 402.52899, 80.4179, 396.15912, 263.35626, 384.86182, 192.79483, 372.61975, 121.46399, 359.95566, 50.697304, 366.11929, 303.28217, 354.70731, 233.55238, 342.83893, 162.82576, 330.21689, 91.931648, 325.38788, 273.8161, 313.1875, 203.84169, 300.88873, 133.2636, 288.18152, 63.120621, 296.82645, 312.69733, 284.31625, 244.3763, 271.84076, 174.62665, 259.39917, 104.72671, 256.45798, 283.45798, 243.52643, 215.22278, 230.95647, 145.87273, 218.94196, 77.181572, 229.9482, 321.48383, 216.56389, 254.91818, 203.5874, 186.81419, 191.59013, 118.41732, 191.09453, 292.80588, 177.69501, 226.43843, 165.01698, 159.04839, 153.756, 92.118423, 167.24132, 329.63043, 153.16808, 264.71329, 139.83064, 198.80289, 127.9775, 132.59354;
  422.60547, 396.20135, 408.7706, 347.1684, 393.6268, 295.4581, 377.86215, 240.8407, 389.51212, 379.27441, 374.46146, 329.22098, 358.40936, 276.33655, 341.49017, 221.11147, 370.84323, 409.90192, 355.59103, 361.65756, 339.53281, 310.66025, 322.60217, 257.06494, 337.56674, 392.92883, 321.33035, 343.70508, 304.29547, 291.78384, 286.45728, 237.66571, 320.04895, 422.98654, 303.56265, 375.38333, 286.38919, 325.40277, 268.55292, 272.94452, 286.68497, 405.76999, 269.23715, 357.53864, 251.5013, 306.85532, 233.11388, 253.76845, 270.43939, 434.8855, 253.0325, 388.45596, 235.04823, 339.55743, 216.66566, 287.97635, 237.6107, 417.96576, 219.28206, 370.55569, 200.85527, 321.1358, 182.11481, 269.27551, 223.01717, 445.51968, 204.77667, 400.33417, 186.08289, 352.79501, 167.36266, 302.59366, 191.0688, 428.43079, 172.14517, 382.69678, 153.21588, 334.62427, 134.48518, 283.8671, 178.07806, 455.07309, 159.22047, 411.22754, 140.12932, 365.0798, 121.16564, 316.18399;
  336.60892, 330.63992, 337.26343, 280.61465, 338.42667, 228.23428, 339.53503, 173.92361, 310.8248, 306.30115, 310.97742, 254.60445, 311.43991, 201.09985, 312.25635, 145.86188, 284.58115, 331.17825, 284.10028, 280.71518, 284.11273, 227.94238, 284.31885, 173.43881, 257.9108, 306.26138, 257.07162, 254.59285, 256.69434, 200.81177, 256.68478, 145.44353, 232.40567, 331.51791, 230.81876, 280.76886, 229.64722, 228.00201, 229.02306, 173.32693, 205.23833, 306.26764, 203.49451, 254.76801, 202.11589, 200.92137, 201.39731, 145.5641, 181.02596, 331.1188, 177.99301, 280.9823, 175.94411, 228.2675, 174.4832, 173.58737, 153.77675, 306.25751, 150.55104, 254.86024, 148.46443, 201.54648, 147.21902, 146.58151, 130.61011, 330.61389, 126.64646, 280.90561, 123.46348, 228.56754, 121.53864, 174.43132, 104.02724, 305.84601, 99.674812, 254.98848, 97.078094, 202.50299, 95.2164, 147.68607, 82.642067, 330.27481, 77.37603, 280.6676, 73.528008, 229.18134, 70.791862, 175.95818;
  313.22244, 295.69406, 329.95535, 250.46445, 347.14914, 202.95013, 365.32657, 153.19342, 296.99469, 266.34158, 313.33502, 219.52184, 330.61728, 170.5498, 348.79166, 119.53633, 264.76004, 282.20187, 280.05475, 236.03966, 296.26901, 187.53699, 313.58325, 137.03468, 247.42953, 252.31544, 262.77985, 204.63315, 278.92966, 154.91632, 296.40317, 102.86471, 215.80748, 268.3623, 229.60117, 221.44901, 244.88617, 172.27657, 261.35162, 120.99105, 197.55124, 238.01587, 211.37036, 189.83574, 226.68117, 139.32635, 243.08875, 86.912079, 166.64291, 254.67828, 179.15279, 207.16037, 193.08517, 157.49193, 208.54622, 105.65749, 148.21265, 224.11343, 160.68947, 175.32394, 174.5675, 124.53246, 190.07854, 71.56604, 118.44193, 240.76654, 129.49054, 192.89142, 141.91115, 143.01175, 156.28065, 91.167587, 99.650253, 210.37773, 110.77533, 161.5, 123.68361, 110.64399, 138.41727, 57.614002, 71.303345, 227.46251, 81.166245, 179.45032, 92.461037, 129.58917, 105.6235, 77.666008;
  501.22864, 146.34343, 468.54459, 104.90418, 436.16269, 66.135544, 404.19925, 30.017721, 464.46002, 139.0881, 431.85428, 98.34156, 399.77945, 60.3414, 368.53455, 24.732904, 459.95035, 174.49681, 427.26779, 132.11559, 395.20129, 92.452309, 363.99643, 54.824654, 422.08591, 167.48376, 390.15445, 125.78964, 358.53397, 86.633644, 328.04712, 49.90461, 416.28769, 204.25851, 383.99188, 160.82375, 352.81158, 120.01808, 322.09421, 81.796333, 378.05823, 197.02017, 346.50143, 154.57518, 315.83072, 114.49523, 286.29431, 76.66082, 371.35269, 234.85422, 339.59943, 190.49573, 308.99512, 148.76216, 279.34128, 109.52607, 332.38342, 227.84004, 301.60944, 184.39778, 272.0116, 143.27098, 243.46298, 105.10114, 324.80273, 265.75974, 294.06073, 221.00247, 264.24167, 178.36137, 236.04237, 138.43291, 286.25974, 258.47171, 256.60968, 214.53636, 228.15532, 172.71893, 200.92351, 133.76627, 278.28091, 296.8378, 248.44041, 251.56816, 219.78545, 208.5009, 192.67245, 167.7352;
  292.03027, 401.60178, 315.46301, 363.68283, 338.87582, 325.58224, 362.75766, 287.31357, 284.39359, 371.31503, 307.71103, 333.24106, 331.50638, 294.59409, 355.49329, 256.04355, 253.50241, 378.32944, 276.67557, 340.48953, 300.41107, 302.17032, 324.05048, 263.44324, 245.78239, 347.73529, 269.13416, 309.5, 292.81406, 270.74698, 317.26874, 231.96204, 215.31114, 354.75687, 238.17163, 316.79221, 261.67752, 278.19333, 285.73868, 239.5567, 207.45029, 323.74496, 230.59985, 285.53745, 254.45326, 246.98184, 278.76517, 208.3587, 177.37724, 331.08136, 200.04474, 292.74838, 223.43372, 254.37244, 247.52159, 215.60371, 169.70187, 299.71204, 192.55783, 261.58002, 216.46234, 223.16081, 240.66832, 184.66832, 140.07779, 307.16525, 162.56267, 268.81915, 185.71371, 230.53125, 209.79944, 192.30157, 133.077, 276.06802, 155.74066, 238.10588, 179.42938, 199.71704, 203.61255, 161.60631, 104.35202, 283.31491, 126.43355, 245.36803, 149.30475, 207.45264, 173.25116, 169.32809;
  271.33231, 388.5094, 304.84732, 359.71579, 337.76804, 331.29398, 369.49078, 303.04288, 274.39264, 357.37231, 307.95441, 328.57965, 340.72623, 300.55911, 372.52484, 272.50745, 243.35576, 355.15372, 277.57584, 326.25052, 311.07156, 297.55032, 343.88098, 269.47482, 246.603, 323.43085, 280.78223, 294.64124, 314.43027, 266.405, 347.04855, 238.67488, 215.21965, 320.5, 249.76672, 291.55859, 283.92377, 263.33487, 317.19202, 235.48672, 218.27759, 288.40091, 253.02095, 259.82034, 286.95404, 231.82173, 320.13879, 204.68724, 186.41426, 285.14532, 221.57993, 256.5, 256.4274, 228.42567, 290.11865, 200.87047, 189.7706, 253.10539, 224.90155, 224.55984, 259.34805, 196.93201, 293.03818, 170.3494, 157.93643, 249.63306, 193.43045, 220.91748, 228.57994, 193.30646, 262.64471, 166.50507, 161.73441, 217.45758, 197.03889, 189.46101, 231.90079, 162.58286, 265.90405, 136.46814, 130.07524, 214.10191, 165.56699, 185.80331, 200.6649, 158.35176, 235.51752, 132.28462;
  399.38358, 294.64355, 384.06628, 265.93555, 368, 236, 351.4848, 205.03909, 375.62643, 288.38538, 359.56863, 259.32813, 343.17252, 228.87303, 325.62247, 197.20093, 367.27533, 310.06049, 351.45743, 281.74939, 334.9364, 252.41916, 317.83005, 221.60471, 343.50745, 303.88715, 326.97049, 275.03812, 309.98941, 245.41577, 291.95563, 214.26245, 336.19217, 325.03772, 319.0946, 297.37518, 301.97818, 268.58133, 284.33798, 238.29169, 311.78799, 318.94876, 294.89621, 290.96637, 276.94968, 261.60599, 258.81293, 231.14847, 304.88141, 340.09885, 287.64661, 312.91855, 270.04645, 284.43805, 251.83046, 254.6066, 280.85062, 334.11215, 263.08594, 306.51801, 245.05226, 277.72736, 226.5448, 247.63029, 274.5466, 354.70642, 256.79718, 328.19266, 238.88734, 300.24051, 220.08687, 270.77478, 250.85466, 348.69662, 232.59564, 321.98862, 214.16922, 293.53201, 195.07159, 263.74716, 245.09995, 368.68674, 226.96849, 342.53342, 208.41478, 315.53857, 189.69653, 286.85101;
  231.81094, 438.47021, 225.57285, 411.53149, 219.4507, 384.45068, 213.14539, 356.53445, 214.856, 428.17456, 208.63199, 401.09515, 202.29242, 373.56961, 196.23537, 345.50031, 204.5, 444.5, 198.13538, 417.58972, 191.66315, 390.50143, 185.533, 362.77271, 187.64116, 434.36911, 180.87991, 406.89871, 174.6628, 379.64697, 168.67705, 351.73468, 177.50157, 450.5, 170.61497, 423.72211, 163.93625, 396.48746, 157.70073, 368.65088, 160.44522, 440.20972, 153.57111, 412.92813, 147.26248, 385.48245, 140.76765, 357.59311, 150.07593, 456.09329, 143.49806, 429.54019, 136.63187, 402.21902, 130.40688, 374.44244, 133.38403, 445.68604, 126.5, 418.5, 120.17105, 391.3255, 113.57255, 363.41068, 123.57285, 461.53149, 116.61763, 434.83701, 109.68126, 407.70203, 103.19798, 380.00827, 107.06175, 450.94006, 100.04809, 424.07864, 93.186699, 396.66586, 87.027344, 368.8851, 97.4049, 466.55176, 90.066933, 439.9126, 83.426979, 413.08444, 76.932594, 385.51245;
  399.10913, 430.7402, 404.80582, 395.133, 410.03162, 358.75125, 415.66595, 321.10287, 383.67508, 410.96088, 389.11154, 374.77356, 394.30334, 337.7637, 399.47873, 299.93024, 362.81766, 426.6044, 368.03333, 390.75476, 373.04953, 353.94373, 378.21219, 316.38962, 347.1073, 406.4306, 351.83649, 370.05695, 356.90408, 332.93805, 361.97403, 295.16443, 325.82104, 422.08374, 330.49963, 385.94727, 335.65063, 349.08054, 340.68137, 311.59119, 309.81525, 401.49704, 314.49673, 364.98462, 319.50058, 328.23203, 324.40567, 290.40567, 288.99655, 416.98328, 293.49036, 380.996, 298.15787, 344.19977, 303, 306.64343, 272.93646, 396.37064, 277.14154, 360.12137, 281.97806, 323.15454, 286.70239, 285.2811, 252.38388, 411.51974, 256.65128, 375.79904, 261.12274, 339.0556, 265.81097, 301.54065, 236.0027, 390.91925, 240.53751, 354.96765, 244.73332, 318.08618, 249.29749, 280.2522, 216.21733, 405.92953, 220.15292, 370.23569, 224.13762, 333.88763, 228.71338, 296.82471;
  408.89883, 452.96802, 417.15747, 424.97159, 425.08008, 396.47369, 432.71091, 367.83072, 399.96365, 436.45618, 407.88559, 408.24716, 415.83701, 379.44107, 423.39151, 350.18588, 382.35196, 448.03577, 390.51712, 419.48932, 398.30161, 390.75119, 406.22482, 361.60641, 372.54611, 431.34943, 380.54932, 402.45068, 388.61539, 373.20126, 396.73346, 343.55402, 354.68552, 442.88583, 362.84143, 414.0658, 370.73349, 384.66644, 378.65927, 355.12524, 344.66461, 425.66461, 352.69949, 396.3544, 360.69025, 366.68991, 368.67047, 336.83804, 326.36624, 437.47427, 334.37085, 407.93008, 342.10291, 378.1022, 350.16025, 348.10773, 315.90921, 419.76111, 323.81613, 389.81613, 331.91376, 359.86725, 339.84692, 329.49359, 297.16266, 431.16266, 305.16617, 401.56387, 313.05801, 371.61539, 320.95349, 340.98038, 286.09137, 413.13382, 294.21912, 383.15387, 302.1405, 352.85599, 310, 321.91998, 267.79498, 424.76093, 275.38742, 394.83203, 283.435, 364.44571, 291.10834, 333.78824;
  410.93872, 180.42415, 418.03421, 148.88831, 424.95239, 116.92449, 431.6669, 84.198357, 398.48196, 161.51804, 405.26935, 129.51265, 412.12732, 97.044495, 418.59787, 64.557831, 379.08844, 174.33054, 385.55298, 142.37358, 392.18707, 110.11488, 399.05737, 77.440819, 366.46161, 155.53279, 372.8056, 123.18684, 379.37958, 90.768394, 385.50354, 57.770992, 346.59924, 168.68251, 353.06732, 136.35933, 359.36917, 103.91466, 365.78683, 70.980644, 333.39383, 149.78391, 339.52902, 117.0167, 345.87027, 84.309097, 352.06897, 51.229385, 313.79419, 162.84167, 319.83813, 130.44958, 325.9888, 97.801498, 332.21164, 64.815689, 300.47638, 143.93208, 306.19608, 111.54062, 312, 78.5, 318.26987, 45.111229, 280.77487, 157.5, 286.60498, 125, 292.45706, 92.341728, 298.32416, 58.902729, 267.16187, 138.55042, 272.57019, 105.71794, 278.42139, 72.702599, 284.21198, 39.542492, 247.58249, 152.10847, 253.1525, 119.54067, 258.59415, 86.658333, 264.0062, 53.550217;
  301.44119, 175.74391, 305.01361, 145.31027, 309.15201, 114.88541, 312.8959, 84.681564, 288.23218, 158.6622, 292.06549, 128.06331, 295.55746, 98.032936, 299.35135, 67.829628, 271.08948, 171.98067, 274.79413, 141.53012, 278.40948, 111.27468, 282.23663, 81.24424, 257.39847, 155.1644, 261.38242, 124.50963, 265.17395, 94.404297, 269, 64.521301, 240.24403, 168.80226, 244.14867, 137.96892, 247.86725, 107.91376, 251.94615, 77.946159, 227.16708, 151.77852, 231.09651, 121.41959, 234.56865, 91.092926, 238.39253, 61.378597, 210.09895, 165.3409, 213.91826, 134.79933, 217.72949, 104.62258, 221.50536, 74.826126, 196.95795, 148.49022, 200.34859, 118.54626, 204.36526, 88.42572, 208.35522, 58.534088, 180.16264, 162.16264, 183.67842, 131.92082, 187.36195, 101.94206, 191.49043, 71.959549, 167.04478, 145.47414, 170.67262, 115.43031, 174.64421, 85.519066, 178.71117, 56.336945, 150.44676, 159.22008, 154.16264, 129.16264, 157.86469, 99.294472, 161.662, 69.540276;
  155.72382, 199.73227, 158.65845, 173.79959, 161.5688, 148.48679, 164.31506, 123.52666, 145.20422, 184.15442, 148.1698, 158.10225, 151.35091, 133.22806, 154.04811, 108.36941, 131.42929, 195.08015, 134.66716, 168.58995, 137.62198, 142.83345, 140.61273, 117.52068, 120.61213, 178.93594, 123.94508, 152.83206, 127.16979, 127.10224, 130.4919, 101.94418, 106.44077, 189.98811, 109.84467, 163.10947, 113.16808, 137.16808, 116.63759, 111.72563, 95.413673, 174.08858, 99.101273, 147.24892, 102.66161, 121.65554, 106.36688, 96.24585, 81.04937, 185.05876, 84.685867, 158.02295, 88.371338, 131.31454, 92.172554, 106.03339, 69.84864, 168.73381, 73.5, 142.06693, 77.68203, 115.79572, 81.617065, 89.950974, 54.860683, 179.92743, 58.964222, 152.46622, 62.830204, 125.89776, 66.964256, 100.03574, 43.5, 163.5, 47.814091, 136.17397, 52.178249, 109.9976, 56.369175, 84.433365, 28.055399, 174.75099, 32.569164, 147.11676, 36.992165, 120.2607, 41.522442, 94.248634;
  291.98343, 237.90617, 296.28348, 206.43732, 300.52682, 175.90451, 304.67349, 146.89209, 279.03876, 217.68793, 283.58966, 186.81326, 288.21588, 156.4101, 292.68329, 127.60887, 261.26669, 229.6122, 266.03467, 197.75177, 270.93832, 166.70612, 276.13269, 137.07959, 248.14284, 209.30553, 253.26105, 177.48679, 258.63599, 147.0907, 263.75977, 117.36968, 229.65567, 221.15668, 235.0096, 188.69048, 240.46394, 157.12975, 246.1759, 127.00123, 216.03928, 200.06294, 222.01976, 167.78174, 228.08951, 137.21895, 233.9843, 107.28563, 196.50182, 212.11659, 202.89407, 179.15866, 209.10924, 147.50006, 215.27408, 117.0906, 183.33543, 190.76927, 189.69812, 158.3638, 196.23624, 127.05023, 203.05067, 97.329124, 163.12511, 202.89223, 169.60896, 169.40732, 176.7408, 137.35052, 183.79358, 106.89755, 149.40433, 181.39293, 156.65388, 148.28226, 164.25429, 116.85962, 171.56099, 87.023109, 128.75006, 193.59824, 136.1123, 159.67197, 144.25533, 127.45951, 151.80443, 96.499207;
  334.32407, 337.142, 347.202, 309.26505, 360.43323, 280.61682, 374.1734, 251.80513, 326.53986, 316.93488, 339.45068, 288.71176, 352.70724, 259.82629, 366.03989, 230.30705, 305.79349, 324.93793, 318.53839, 296.46719, 331.94049, 267.73627, 344.6611, 238.50688, 297.57803, 304.22034, 310.77713, 275.68997, 323.66574, 246.57341, 337.11713, 217.08134, 276.63077, 312.49414, 289.40894, 283.5126, 302.52032, 254.85106, 315.51306, 225.1562, 268.43655, 291.53372, 281.37286, 262.3923, 294.36685, 233.32843, 307.47946, 203.79021, 247.37296, 299.51089, 260.06381, 270.55569, 272.71283, 241.47986, 286.05566, 211.45638, 238.76767, 278.48203, 251.69992, 249.42101, 264.61655, 219.87102, 277.57861, 190.29741, 218.05739, 286.55917, 230.58464, 257.51395, 243.1075, 228.09555, 256.11115, 198.35431, 209.65022, 265.65024, 221.99396, 236.39659, 234.57137, 206.7543, 247.95399, 176.77998, 189.05716, 273.73178, 201.03392, 244.54147, 213.84523, 215.09677, 226.53156, 185.38078;
  423.11407, 315.57739, 433.86517, 286.68622, 443.9368, 257.85254, 453.9762, 228.9823, 417.07544, 297.49857, 427.40567, 268.50272, 437.62167, 239.38643, 447.79083, 209.7421, 399.61401, 308.979, 410.06174, 279.48993, 420.84033, 249.70784, 431.27884, 220.02641, 392.86163, 290.42374, 403.15738, 260.45886, 414.03894, 230.39911, 424.535, 200.11911, 374.67108, 301.92038, 385.45047, 271.56512, 395.94922, 240.96559, 406.89896, 210.5177, 367.2236, 282.98718, 378.04749, 252.05533, 388.78464, 221.27956, 399.69867, 190.10114, 348.45053, 294.578, 359.44949, 263.16107, 370.44226, 232.13344, 380.96146, 200.73949, 340.19464, 274.81381, 351.42493, 243.16982, 362.24902, 211.30467, 373.24765, 179.55792, 320.58237, 286.73932, 331.9704, 254.6216, 343, 222.5, 353.71933, 190.39224, 311.91852, 266.3923, 323.08997, 233.79593, 334.38495, 201.50679, 345.40128, 168.65329, 291.50494, 278.42453, 302.87723, 245.72887, 314.1441, 212.58165, 325.52765, 179.62761;
  438.47324, 229.86887, 419.87894, 201.06274, 402.02292, 173.63086, 384.38708, 147.0526, 415.28775, 225.52267, 397.05322, 197.24927, 379.88504, 170.23271, 362.99878, 144.1759, 410.37222, 250.32158, 392.29858, 221.46307, 375.20239, 193.70479, 358.22809, 167.0585, 387.71783, 245.49803, 370.43387, 217.12416, 353.81082, 190.05011, 337.4043, 164.17796, 382.65753, 269.63608, 365.51401, 241.27621, 348.87958, 213.46329, 332.93243, 186.69978, 360.70956, 264.9809, 344.06848, 236.69437, 328.18301, 209.5629, 312.51553, 183.40004, 355.71112, 288.80374, 339.12781, 260.44321, 323.41348, 232.70125, 308.30661, 206.1371, 334.15027, 283.80435, 318.3851, 255.82504, 303.54749, 228.84839, 288.66086, 202.66144, 329.42703, 307.29532, 313.82632, 278.92969, 298.41846, 251.40515, 283.91721, 225.03053, 309.01471, 302.11215, 293.55615, 274.22964, 279.40933, 247.34557, 265.24451, 221.12726, 304.14728, 325.19366, 288.97589, 297.04755, 274.60641, 269.71625, 260.65576, 243.15604;
  372.8912, 231.42889, 360.80927, 206.94571, 349.29816, 184.50706, 338.62891, 163.41556, 352.01273, 226.27309, 340.63232, 202.72218, 330.03635, 180.5634, 319.83643, 159.42133, 343.12485, 245.60365, 331.95541, 221.29597, 321.29407, 198.12529, 311.3642, 176.61674, 322.91568, 240.51196, 312.51215, 216.59319, 302.50519, 194.01131, 293.17075, 172.46645, 313.88586, 260.39832, 303.1604, 235.44035, 293.54242, 212.08392, 284.26724, 189.92426, 294.22974, 254.53288, 284.27701, 230.45653, 275.44818, 207.819, 266.5, 186, 284.7016, 274.44733, 275.04132, 249.41328, 265.83569, 226.03232, 257.32153, 203.89807, 265.32901, 269.10873, 256.37665, 244.47813, 248.06534, 221.49207, 240.2782, 199.62619, 255.79778, 288.7514, 246.6429, 263.57904, 238.51508, 239.7037, 231.00471, 217.09128, 237.2863, 283.28784, 229.05273, 258.32822, 221.48915, 234.99117, 214.5, 213, 227.58784, 302.84647, 219.5, 277.5, 211.91609, 253.19955, 205, 230.5;
  331.56924, 314.69235, 338.32532, 288.14679, 345.31207, 260.82321, 352.51254, 233.06375, 321.5, 297.5, 328.11679, 270.78418, 335.05438, 243.396, 341.48746, 214.93625, 305.08835, 306.71262, 311.21155, 280.21155, 317.87433, 253.11337, 324.30765, 225.43074, 294.68094, 289.68094, 301.18082, 262.8024, 307.5, 235.5, 313.79105, 207.44685, 278.31985, 298.68015, 284.56656, 272.40057, 290.78558, 245.28989, 297.03549, 217.8811, 268.25244, 281.69592, 274.25385, 255.15523, 280.3255, 227.77444, 286.82617, 200.00665, 252.30202, 291.01938, 258.11102, 264.69952, 264.01624, 237.72253, 270.13876, 210.38498, 242.36002, 273.78949, 248, 247.5, 253.85304, 220.34607, 259.84097, 192.85895, 226.93416, 283.31589, 232.14767, 256.80975, 237.93416, 230.31587, 243.91095, 203.31053, 217, 266.5, 222.30177, 239.93323, 227.99782, 213.27982, 234.0741, 186, 202.02649, 275.5675, 207.21887, 249.68083, 212.57828, 223.28979, 218.15115, 196.30487;
  183.05138, 315.56454, 182.52719, 290.03424, 181.83192, 264.16809, 181.44373, 238.83069, 170, 302.94061, 169.4778, 277.11926, 169.02971, 251.74251, 168.87228, 226.27623, 157.79355, 316, 157.16652, 290.41129, 156.7251, 264.92569, 156.47186, 239.31169, 144.94862, 303.43546, 144.40843, 277.9386, 144.20453, 252.48184, 144, 227, 132.94862, 316.43546, 132.3967, 290.79691, 131.81625, 265.15662, 131.64986, 240.14627, 120.31857, 303.76111, 119.58606, 278.29044, 119.51609, 253, 119.62697, 227.63948, 108.31857, 316.76111, 107.65376, 291.16696, 107.43934, 265.85175, 107.42447, 240.79367, 95.772827, 304.0491, 95.44883, 278.77518, 95.504684, 253.54066, 95.546669, 228.5, 84.267601, 317.03473, 83.57888, 291.79031, 83.54821, 266.48486, 83.508331, 241.31018, 72.130196, 304.54425, 71.416451, 279.46735, 71.416451, 254.46735, 71.622383, 229.19696, 60.416447, 317.46735, 60.203178, 292, 59.796822, 267, 59.796822, 242;
  382.48297, 289.0463, 385.41443, 255.22606, 388.08966, 221.60356, 390.51395, 188.58464, 367.28046, 270.66531, 369.99036, 237.05052, 372.46692, 203.91492, 375.06055, 170.94397, 349.05237, 286.4548, 351.78809, 252.48268, 354.54263, 219.09055, 357.37921, 186.06175, 333.68497, 268.09479, 336.53824, 234.60283, 339.50296, 201.41025, 342.20767, 168.75804, 315.62683, 283.51559, 318.39755, 249.73837, 321.41199, 216.92133, 324.5, 184.00764, 300.61212, 265.33099, 303.51913, 231.96289, 306.52985, 199.13139, 309.59848, 166.80138, 282.60553, 280.77896, 285.79495, 247.51022, 288.79938, 214.66035, 291.91019, 182.01642, 267.70792, 262.43909, 271.01767, 229.79971, 274.21838, 196.91057, 277.48953, 165.04752, 250.25021, 277.96948, 253.20935, 244.92577, 256.65024, 212.34978, 260.01065, 180.17511, 235.88612, 260.41754, 239.06714, 227.68094, 242.4971, 195.30789, 245.99269, 163.66519, 218.83989, 275.31711, 222.21999, 242.68904, 225.0098, 210.51115, 228.9203, 178.75299]
