image_Width 1280
image_Height 720
board_Width 4
board_Height 11
square_Size 24.8
Camera_Matrix[998.2942216048269, 0, 652.5549468445518;
  0, 1002.54660989069, 346.2164326724428;
  0, 0, 1]
Distortion_Coefficients[0.01597077877690423;
  0.005108931543501268;
  0;
  0;
  -0.08487506727061518]
Avg_Reprojection_Error 0.272945
Per_View_Reprojection_Errors[0.17201915;
  0.1664183;
  0.17142048;
  0.19037189;
  0.21828306;
  0.25892562;
  0.24280716;
  0.24999443;
  0.25839007;
  0.25612888;
  0.24500524;
  0.26646119;
  0.21844275;
  0.22937286;
  0.22571661;
  0.2280847;
  0.22279784;
  0.23136197;
  0.2254833;
  0.22399047;
  0.20821875;
  0.27674565;
  0.29148442;
  0.27993703;
  0.3443431;
  0.2629196;
  0.25875062;
  0.29247168;
  0.27229342;
  0.21780625;
  0.21059337;
  0.16151673;
  0.17900421;
  0.24449207;
  0.24981196;
  0.18986858;
  0.24795133;
  0.30524409;
  0.28791007;
  0.30069488;
  0.28682393;
  0.2794795;
  0.30477336;
  0.31846628;
  0.27766758;
  0.26644045;
  0.24675705;
  0.25143147;
  0.25297886;
  0.24607015;
  0.29975164;
  0.2752431;
  0.27601287;
  0.37423426;
  0.32689276;
  0.41785824;
  0.37028983;
  0.29080665;
  0.28420508;
  0.30868709;
  0.3184773;
  0.31454363;
  0.28773433;
  0.27379146;
  0.26137233;
  0.27598527;
  0.27873141;
  0.28716362;
  0.52788484;
  0.24234767;
  0.24566101;
  0.25631037;
  0.28309613;
  0.33617467;
  0.30319041]
Extrinsic_Parameters[2.122921564378837, -2.160067462390527, -0.1633605164608146, 155.4791403890618, 107.6154615468769, 898.8724127718111;
  2.126661043048486, -2.160856871414712, -0.1636043679511949, 154.8655534125028, 108.6622883472753, 899.326252052255;
  2.125553088255708, -2.16632905485842, -0.1696502317508634, 153.729485764872, 110.4874274764433, 899.5821107069261;
  2.127622582295216, -2.160516699424353, -0.1702926484598178, 152.0639906394421, 109.8845098495055, 900.9241235859669;
  2.130039875480843, -2.156350958692448, -0.1906858106238248, 151.0358513782172, 116.9526188243258, 902.4018062050327;
  -2.138084951150201, 2.19642905885074, 0.4344876748037442, 152.1471927842545, 80.32928545632301, 926.7655451826532;
  2.159330736467753, -2.209787370389611, -0.5027507132630998, 148.8373791050914, 68.02726287595405, 921.044790027748;
  -2.062667776619694, 2.099853267112458, 0.7370748213918924, 496.6945884033251, -70.53934754208103, 934.735542395939;
  -2.067236722306954, 2.105273497331979, 0.754949292654221, 493.0841876589096, -73.15642850941532, 931.9694409323618;
  -2.071847655194462, 2.112300199195171, 0.7748373152484273, 489.4918740130948, -75.63244725030924, 928.2058223949227;
  -2.077377369378184, 2.119801394339739, 0.7929644123985544, 485.0992802903636, -77.5688035212978, 923.9185657306188;
  -2.083074818621343, 2.126444595939157, 0.8143702394682573, 480.0174089747746, -78.87298965114523, 918.7039638265807;
  -2.086514288632687, 2.13168700538577, 0.8329921728440418, 474.4594992386845, -80.07378532573148, 913.4472493549661;
  -2.090828666981427, 2.138379972772324, 0.851715352560435, 468.599530201137, -81.06160662085409, 908.1408465084846;
  -2.091656241676763, 2.14320949857941, 0.8669028160925952, 462.3289120874433, -81.76249287372797, 903.089306553311;
  -2.094018576610962, 2.149040333249115, 0.8791860805998988, 455.2472982647141, -81.71234120489352, 897.8347975445402;
  2.096922465392879, -2.154358366954555, -0.9098210218875054, 438.538449677756, -80.8484383429453, 886.8942280560715;
  2.071579143545574, -2.136777771623679, -0.9350010008668339, 411.9761156073064, -84.77232412036557, 871.229762339835;
  -2.049455054521229, 2.184289062018618, 0.07694936768477213, -85.85769448015255, -30.43263625871459, 809.5591654865057;
  -2.038865633232721, 2.176828920835154, 0.05935942928023943, -86.92384313896093, -30.23583091328225, 811.8648419830089;
  -2.028964973659688, 2.17300517275484, 0.04181139883696343, -87.67677989466561, -30.07156102527299, 813.071510393887;
  -1.98324859485467, 2.165797829850535, -0.06870589565233121, -119.4898785087713, -23.17207629683202, 804.5047134969663;
  -1.970135152671041, 2.158906158354088, -0.08322420761544894, -125.1384633783237, -23.56363340294121, 805.7554844678828;
  -1.946061146349893, 2.153569117058849, -0.1424295948874027, -138.1159882859876, -26.97213482857764, 808.8381336817004;
  -1.922256696801208, 2.15371823608955, -0.1878203750656569, -151.1117931447188, -26.27950533793511, 810.7575501746316;
  -1.899689626292806, 2.146036833179168, -0.2139353659196619, -161.1840393922435, -24.35724813747537, 812.7049082553747;
  -1.890385241002227, 2.143581020677211, -0.2227460448202856, -164.4307588541105, -23.10405987910477, 812.7232643363304;
  -1.872767403953881, 2.140309671266254, -0.2455024086195154, -171.2334774702925, -19.19980895011465, 811.1416784773205;
  -1.862391765037177, 2.134274755286125, -0.2507033068108205, -174.8300023761717, -17.07457535635675, 810.2001075303051;
  -1.846744435800064, 2.12669269341649, -0.2610391596603128, -178.8903885691179, -13.15775723752162, 807.2776265031635;
  -1.838952636635458, 2.120087387752614, -0.2636411283903659, -179.8095392391026, -10.56463516690723, 806.7414257866587;
  -1.819594370523725, 2.093803881677805, -0.2937563766298763, -175.2630951207517, 0.5149717953410504, 808.1549797580208;
  -1.817334928821772, 2.085036598969258, -0.3119833670594038, -173.9061598188265, 1.972136824237657, 811.0517136994118;
  -1.814549871377082, 2.081834157972702, -0.3345371294926255, -168.7597565560868, 1.920179864146463, 817.5079921082328;
  -1.814168234909724, 2.081503653626781, -0.3460311313341097, -165.1613069745767, 0.9501858619146502, 821.7743583032221;
  -1.811534083850846, 2.071250378010951, -0.364873244847741, -158.944774058095, 0.2339428533964866, 830.9383198783994;
  -1.80366644615471, 2.057821515477773, -0.3810098608427648, -152.1988857842262, 4.69445855463178, 837.6775961348582;
  -1.804556034788044, 2.042245349985485, -0.3721322770924807, -143.3507676168196, 17.7348137208617, 838.7954604385081;
  -1.807443178430834, 2.040732722934192, -0.363687903032523, -138.4232461058954, 24.48493971463366, 838.2590562397946;
  -1.81837309898272, 2.040153113013562, -0.3505005130262193, -128.2354111281412, 37.18143006418492, 835.7439581192855;
  -1.834359938578635, 2.013506191616868, -0.3223635502826698, -112.3323222514877, 60.3255604660441, 835.7156704241387;
  -1.829849314237307, 2.001226925882229, -0.3237143836658183, -110.79481656508, 66.58412300127651, 838.0326124851824;
  -1.827592409097675, 1.992135941429766, -0.3323682514550523, -109.7325189803373, 73.53316006240139, 839.5993069621302;
  -1.826171863467845, 1.980236465861995, -0.3300338908566693, -108.2377521500312, 81.85924895007506, 840.4923512046011;
  -1.853544039784915, 1.941390107118933, -0.3678631104917994, -201.3943974176997, 104.5916712229687, 795.4262004462589;
  -1.858777963337501, 1.943249347852936, -0.3726663020056361, -200.4726869586029, 99.3186565701649, 795.8542480015161;
  -1.863192403261605, 1.943884474025674, -0.3773803282268004, -198.6954014332266, 94.55180208803698, 796.171997420808;
  -1.872764875834923, 1.944045588797438, -0.3828395994254747, -193.1532516597041, 85.00108032988247, 797.3641320511085;
  -1.876786192314643, 1.945017282498009, -0.389154665634722, -190.1485650862162, 80.43823213192863, 798.1214664406353;
  -1.879424874952481, 1.943923457882756, -0.3951249815629157, -187.1465570347417, 76.06066468590119, 799.3935050025431;
  -1.889216068326115, 1.946294687191267, -0.4043147488612655, -176.2411516582017, 62.056100876648, 802.8417992846681;
  -1.882425899940961, 1.959486852415241, -0.4168163013619857, -159.446285559235, 28.22692399942427, 809.5699564662111;
  -1.888448347351468, 1.964922113442488, -0.4163460200130347, -152.5598073353505, 11.2733435223987, 810.7944723947892;
  -1.917476813134927, 2.004757496501071, -0.3875977423069006, -114.1889354860332, -9.705883611476743, 808.1003379941302;
  -1.933487504951875, 2.012864819465017, -0.3641697746754596, -84.80322053536072, -16.0495408031016, 806.9940980795068;
  -2.023911574510236, 2.05234160740261, -0.1738168719547068, 2.85466445106834, 5.266885311590052, 791.3073134837588;
  -2.040246999512132, 2.059225354686479, -0.1304487110839983, 12.5432777467855, 9.956534818082545, 788.1794936593973;
  -2.102818350504666, 2.066100879897793, 0.01434636698889845, 32.86928096584931, 30.34057392041375, 781.1334029965976;
  -2.114694322961518, 2.071404556988006, 0.04174383533605179, 35.99539655644191, 35.54657872085858, 779.5341348865908;
  -2.123766518812094, 2.076716118752915, 0.06257367629081614, 38.85251332242677, 41.09804418571752, 777.8687497227182;
  -1.945642603108447, 2.071444184299849, -0.2802929659760461, 152.7697978370645, 98.01200055816037, 838.7096106062274;
  -1.955091876775548, 2.100885901004796, -0.2677140174220353, 161.1486412709525, 90.6809137878966, 831.9148551907776;
  -1.985533837525593, 2.168354734686532, -0.2196630147007703, 194.8942530139016, 78.62100722485212, 808.6057088041811;
  -2.108877367529755, 2.277829139839644, 0.07800626399170942, 248.0462597294145, 96.28454410938514, 749.1246038159837;
  -2.126701680002839, 2.289867620962586, 0.1422990910906475, 250.0168357308704, 100.0444493774966, 738.558468116511;
  2.130550140011168, -2.284577907783112, -0.1952778569184745, 250.6611282375292, 103.4853122369895, 727.8574177647957;
  2.119893523371407, -2.263662661110392, -0.2390048403128565, 250.5799970084439, 107.0061296944314, 717.4039134941327;
  2.112289137370946, -2.24232838404763, -0.2753055546726316, 249.5554370915397, 111.3873494503066, 708.0607672834705;
  -1.790731831234554, 2.143680245642353, 0.03349128888907745, 44.73071609524224, 4.402558887348921, 732.4376346470828;
  -1.802107830450706, 2.321767804668234, -0.1794285050285162, 13.63071623957266, -21.09819062061772, 734.4858626161473;
  -1.808942893926075, 2.335809534723481, -0.1970102577604966, 13.64955150286435, -21.4185753160292, 734.8909423488458;
  1.875724603314842, -2.478494006050672, 0.3625841758656373, 35.08327936159569, -1.592583435994081, 733.0294823795158;
  1.858478930474635, -2.452149188279162, 0.3745503704028725, 39.75402614234524, 2.77177831612552, 732.0103435026923;
  1.843642785560232, -2.423096194521014, 0.376157383360862, 46.27961917367173, 7.20203120916011, 730.8709688932219;
  1.834060217362159, -2.390334088229312, 0.3571710240080069, 54.1369843918817, 11.97563911111381, 728.5384589599394]
Image_points[825.30127, 466.40863, 824.24103, 411.00143, 823.21442, 355.57135, 822.263, 300.45813, 796.97028, 438.82697, 795.9585, 383.52563, 794.97736, 328.52438, 794.07501, 273.21536, 770.01721, 466.47086, 769.02789, 411.29068, 767.94025, 356.71649, 767.12872, 301.63385, 742.0387, 438.98361, 741.17206, 384.13806, 740.1803, 329.5813, 739.08014, 274.87286, 715.2309, 466.35443, 714.30499, 411.59018, 713.27936, 357.28397, 712.4397, 302.88922, 688.00531, 439.09341, 687.09912, 384.85068, 686.05902, 330.79477, 685.07751, 276.38745, 661.85175, 466.04449, 660.95477, 411.89102, 659.75226, 358.20813, 658.86261, 304.3638, 634.74023, 439.09488, 633.86627, 385.40759, 633.07843, 331.9986, 632.07227, 277.89212, 609.12994, 465.94531, 608.15613, 412.39514, 607.0744, 359.11798, 606.33282, 305.55457, 582.4389, 439.41833, 581.54175, 385.94864, 580.54614, 332.77997, 579.93829, 279.46121, 557.00067, 466.00409, 555.93396, 413.05829, 554.83618, 359.89413, 554.46552, 306.82001;
  824.56995, 467.49026, 823.63397, 411.90427, 822.69312, 356.8873, 821.91455, 301.39508, 796.2467, 439.81934, 795.28851, 384.71515, 794.46582, 329.72778, 793.48145, 274.38882, 769.0069, 467.46973, 768.0788, 412.49423, 767.26855, 357.54224, 766.54633, 302.77863, 741.27161, 439.88202, 740.48804, 385.13794, 739.70355, 330.77744, 738.8031, 275.92072, 714.58887, 467.19205, 713.70685, 412.64554, 712.91034, 358.49765, 711.95099, 303.95792, 687.23016, 439.9368, 686.43506, 385.84595, 685.50708, 331.60782, 684.6618, 277.16083, 661.01044, 467.06348, 660.24042, 412.94217, 659.22266, 359.1188, 658.35931, 305.10901, 634.14545, 439.94226, 633.2901, 386.17386, 632.41797, 332.62613, 631.45532, 278.51611, 608.37946, 466.94293, 607.53644, 413.19171, 606.54584, 359.89407, 605.70367, 306.1619, 581.95099, 440.09784, 580.73895, 386.95703, 580.07245, 333.67365, 579.49896, 280.13928, 556.23877, 466.80637, 555.19653, 413.67477, 554.22681, 360.6731, 553.78363, 307.5524;
  823.13104, 469.59702, 822.14435, 414.16245, 821.03137, 358.92242, 819.91571, 303.36707, 794.87329, 441.88263, 793.85718, 387.02228, 792.88043, 331.77539, 791.73938, 276.43774, 767.86963, 469.49219, 766.84338, 414.49078, 765.83508, 359.7699, 764.638, 304.82031, 739.99823, 442.07767, 738.99237, 387.44531, 738.01715, 333.01288, 736.94635, 278.09979, 713.31396, 469.39578, 712.45502, 414.91681, 711.25403, 360.71146, 710.24109, 306.18185, 686.07745, 442.16843, 684.84534, 388.24777, 683.72614, 333.96851, 682.82147, 279.42023, 659.86853, 469.57733, 658.68658, 415.28806, 657.61871, 361.52151, 656.63312, 307.66962, 632.84961, 442.41382, 631.6673, 388.79736, 630.71704, 335.09357, 629.58759, 281.10242, 607.16876, 469.16226, 606.12903, 415.84024, 605.07678, 362.65628, 603.87701, 308.84137, 580.58704, 442.70642, 579.41052, 389.48013, 578.37036, 336.08447, 577.6308, 282.7406, 554.98682, 469.42798, 553.80804, 416.28906, 552.70569, 363.2919, 552.06989, 310.08359;
  821.09723, 468.76968, 820.15863, 413.25845, 819.25104, 358.26819, 818.58362, 302.76349, 792.98419, 440.87744, 792.10046, 386.07916, 791.07764, 331.0174, 790.35248, 275.81351, 765.87878, 468.4855, 765.02594, 413.59061, 763.87677, 358.88077, 763.40881, 304.07449, 738.18518, 440.94925, 737.38403, 386.37781, 736.48517, 332.03101, 735.71021, 277.24161, 711.29376, 468.3746, 710.63477, 413.85037, 709.81049, 359.6199, 708.86407, 305.3378, 684.33795, 440.87408, 683.46014, 386.95792, 682.58588, 332.96802, 681.65704, 278.43658, 657.96204, 467.97559, 657.25653, 414.02106, 656.27252, 360.27612, 655.47632, 306.38254, 631.26013, 440.96725, 630.53308, 387.27338, 629.66919, 333.86334, 628.55865, 279.84674, 605.55634, 467.69104, 604.65924, 414.19635, 603.84692, 361.00497, 602.74188, 307.17749, 579.09753, 441.02469, 578.15741, 387.8992, 577.40143, 334.75327, 576.80511, 281.28326, 553.59827, 467.67599, 552.47351, 414.48492, 551.60931, 361.79028, 551.01343, 308.65039;
  819.65564, 476.19437, 818.82837, 421.07214, 818.12439, 366.00879, 817.74475, 310.76184, 791.56586, 448.61707, 790.9458, 393.66296, 790.27826, 338.82309, 789.76404, 283.51035, 764.57269, 475.95993, 763.92987, 421.05762, 763.17017, 366.51712, 762.60767, 311.68906, 736.91711, 448.21832, 736.41974, 394.00659, 735.75482, 339.52756, 735.07129, 284.55518, 710.24091, 475.28613, 709.67078, 420.98624, 708.8548, 366.78473, 708.27393, 312.55777, 683.35529, 447.909, 682.6684, 394.07083, 681.9057, 340.19086, 681.21375, 285.67758, 657.16895, 474.59894, 656.54254, 420.83008, 655.71338, 367.41748, 654.87732, 313.28906, 630.50818, 447.5827, 629.83032, 394.14386, 629.10071, 340.82516, 628.42664, 286.88229, 605.00366, 474.09308, 604.21472, 420.75662, 603.65613, 367.71021, 602.47668, 314.23065, 578.72656, 447.39703, 577.73358, 394.58194, 577.05914, 341.16354, 576.60931, 287.97043, 553.39203, 473.71237, 552.30713, 420.84836, 551.30145, 368.33939, 550.8847, 315.15637;
  816.75641, 433.44217, 816.16986, 381.28619, 815.69409, 328.06799, 815.00629, 273.55151, 789.289, 407.3837, 788.45587, 355.16766, 787.60687, 301.62051, 786.76477, 246.45869, 762.91608, 433.12494, 761.73383, 381.41269, 760.76721, 328.72308, 759.45801, 274.85886, 735.65649, 407.13181, 734.09521, 355.38492, 732.79706, 302.59619, 731.2323, 248.0497, 709.90643, 432.49329, 708.35419, 381.39624, 706.46936, 329.4584, 704.77844, 275.9715, 682.93524, 406.94437, 680.85962, 355.47873, 678.6958, 303.38043, 676.82422, 249.43982, 658.10706, 431.89896, 655.8219, 381.29654, 653.56885, 329.83606, 651.11658, 277.17944, 631.35254, 406.60168, 628.70221, 355.88049, 625.93683, 304.16745, 623.42322, 250.76054, 607.22675, 431.32455, 604.30304, 381.17004, 601.69183, 330.38736, 598.41217, 278.22357, 580.7301, 406.35345, 577.29999, 356.35159, 574.08197, 304.98502, 571.27325, 252.23799, 557.3443, 430.93765, 553.55365, 381.81921, 549.99847, 331.38455, 546.78082, 279.41034;
  814.02228, 420.51352, 813.17273, 367.73203, 812.62378, 314.05176, 811.79517, 258.99323, 786.37988, 393.94443, 785.24969, 341.11465, 784.31927, 287.12595, 783.20135, 231.54063, 760.30109, 419.52832, 758.89117, 367.34137, 757.55988, 314.4119, 756.11682, 260.06604, 732.95117, 393.11047, 731.43982, 341.04385, 729.90253, 287.84369, 728.23517, 233.05209, 707.77618, 418.349, 705.97095, 366.91476, 703.97083, 314.61053, 702.00568, 261.15884, 681.08142, 392.2168, 679.0155, 340.73123, 676.63409, 288.47208, 674.31708, 234.38498, 656.93524, 416.94446, 654.44025, 366.20102, 651.88824, 314.80371, 649.35718, 262.27887, 630.62433, 391.29929, 627.8504, 340.34891, 624.86493, 288.91501, 621.91217, 235.73363, 607.24841, 415.87698, 604.14551, 365.83148, 601.01056, 315.0144, 597.87488, 262.97812, 581.23627, 390.72134, 577.69763, 340.74167, 574.30054, 289.57675, 571.3855, 236.96419, 558.55322, 414.77118, 554.6424, 365.70441, 551.00818, 315.67072, 547.88763, 264.2406;
  1184.6301, 270.17709, 1192.1605, 218.77864, 1200.0679, 165.3071, 1207.8967, 109.271, 1159.0793, 244.5537, 1166.1023, 192.52673, 1173.4106, 138.01094, 1180.7582, 80.688965, 1127.0068, 269.48553, 1133.391, 218.75523, 1139.8888, 165.82639, 1146.6045, 110.60232, 1101.5626, 244.00992, 1107.3209, 192.47693, 1113.2855, 139.01192, 1119.5281, 82.54583, 1070.4088, 268.46228, 1075.5558, 218.32726, 1080.7377, 166.36285, 1086.337, 111.68082, 1044.9613, 243.21571, 1049.6178, 192.66504, 1054.4431, 139.87018, 1059.4918, 84.07299, 1015.3412, 267.29199, 1019.3582, 217.9346, 1023.4005, 166.75757, 1027.661, 112.91637, 990.06799, 242.44141, 993.59381, 192.42644, 997.13629, 140.68613, 1000.8575, 85.806709, 961.84448, 266.41809, 964.71106, 217.61964, 967.57318, 167.04825, 970.61353, 114.17159, 936.73395, 241.87462, 939.02478, 192.9411, 941.37195, 141.60098, 943.91809, 87.281021, 909.72784, 265.41797, 911.50226, 217.7164, 913.25891, 168.05769, 915.18738, 115.42761;
  1182.3812, 267.08322, 1189.8268, 215.60522, 1197.048, 161.94241, 1204.8265, 105.5507, 1156.4326, 241.578, 1163.2391, 189.15251, 1170.3405, 134.43866, 1177.4178, 76.772362, 1124.5424, 266.27945, 1130.4847, 215.30649, 1136.7394, 162.37653, 1143.1108, 106.76608, 1098.6038, 240.79349, 1104.1121, 189.32916, 1110.0212, 135.29851, 1115.9425, 78.821053, 1067.6989, 265.3042, 1072.6287, 214.87358, 1077.5632, 162.92009, 1082.8835, 108.08845, 1042.0757, 240.01988, 1046.3879, 189.30246, 1050.861, 136.42677, 1055.619, 80.50489, 1012.5437, 264.22812, 1016.0962, 214.62115, 1020.0276, 163.38792, 1024.1289, 109.51617, 987.02985, 239.13031, 990.35626, 189.20552, 993.64435, 137.18015, 997.20111, 82.338272, 959.09814, 263.2399, 961.66199, 214.23633, 964.08154, 163.64076, 966.89673, 110.90318, 933.90161, 238.62932, 935.7746, 189.55231, 938.02856, 138.22194, 940.28082, 83.987991, 906.91785, 262.28995, 908.4519, 214.42084, 909.72668, 164.66708, 911.48541, 112.17072;
  1180.6538, 264.08911, 1187.6517, 212.3427, 1194.8575, 158.22337, 1202.2224, 101.60696, 1154.5067, 238.2459, 1160.7944, 185.73788, 1167.6442, 130.75233, 1174.3409, 72.950233, 1122.3317, 263.37192, 1128.1428, 211.98795, 1133.9724, 158.80559, 1140.1785, 103.01201, 1096.2789, 237.73669, 1101.504, 185.84087, 1106.9165, 131.91277, 1112.4998, 74.932709, 1065.5109, 262.36151, 1069.9663, 211.74956, 1074.5693, 159.52756, 1079.5173, 104.57845, 1039.4791, 236.96521, 1043.5477, 185.90543, 1047.5914, 132.98991, 1052.1083, 76.817513, 1010.0879, 261.21176, 1013.325, 211.30421, 1016.9724, 160.06474, 1020.6132, 105.97543, 984.26007, 236.08459, 987.27039, 185.96927, 990.31244, 133.92371, 993.42212, 78.90947, 956.54272, 260.15134, 959.00317, 211.08502, 961.08411, 160.53404, 963.68005, 107.46355, 931.30029, 235.47969, 932.96191, 186.33713, 934.802, 134.92189, 936.81995, 80.713646, 904.57153, 259.28372, 905.55872, 211.35732, 906.69305, 161.52409, 908.06787, 108.97929;
  1178.2402, 261.75031, 1185.0747, 209.52484, 1191.8033, 155.00841, 1198.8171, 98.22448, 1151.9093, 235.60544, 1158.0328, 182.64648, 1164.3491, 127.39094, 1170.6205, 69.38562, 1119.7004, 260.79065, 1125.1193, 209.29253, 1130.8068, 155.72588, 1136.4945, 99.581306, 1093.3451, 234.93205, 1098.2418, 182.97346, 1103.1628, 128.74373, 1108.546, 71.506866, 1062.4677, 259.89496, 1066.6396, 208.98532, 1070.9929, 156.55043, 1075.6477, 101.2851, 1036.368, 234.27586, 1039.9174, 183.17581, 1043.8899, 129.83582, 1047.939, 73.639153, 1007.0403, 258.74197, 1009.9301, 208.85243, 1013.1858, 157.11203, 1016.5651, 102.99521, 981.21185, 233.44026, 983.78436, 183.30447, 986.40057, 130.86319, 989.2403, 75.840851, 953.52112, 257.50449, 955.48535, 208.517, 957.43549, 157.77861, 959.4444, 104.64407, 928.10913, 233.01021, 929.41205, 183.69748, 931.00391, 132.123, 932.66943, 77.788734, 901.52466, 256.58331, 902.24542, 208.77542, 903.03546, 158.79991, 904.1778, 106.03238;
  1175.8098, 259.7785, 1182.349, 207.17569, 1188.6636, 152.38075, 1195.406, 95.003815, 1148.9803, 233.41272, 1154.6947, 180.45306, 1160.5171, 124.66277, 1166.7875, 66.228477, 1116.6897, 258.98428, 1121.8372, 207.07533, 1127.1322, 153.07391, 1132.5713, 96.681671, 1089.9078, 232.93642, 1094.865, 180.57681, 1099.376, 125.9107, 1104.4154, 68.504967, 1059.2161, 257.75909, 1063.2738, 206.56618, 1067.2168, 153.98209, 1071.3483, 98.502388, 1032.9042, 232.026, 1036.3004, 180.73654, 1039.662, 127.3418, 1043.4548, 70.880699, 1003.7147, 256.6333, 1006.3246, 206.47195, 1009.2638, 154.59621, 1012.2566, 100.31995, 977.76776, 231.53358, 979.86194, 180.79504, 982.14856, 128.46844, 984.72058, 72.8582, 949.96539, 255.36604, 951.61279, 206.13155, 953.21027, 155.42776, 955.20361, 102.08226, 924.50604, 230.71712, 925.49268, 181.27711, 926.77533, 129.72949, 928.11536, 75.180801, 898.08716, 254.4534, 898.59839, 206.32675, 899.24799, 156.49997, 899.97675, 103.59937;
  1172.8077, 257.96082, 1178.7515, 205.08871, 1185.2024, 149.72173, 1191.4891, 91.996559, 1145.4044, 231.51976, 1151.1604, 177.91507, 1156.8488, 121.95753, 1162.6522, 63.190521, 1113.2064, 257.08179, 1118.0746, 204.92879, 1123.0571, 150.61969, 1128.3308, 93.768372, 1086.2965, 230.89951, 1090.6674, 178.29556, 1095.1205, 123.36224, 1099.6312, 65.656693, 1055.493, 255.99352, 1059.1178, 204.55823, 1062.7539, 151.56224, 1066.8855, 95.788467, 1028.78, 230.09349, 1032.0023, 178.48608, 1035.1274, 124.76132, 1038.6082, 68.171646, 999.89941, 254.7114, 1002.0857, 204.41254, 1004.747, 152.36478, 1007.5769, 97.814217, 973.68665, 229.49722, 975.45978, 178.60645, 977.58691, 126.0753, 979.74432, 70.5392, 946.2428, 253.53178, 947.67627, 204.05023, 948.93286, 152.97563, 950.27032, 99.628777, 920.43335, 228.75943, 921.22986, 179.21725, 922.17212, 127.37756, 923.1983, 72.732597, 894.29895, 252.46916, 894.52557, 204.34731, 894.69171, 154.1925, 895.34955, 101.27935;
  1169.1633, 256.38687, 1175.1647, 202.99423, 1181.131, 147.38255, 1187.0742, 89.221626, 1141.6906, 229.82184, 1146.911, 175.73048, 1152.339, 119.46592, 1157.9484, 60.213551, 1109.4963, 255.51816, 1113.9387, 202.87759, 1118.5017, 148.63959, 1123.5458, 91.340942, 1082.2736, 229.09973, 1086.0684, 176.22511, 1090.1941, 120.88777, 1094.587, 63.057556, 1051.4376, 254.41539, 1054.7728, 202.75299, 1058.1021, 149.32974, 1061.7776, 93.467903, 1024.6428, 228.31491, 1027.4446, 176.55168, 1030.2592, 122.35879, 1033.1995, 65.58654, 995.7912, 253.24307, 997.91272, 202.44638, 1000.0019, 150.31451, 1002.3898, 95.479759, 969.36896, 227.50441, 970.99384, 176.71272, 972.46167, 123.88721, 974.3869, 68.189789, 942.23578, 251.83961, 943.11597, 202.26033, 944.151, 151.017, 945.15131, 97.481682, 916.31177, 227.03773, 916.66327, 177.31511, 917.09045, 125.3718, 917.99347, 70.605644, 890.1051, 250.98024, 890.05707, 202.55263, 889.98322, 152.41255, 890.20935, 99.260719;
  1165.2241, 255.01602, 1170.7031, 201.38974, 1176.4207, 145.39069, 1182.1833, 86.866257, 1137.2698, 228.35777, 1142.2476, 173.8978, 1147.3188, 117.60669, 1152.4971, 57.67321, 1105.0676, 254.31619, 1109.1726, 201.38402, 1113.6041, 146.66824, 1118.116, 89.030334, 1077.549, 227.8591, 1081.098, 174.49844, 1084.9663, 119.13755, 1089.0938, 60.696987, 1046.8866, 253.13853, 1049.9185, 201.44655, 1053.0457, 147.76534, 1056.3257, 91.486122, 1019.8838, 227.17755, 1022.3911, 175.08708, 1024.7926, 120.86503, 1027.4711, 63.622562, 991.03552, 251.87776, 992.84991, 201.19875, 994.48181, 148.75063, 996.63904, 93.610519, 964.4939, 226.36992, 965.79761, 175.38405, 967.03467, 122.2832, 968.40741, 66.310356, 937.45764, 250.70801, 938.03198, 201.05037, 938.89606, 149.54752, 939.43408, 95.671768, 911.44281, 225.86714, 911.49768, 175.96077, 911.62921, 123.932, 912.15009, 68.939796, 885.62378, 249.67383, 885.06586, 201.27386, 884.68341, 150.88589, 884.63177, 97.901375;
  1160.3737, 254.59785, 1165.6193, 200.51813, 1170.8505, 144.26669, 1176.3539, 85.232376, 1131.9879, 227.74408, 1136.4724, 173.05852, 1141.3699, 116.09707, 1146.3169, 56.008198, 1099.9153, 253.77077, 1103.7297, 200.73994, 1107.7834, 145.56676, 1111.9697, 87.675323, 1071.9724, 227.39397, 1075.4075, 173.59805, 1078.858, 117.8632, 1082.3911, 59.260159, 1041.5317, 252.74147, 1044.2686, 200.65976, 1046.887, 146.85811, 1049.7374, 90.229057, 1014.209, 226.61534, 1016.3542, 174.26425, 1018.4649, 119.88805, 1020.8683, 62.293674, 985.56152, 251.61604, 987.13062, 200.63193, 988.59198, 147.81323, 990.27234, 92.560066, 958.91272, 225.85895, 959.87469, 174.58998, 960.70038, 121.47118, 961.81219, 65.397186, 931.5741, 250.28687, 932.27789, 200.51285, 932.55743, 148.81798, 933.03412, 94.79908, 905.64404, 225.33871, 905.53125, 175.34521, 905.28107, 123.14144, 905.43604, 67.973831, 880.23969, 249.32942, 879.44714, 200.95047, 878.59338, 150.41881, 878.21466, 97.132889;
  1147.7295, 254.40491, 1152.4362, 199.86198, 1157.1366, 142.72862, 1162.1461, 82.796074, 1118.745, 227.35979, 1122.9589, 171.84348, 1127.1694, 114.26218, 1131.5845, 53.356239, 1086.6859, 253.78525, 1089.9332, 199.91483, 1093.4946, 144.10493, 1097.0767, 85.525269, 1058.4069, 226.47244, 1061.1254, 172.58777, 1063.9889, 116.18539, 1067.1991, 56.870346, 1028, 252.41376, 1030.2253, 199.68861, 1032.2872, 145.40784, 1034.6368, 88.253105, 1000.4995, 225.86534, 1001.9714, 173.06146, 1003.4141, 118.16413, 1005.2427, 60.156414, 972.10455, 251.0675, 972.8761, 199.61063, 973.70117, 146.49878, 974.81268, 90.729187, 945.01544, 225.23921, 945.474, 173.46875, 945.53632, 119.93733, 946.14667, 63.488308, 918.44092, 249.84479, 918.34076, 199.58438, 917.97772, 147.62015, 917.70984, 93.296005, 891.94232, 224.60301, 891.22247, 174.23837, 890.37634, 121.7262, 889.96899, 66.473587, 866.93701, 248.65134, 865.43549, 199.97739, 864.00854, 149.02072, 863.10535, 95.528725;
  1126.2433, 248.48106, 1129.7684, 192.49107, 1133.5322, 134.06091, 1137.4989, 73.057976, 1096.4412, 220.56644, 1099.35, 164.29694, 1102.4733, 105.29902, 1105.8119, 43.316124, 1064.2856, 247.51936, 1066.772, 192.8717, 1069.2135, 135.96005, 1071.7083, 76.354721, 1035.5739, 220.17427, 1037.1013, 165.10397, 1039.0629, 107.8344, 1041.1171, 47.388382, 1005.524, 246.36267, 1006.5761, 193.11496, 1007.6977, 137.67737, 1008.793, 79.612305, 977.41113, 219.56076, 977.77069, 165.97043, 978.1507, 110.3858, 978.91504, 51.399498, 949.52917, 245.30959, 949.41315, 193.20433, 949.18317, 139.29976, 948.97876, 82.678719, 922.06134, 219.04984, 921.32379, 166.69046, 920.5542, 112.36342, 920.01855, 55.042553, 896.00153, 244.26213, 894.76807, 193.19423, 893.58276, 140.63924, 892.18597, 85.575439, 869.41663, 218.81235, 867.49689, 167.83449, 865.71576, 114.66763, 864.2475, 58.489769, 844.95959, 243.23175, 842.36169, 193.94374, 840, 142.5, 838.02991, 88.445694;
  546.77112, 308.39539, 542.15857, 246.83447, 537.53876, 184.24467, 532.86768, 120.31397, 513.51093, 279.8909, 508.6008, 217.57297, 503.70331, 154.37459, 498.71893, 89.315895, 485.03317, 312.64417, 479.95224, 250.67337, 474.72354, 187.81177, 469.55392, 123.7564, 451.39151, 283.72864, 445.75937, 221.25047, 440.42044, 157.70135, 434.84506, 92.694672, 422.66693, 316.62021, 417.13187, 254.53815, 411.28809, 191.61839, 405.40518, 127.17992, 388.53436, 287.57544, 382.53125, 225.00511, 376.20099, 161.20102, 370.0206, 95.924744, 360.17572, 320.59198, 353.96704, 258.51263, 347.49164, 195.05103, 340.77469, 130.44368, 325.56439, 291.51532, 318.8761, 228.70198, 311.89368, 164.8383, 304.98056, 99.203613, 297.16879, 324.66614, 290.35782, 262.22632, 283.20551, 198.86258, 275.89349, 133.87845, 261.83719, 295.63422, 254.24797, 232.63763, 246.88449, 168.25044, 240.02187, 102.84276, 233.32489, 328.92117, 225.31291, 266.21509, 217.49405, 202.66739, 210.40479, 137.43173;
  545.69568, 308.72342, 541.18439, 247.45541, 536.4267, 185.02042, 531.67908, 121.24751, 512.62909, 280.30759, 507.5885, 218.30962, 502.62051, 155.04256, 497.51178, 90.294067, 484.13385, 313.16327, 478.9426, 251.42043, 473.81793, 188.47491, 468.45996, 124.58913, 450.49579, 284.23856, 444.83167, 221.88428, 439.33478, 158.52274, 433.80988, 93.530006, 421.74197, 317.36066, 416.0726, 255.16792, 410.24298, 192.21227, 404.19193, 127.77323, 387.44354, 288.43369, 381.39325, 225.69832, 375.0126, 162.13385, 368.66241, 96.67514, 359.09634, 321.37784, 352.7305, 259.10629, 346.28656, 195.84966, 339.4455, 131.21619, 324.13019, 292.37744, 317.51202, 229.60677, 310.27014, 165.62086, 303.33398, 99.869339, 295.69412, 325.73715, 288.69128, 263.13718, 281.54654, 199.47633, 274.06577, 134.71599, 260.00497, 296.42664, 252.43912, 233.43588, 245.04805, 169.15573, 238.02098, 103.34344, 231.29208, 329.94125, 223.30737, 267.33694, 215.39677, 203.35956, 208.08984, 138.24962;
  544.87402, 309.0246, 540.28638, 247.76523, 535.40265, 185.48512, 530.59631, 121.93485, 511.73996, 280.62012, 506.58167, 218.46114, 501.56754, 155.72015, 496.44968, 91.103088, 483.39511, 313.67651, 478.24503, 251.90211, 472.73514, 189.16693, 467.24265, 125.05838, 449.6178, 284.89221, 444.04126, 222.55115, 438.20459, 159.1837, 432.54172, 94.182487, 420.98764, 318.09271, 415.17117, 255.858, 409.14386, 192.96172, 403.00519, 128.46811, 386.45715, 289.13202, 380.35962, 226.37094, 373.81778, 162.78084, 367.46274, 97.366577, 357.97998, 322.48633, 351.70026, 260.01401, 344.91641, 196.68182, 338.01846, 131.90257, 322.92984, 293.40649, 316.00244, 230.43178, 308.77072, 166.37622, 301.69061, 100.58807, 294.26862, 326.75787, 287.16318, 264.11099, 279.91763, 200.46248, 272.33163, 135.4054, 258.24844, 297.79471, 250.55281, 234.57182, 243.06888, 170.00389, 235.89778, 104.15059, 229.77684, 331.59949, 221.51706, 268.48325, 213.33925, 204.41849, 205.87244, 139.10359;
  503.88736, 317.02094, 498.22241, 255.32173, 492.46094, 192.55658, 486.62677, 128.7117, 469.76157, 289.12366, 463.71527, 226.4502, 457.69122, 162.94479, 451.45547, 97.823715, 441.30054, 323.01563, 435.15485, 260.43079, 428.67282, 197.0533, 422.26715, 132.44334, 406.27136, 294.56201, 399.63083, 231.25851, 392.92407, 166.9875, 386.035, 101.30475, 377.1131, 328.8588, 370.17981, 265.50943, 363.20026, 201.64253, 356.15326, 136.25967, 341.03418, 300.0661, 333.81689, 236.31801, 326.32501, 171.34598, 318.83374, 104.80608, 311.69574, 334.72147, 304.23999, 270.99844, 296.63748, 206.36418, 288.56183, 140.18344, 274.56122, 305.78287, 266.64346, 241.29425, 258.4823, 175.72725, 250.31012, 108.4612, 244.77855, 340.90125, 236.63173, 276.34366, 228.3331, 211.24823, 219.8261, 144.3131, 206.57178, 311.66879, 197.79041, 246.61322, 189.07303, 180.14812, 180.76115, 112.56261, 176.34258, 347.19135, 167.02147, 282.1424, 157.96053, 216.02702, 149.32396, 148.61356;
  497.20248, 316.56583, 491.32681, 254.94441, 485.29742, 192.41055, 479.4989, 128.40445, 462.99747, 288.7706, 456.78284, 226.20859, 450.46457, 162.70259, 443.83444, 97.875351, 434.67227, 322.7438, 428.12299, 260.25912, 421.58899, 197.01439, 414.80692, 132.35367, 399.27115, 294.4342, 392.46826, 231.16518, 385.48608, 166.95818, 378.29596, 101.2599, 370.21518, 328.82071, 363.08026, 265.60794, 355.80164, 201.63002, 348.47784, 136.18472, 333.91776, 300.34714, 326.43121, 236.35236, 318.65054, 171.31773, 310.82938, 104.83232, 304.53723, 334.95718, 296.83276, 271.13245, 288.73398, 206.55609, 280.63495, 140.25183, 266.96866, 306.09695, 258.82791, 241.56531, 250.42136, 175.88507, 241.84889, 108.47598, 237.28728, 341.43579, 228.81177, 276.81305, 220.03651, 211.44847, 211.27139, 144.40761, 198.65611, 312.31927, 189.36014, 247.01007, 180.47493, 180.4823, 171.86089, 112.68554, 168.18987, 347.99878, 158.68373, 282.74417, 149.18927, 216.63945, 140.32301, 148.91783;
  481.71118, 312.39777, 475.31967, 251.14273, 468.83154, 188.8224, 462.17422, 125.36796, 447.3371, 284.79849, 440.52814, 222.63126, 433.83057, 159.51878, 426.91364, 94.892982, 419.19107, 319.08118, 412.20486, 256.65305, 405.19299, 193.5968, 397.98737, 129.17427, 383.58572, 290.90668, 376.29727, 227.78285, 368.89511, 163.76517, 361.40417, 98.192207, 354.63553, 325.71951, 347.10062, 262.36011, 339.39185, 198.34006, 331.63596, 133.06546, 317.6821, 297.29642, 309.79745, 233.21748, 301.65848, 168.16925, 293.58163, 101.64831, 288.31677, 332.44958, 280.17453, 268.32632, 271.68155, 203.55363, 263.20813, 137.13214, 250.17081, 303.7117, 241.55922, 238.96669, 232.75452, 172.8313, 223.94739, 105.37108, 219.94283, 339.56058, 211.17825, 274.41544, 202.10628, 208.72485, 192.97479, 141.54698, 180.4389, 310.41602, 171.09743, 244.67987, 161.73567, 177.61304, 152.82085, 109.43719, 149.54607, 346.86444, 139.73103, 281.00473, 129.81508, 213.96513, 120.68655, 145.9308;
  465.8584, 313.33176, 458.74371, 252.0882, 451.64453, 190.19476, 444.46021, 127.13022, 431.32553, 285.97534, 423.87601, 224.17984, 416.37848, 161.31332, 408.90118, 97.148865, 403.43207, 320.56326, 395.82159, 258.24017, 388.15082, 195.31496, 380.34711, 131.34711, 367.36328, 292.85376, 359.55588, 229.68378, 351.80057, 165.90128, 343.42953, 100.49837, 338.58954, 328.03516, 330.55945, 264.77518, 322.16611, 200.68782, 313.8158, 135.32562, 301.33084, 300.06305, 292.76736, 235.76378, 284.07019, 170.76781, 275.32175, 104.34264, 271.83957, 335.61383, 263.05429, 271.35049, 254.08826, 206.29941, 245.00241, 139.84093, 233.04105, 307.27158, 223.80829, 241.99464, 214.4254, 175.90407, 205.04048, 108.19717, 202.77299, 343.60059, 193.24345, 278.23181, 183.82135, 212.22658, 173.89932, 144.63298, 162.3582, 314.81915, 152.45999, 248.57455, 142.55644, 181.22296, 133.01215, 112.81561, 131.2907, 351.8049, 120.86409, 285.41089, 110.405, 218.08032, 100.64658, 149.69482;
  454.02588, 315.85858, 446.47412, 254.77666, 438.71646, 193.11201, 430.83914, 130.4274, 419.25888, 288.95496, 411.32379, 227.08951, 403.19397, 164.39828, 394.83585, 100.15536, 391.6969, 323.58072, 383.56958, 261.48105, 375.22879, 198.62788, 366.81641, 134.49275, 355.33975, 296.18564, 346.84384, 233.09615, 338.38892, 169.16621, 329.38947, 103.95528, 326.75757, 331.74124, 317.88901, 268.24878, 309.13516, 204.15237, 299.98468, 139.05215, 288.82556, 303.72269, 279.75424, 239.66473, 270.4267, 174.40276, 260.98129, 107.87713, 259.41971, 339.8847, 250.11292, 275.36108, 240.51305, 210.27299, 230.86868, 143.88422, 220.01183, 311.71655, 210.28537, 246.26474, 200.25194, 180.02872, 190.1188, 112.21116, 189.81543, 348.36475, 179.75061, 282.7453, 169.48471, 216.45737, 159.10997, 148.78439, 148.72493, 319.80405, 138.12927, 253.07088, 127.52241, 185.51851, 117.41134, 117.03606, 117.36118, 357.3873, 106.36084, 290.62714, 95.394524, 222.9603, 84.96846, 154.24387;
  450.06937, 317.50293, 442.18219, 256.362, 434.29337, 194.58517, 426.15729, 132.02943, 415.18448, 290.62604, 406.94928, 228.71536, 398.61255, 166.05316, 390.11414, 101.89823, 387.70053, 325.49298, 379.25302, 263.15698, 370.83896, 200.34978, 362.03613, 136.3777, 351.20227, 298.12057, 342.30643, 235.1084, 333.51273, 171.06258, 324.41934, 105.83439, 322.69705, 333.77881, 313.61743, 270.27911, 304.43619, 206.2039, 295.09583, 140.93021, 284.55219, 305.99124, 275.18167, 241.67659, 265.60907, 176.48564, 255.82936, 109.8117, 255.18002, 342.30356, 245.56659, 277.65408, 235.65097, 212.58055, 225.74947, 145.84764, 215.34142, 314.09558, 205.5127, 248.74887, 195.06465, 182.32661, 184.72247, 114.39312, 185.27936, 351.12396, 174.90839, 285.33105, 164.38663, 219.00027, 153.66255, 151.13542, 143.91861, 322.62585, 132.98181, 255.92041, 122.00173, 188.11836, 111.66028, 119.4174, 112.44045, 360.40134, 101.11105, 293.48605, 89.891487, 225.6774, 79.108437, 156.64314;
  441.19882, 322.34802, 432.76688, 261.21298, 424.48584, 199.27278, 415.86282, 136.4389, 406.0463, 295.78879, 397.38193, 233.64893, 388.51987, 170.7869, 379.39825, 106.74665, 378.68155, 330.65009, 369.81564, 268.35605, 360.80258, 205.31157, 351.61197, 141.22672, 341.79355, 303.6218, 332.64618, 240.31789, 323.23141, 176.30833, 313.49854, 110.85859, 313.3898, 339.80148, 303.71304, 276.01959, 294.13882, 211.74246, 284.37146, 146.15999, 274.73187, 312.06924, 264.98669, 247.64758, 254.70901, 182.15443, 244.46745, 115.2633, 245.30226, 348.83948, 235.19122, 283.95673, 224.77246, 218.4799, 214.25711, 151.48933, 204.99039, 320.97021, 194.48228, 255.19261, 183.56735, 188.51776, 172.61235, 120.06689, 174.65773, 358.4415, 163.66985, 292.23816, 152.64796, 225.53018, 141.41196, 157.25342, 132.59703, 330.01138, 121.06414, 263.01459, 109.77753, 194.76848, 98.757622, 125.50071, 100.97272, 368.54044, 89.021645, 301.08768, 77.189087, 232.71143, 65.981735, 163.25249;
  436.43704, 324.82974, 428.03162, 263.64542, 419.47183, 201.83322, 410.53076, 138.82306, 401.2699, 298.46088, 392.33896, 236.32852, 383.341, 173.25793, 373.90475, 108.93313, 373.89066, 333.70453, 364.89105, 271.125, 355.48898, 208.03717, 346.01154, 143.72195, 336.78378, 306.65057, 327.43213, 243.26651, 317.60345, 179.01558, 307.84634, 113.33941, 308.45749, 342.97504, 298.54041, 279.06152, 288.59473, 214.6879, 278.55118, 149.0341, 269.51489, 315.52335, 259.33408, 250.76497, 248.9111, 184.98174, 238.32016, 117.98294, 240.05983, 352.30048, 229.54861, 287.34396, 218.91359, 221.7036, 208.0351, 154.50842, 199.39441, 324.46948, 188.51831, 258.5101, 177.31691, 191.42737, 166.02489, 122.84875, 169.04823, 362.45065, 157.68927, 295.94357, 146.3248, 228.92747, 134.75569, 160.40308, 126.4936, 333.97028, 114.64024, 266.5769, 102.92103, 198.07309, 91.617188, 128.55429, 94.86718, 372.75406, 82.5653, 305.04141, 70.342056, 236.33594, 58.649025, 166.62297;
  430.83939, 329.7092, 421.9202, 268.42917, 412.90808, 206.41756, 403.5744, 143.07341, 395.28119, 303.34247, 385.95779, 241.05215, 376.40512, 177.72313, 366.65134, 113.15652, 368.03589, 339.12643, 358.43652, 276.27673, 348.73666, 212.86827, 338.74295, 148.14455, 330.508, 312.13434, 320.52045, 248.39169, 310.41495, 183.75819, 299.92279, 117.77089, 302.07761, 348.73624, 291.68304, 284.7023, 281.32062, 219.87689, 270.63272, 153.74335, 262.61319, 321.43973, 252.00751, 256.4256, 240.95461, 190.24205, 229.84151, 122.60551, 233.13371, 358.74387, 222.11755, 293.41428, 210.90796, 227.13161, 199.47643, 159.46544, 191.91638, 331.00186, 180.3956, 264.44449, 168.76532, 197.06573, 156.89352, 127.91483, 161.28671, 369.27448, 149.56976, 302.51157, 137.56029, 234.87439, 125.40608, 165.74597, 118.13515, 340.98383, 105.74283, 273.20511, 93.42823, 204.13448, 81.312637, 133.89436, 86.315132, 380.43488, 73.448914, 312.05432, 60.687782, 242.98822, 48.306675, 172.59312;
  429.72272, 332.98911, 420.60184, 271.63654, 411.54764, 209.53064, 401.92224, 146.11057, 393.97116, 306.79077, 384.48822, 244.30981, 374.85974, 181.0137, 364.99182, 116.12846, 366.7312, 342.64301, 356.97675, 279.71069, 347.18625, 216.15439, 337.05331, 151.40152, 329.05411, 315.84497, 319.05502, 251.87991, 308.72144, 187.14563, 298.12109, 120.95648, 300.61102, 352.41849, 290.20319, 288.06998, 279.57666, 223.36005, 268.79349, 156.91879, 261.13629, 325.15884, 250.20782, 260.02658, 239.16034, 193.82132, 227.83536, 125.76637, 231.6564, 362.78558, 220.46463, 297.12885, 209.09891, 230.76714, 197.46951, 163.02725, 190.21742, 334.99335, 178.50128, 268.31052, 166.50349, 200.66769, 154.56543, 131.2755, 159.67755, 373.4642, 147.66168, 306.45984, 135.35721, 238.65865, 122.95421, 169.36707, 116.10734, 345.40616, 103.44627, 277.18695, 90.969963, 207.84277, 78.502258, 137.37492, 84.297836, 384.96796, 71.194687, 316.44574, 58.225075, 246.9059, 45.389874, 176.29239;
  435.83218, 346.86002, 427.03708, 285.55502, 418.28165, 223.66859, 408.97433, 160.40005, 400.46478, 320.73657, 391.289, 258.58115, 381.91541, 195.28641, 372.06821, 130.44405, 373.5325, 356.60226, 363.97769, 294.02362, 354.35269, 230.4512, 344.32486, 165.66203, 336.06357, 330.00061, 326.07532, 266.21124, 316.0329, 201.40085, 305.65726, 135.10019, 307.59933, 366.87888, 297.29761, 302.72101, 286.94052, 237.60455, 276.17737, 171.31149, 268.09384, 339.70264, 257.33026, 274.38077, 246.41071, 208.00719, 235.27673, 139.96136, 238.33008, 377.47171, 227.34213, 311.81628, 216.08476, 245.24577, 204.65309, 177.11415, 196.82063, 349.77316, 185.09872, 283.03732, 173.28404, 214.92276, 161.31958, 145.08298, 165.9971, 388.66727, 153.9715, 321.3132, 141.77292, 253.16397, 129.33791, 183.46404, 122.02547, 360.53589, 109.54972, 292.02432, 96.882141, 222.15892, 84.308426, 151.02501, 89.586952, 400.54437, 76.627831, 331.65027, 63.614788, 261.58267, 50.708115, 190.27502;
  438.26379, 348.84305, 429.77203, 287.66214, 421.14545, 226.0251, 412.37723, 163.07242, 403.43146, 322.59778, 394.46066, 260.47504, 385.31796, 197.4865, 375.73499, 133.08305, 376.35187, 358.27585, 367.18506, 295.76114, 357.86841, 232.35138, 348.172, 167.89917, 339.19528, 331.55051, 329.63901, 267.92505, 319.80884, 203.42667, 309.70349, 137.29604, 310.71747, 368.26993, 300.87128, 304.24338, 290.76361, 239.32698, 280.26608, 173.04652, 271.50601, 340.94934, 261.07736, 275.8179, 250.50879, 209.41194, 239.64012, 141.69453, 241.76807, 378.59039, 231.0995, 312.92029, 220.29523, 246.59721, 209.00562, 178.45789, 200.33134, 350.90048, 189.2037, 284.0863, 177.58864, 216.12878, 165.96913, 146.49622, 169.19853, 389.6734, 157.73967, 322.29471, 145.91454, 254.1909, 133.89073, 184.52843, 125.66949, 361.48816, 113.52133, 292.95255, 101.21495, 223.16927, 88.901634, 151.9343, 93.060829, 401.24454, 80.437927, 332.42206, 67.76107, 262.43185, 55.208633, 190.94063;
  446.22186, 348.74741, 438.07883, 288.16428, 429.58224, 227.00887, 420.74783, 164.67334, 411.89633, 322.60446, 403.23395, 261.18576, 394.25882, 198.65231, 385.0307, 134.99951, 385.27612, 358.11682, 376.15997, 295.97098, 367.11237, 233.18356, 357.69305, 169.2905, 348.8479, 331.36127, 339.18237, 268.15723, 329.63409, 204.30367, 319.77499, 138.76254, 320.51913, 367.80838, 310.64194, 304.18829, 300.84631, 239.89464, 290.7995, 174.17627, 281.72598, 340.59302, 271.62363, 276.03256, 261.22589, 210.08037, 250.52539, 142.84288, 252.17068, 377.88193, 241.71225, 312.72769, 231.06169, 246.78542, 220.31273, 179.36301, 211.37697, 350.20081, 200.40529, 283.86539, 189.21379, 216.45938, 177.80447, 147.41002, 180.35484, 388.66937, 169.0961, 321.7561, 157.71346, 254.06844, 145.81726, 184.8485, 137.24001, 360.58359, 125.46366, 292.42828, 113.41123, 223.12022, 101.28324, 152.42732, 104.89297, 400.12253, 92.547592, 331.58707, 80.116531, 261.93207, 67.833611, 190.90663;
  451.64471, 347.40915, 443.60522, 287.33401, 435.17062, 226.47009, 426.69379, 164.53709, 417.74582, 321.57471, 409.09628, 260.3649, 400.26672, 198.33257, 391.034, 134.993, 391.23465, 356.67407, 382.30002, 294.86746, 373.32007, 232.52176, 364.04544, 168.95749, 355.0011, 330.10638, 345.79645, 267.32761, 336.36386, 203.65132, 326.5795, 138.61819, 326.88382, 366.11053, 317.42288, 302.90366, 307.62549, 238.98642, 297.65286, 173.64316, 288.60672, 339.06854, 278.53317, 274.86237, 268.42569, 209.40572, 257.98886, 142.49318, 259.25662, 376.23999, 248.90094, 311.34857, 238.45457, 245.73921, 227.81346, 178.67247, 218.66846, 348.79388, 207.9175, 282.64246, 196.94386, 215.37868, 185.75754, 146.84448, 187.95203, 386.8313, 176.85315, 320.17087, 165.68175, 252.90639, 154.02417, 183.98915, 145.16788, 358.81702, 133.51672, 290.87466, 121.7934, 221.96954, 109.95742, 151.68155, 112.89262, 398.04721, 100.77309, 329.84604, 88.643082, 260.47903, 76.593842, 189.7643;
  461.3338, 346.63443, 453.68576, 287.04562, 445.69983, 226.8279, 437.54089, 165.62315, 428.02991, 320.83557, 419.91211, 260.13068, 411.61169, 198.66864, 402.91272, 136.17566, 401.83401, 355.44473, 393.5061, 294.19742, 384.85565, 232.49892, 376.16217, 169.63081, 366.47073, 329.01706, 357.77289, 266.89496, 348.81201, 203.7722, 339.49771, 139.43944, 338.97455, 364.53265, 329.58444, 301.73264, 320.50272, 238.46323, 311.08664, 173.85307, 301.06821, 337.70279, 291.65408, 273.81525, 282.18896, 209.02475, 272.29553, 142.92538, 272.10181, 374.2265, 262.21408, 309.91669, 252.41699, 244.72227, 242.32407, 178.45999, 232.10895, 346.82733, 222.08493, 281.31354, 211.72812, 214.6431, 201.23288, 146.71678, 201.68962, 384.52615, 191.24496, 318.34479, 180.65605, 251.55716, 169.71989, 183.39986, 159.74019, 356.40613, 148.7529, 289.0892, 137.64627, 220.5417, 126.39144, 150.93523, 127.66829, 395.50876, 116.18208, 327.56232, 104.67295, 258.66904, 93.272423, 188.61633;
  470.93027, 352.03497, 463.55515, 292.90063, 455.91907, 233.0993, 448.03702, 172.33977, 438.30899, 326.39926, 430.48798, 266.26489, 422.44067, 205.21286, 413.97171, 143.05885, 412.38315, 360.91367, 404.45624, 300.06754, 396.285, 238.67477, 387.54184, 176.24173, 377.57343, 334.64722, 369.19559, 272.71854, 360.62985, 210.05374, 351.68869, 146.06644, 350.19949, 370.00912, 341.42923, 307.6514, 332.5455, 244.60094, 323.52832, 180.27374, 313.08661, 343.30792, 303.99756, 279.74976, 294.68188, 215.26465, 285.28998, 149.52457, 284.39798, 379.78888, 274.81488, 315.67749, 265.38681, 250.87479, 255.8287, 184.86745, 245.01971, 352.43811, 235.31786, 287.14087, 225.36664, 220.86272, 215.17331, 153.06346, 214.85439, 389.9743, 204.68762, 324.12167, 194.58832, 257.54568, 184.01553, 189.56296, 173.53185, 362.01175, 162.96967, 294.82907, 152.15904, 226.68069, 141.19585, 157.33621, 141.3383, 400.86404, 130.46454, 333.05524, 119.36375, 264.61713, 108.29643, 194.6805;
  481.62543, 367.87204, 475.04062, 308.7103, 467.84189, 248.93044, 460.65353, 188.01669, 449.59564, 342.28799, 442.37064, 282.1745, 434.8587, 220.97559, 427.11829, 158.68089, 423.5397, 376.71655, 416.11737, 315.94638, 408.58212, 254.59424, 400.57932, 192.07545, 389.267, 350.5853, 381.44467, 288.83478, 373.44244, 226.10455, 365.0199, 162.06992, 361.7124, 385.95407, 353.46918, 323.67459, 345.36398, 260.7027, 336.81934, 196.4193, 325.13037, 359.38211, 316.60397, 295.80087, 308.02377, 231.35274, 299.01703, 165.47292, 296.23352, 395.76608, 287.30463, 331.76086, 278.4783, 267.16498, 269.25439, 201.02507, 257.49765, 368.59787, 248.14754, 303.40805, 238.77684, 237.10962, 229.23062, 169.35062, 227.1349, 406.10654, 217.48178, 340.3558, 207.94518, 273.88354, 197.80959, 205.88319, 186.33023, 378.36359, 176.26051, 311.32083, 166.0415, 243.22456, 155.38864, 173.53154, 154.12679, 417.27621, 143.72183, 349.88318, 133.11194, 281.22916, 122.43385, 211.20442;
  487.35049, 375.77853, 480.77429, 316.80057, 474.28729, 257.02689, 466.93939, 196.33702, 455.39886, 350.49118, 448.40811, 290.33786, 441.15359, 229.20723, 433.47861, 166.92137, 429.38928, 384.95258, 422.09677, 324.14447, 414.6701, 262.92056, 406.97144, 200.40115, 395.23761, 358.81744, 387.60745, 297.11554, 379.66714, 234.54286, 371.495, 170.39069, 367.58832, 394.4209, 359.59283, 332.05759, 351.52792, 269.15842, 343.21881, 204.86621, 331.18933, 367.79169, 322.77606, 304.34277, 314.36096, 239.97906, 305.52206, 174.05428, 302.32272, 404.25763, 293.46365, 340.44095, 284.73236, 275.73831, 275.8414, 209.67682, 263.66992, 377.20609, 254.5013, 312.10278, 245.19202, 245.89915, 235.71756, 178.03879, 233.24799, 414.81207, 223.95717, 349.14075, 214.27794, 282.8154, 204.42464, 214.90724, 192.56723, 387.18683, 182.67979, 320.28101, 172.55698, 252.17474, 162.04279, 182.48401, 160.49908, 426.0665, 150.19696, 358.76038, 139.62285, 290.30954, 129.03093, 220.37624;
  499.01306, 391.05563, 492.91077, 331.92969, 486.50964, 272.17844, 479.86191, 211.17693, 467.22647, 365.83621, 460.60907, 305.60004, 453.9039, 244.46951, 446.63803, 181.73816, 441.04138, 400.33591, 434.17642, 339.61905, 427.13831, 278.22961, 419.88, 215.55908, 407.11563, 374.36902, 399.67334, 312.63611, 392.37625, 249.87253, 384.61441, 185.62483, 379.21997, 409.93042, 371.5798, 347.59787, 364.01141, 284.55356, 356.11411, 220.38522, 342.98343, 383.27713, 335.16089, 319.93439, 327.29858, 255.61, 318.71518, 189.4565, 313.91425, 419.85547, 305.70319, 355.97928, 297.37079, 291.35236, 288.77029, 225.25482, 275.65945, 392.69385, 267.00021, 327.7706, 258.15695, 261.51675, 248.97766, 193.7524, 245.13814, 430.38229, 236.15468, 364.86426, 226.97626, 298.45578, 217.52846, 230.57114, 204.6804, 402.8414, 195.3593, 336.1192, 185.52148, 267.99579, 175.48938, 198.30376, 172.53526, 441.73608, 162.79594, 374.48822, 152.62395, 306.14627, 142.30518, 236.26074;
  518.03387, 418.84705, 513.44238, 359.91812, 508.60461, 300.15128, 503.49432, 239.28584, 487.13989, 393.62579, 482.0025, 333.50934, 476.72754, 272.48312, 471.15726, 209.76633, 460.24567, 427.89462, 454.89673, 367.3663, 449.58636, 306.07556, 443.73196, 243.47559, 427.15088, 401.88324, 421.42093, 340.3136, 415.63953, 277.63953, 409.45883, 213.37679, 398.69925, 437.10675, 392.74756, 375.0737, 386.71097, 312.3508, 380.37845, 248.06992, 363.74225, 410.4953, 357.15198, 347.36569, 350.78769, 283.23059, 343.7623, 217.16685, 334.00549, 446.78, 327.3136, 383.17908, 320.44589, 318.78931, 313.39496, 252.8589, 296.66403, 419.67224, 289.32245, 354.88257, 282.1398, 289.04056, 274.45245, 221.24403, 265.62271, 456.99911, 258.13165, 391.82224, 250.56615, 325.7113, 242.47745, 257.91953, 226.23906, 429.45718, 218.07204, 363.28537, 209.98624, 295.25546, 201.15398, 225.48206, 193.55258, 468.0087, 185.09419, 401.3161, 176.43085, 333.22232, 167.54372, 263.39902;
  520.30731, 426.03903, 515.97058, 367.46387, 511.49103, 307.91016, 506.78268, 247.08408, 489.62231, 401.00763, 485.04245, 341.10126, 479.94849, 280.2149, 474.68045, 217.88095, 462.82166, 435.16956, 457.82593, 374.96375, 452.67822, 314.00253, 447.25516, 251.60138, 430.13318, 409.54428, 424.62531, 348.09683, 419.18616, 285.65945, 413.2254, 221.60419, 401.68674, 444.65079, 395.89316, 382.88715, 390.15787, 320.28659, 384.10883, 256.13422, 366.78839, 418.32593, 360.75284, 355.36295, 354.59833, 291.19498, 347.88098, 225.49147, 337.12286, 454.49127, 330.55038, 390.98828, 324.10843, 326.90134, 317.40903, 261.0546, 300.0127, 427.55582, 293.14508, 362.92297, 286.1257, 297.20581, 278.75388, 229.56441, 268.94067, 464.91672, 261.76141, 399.84537, 254.32245, 333.84369, 246.66222, 266.1557, 229.70393, 437.57428, 222.08104, 371.34241, 214.09807, 303.58078, 205.7625, 233.79849, 196.88046, 476.0932, 188.85881, 409.54892, 180.6256, 341.7088, 171.91577, 271.81802;
  521.83374, 434.21188, 517.67853, 375.86032, 513.4809, 316.41168, 509.08865, 255.73369, 491.48654, 409.2988, 487.03717, 349.50482, 482.32239, 288.81439, 477.32886, 226.57816, 464.582, 443.54141, 459.95157, 383.36136, 454.98962, 322.46744, 449.8443, 260.28967, 432.133, 417.88806, 427.14114, 356.61502, 421.82901, 294.26782, 416.15121, 230.29585, 403.69412, 453.02969, 398.3161, 391.23761, 392.84958, 328.87711, 387.01254, 264.81775, 369.02271, 426.68744, 363.21179, 363.83218, 357.43604, 299.97556, 351.08359, 234.21733, 339.32059, 463.13318, 333.1467, 399.60965, 326.98767, 335.5029, 320.60419, 269.71295, 302.48267, 436.09183, 295.86688, 371.61487, 289.2204, 305.86975, 282.10394, 238.24219, 271.32791, 473.40216, 264.39011, 408.51581, 257.32056, 342.54956, 249.9631, 274.93616, 232.19832, 446.34839, 225.00311, 380.10931, 217.28777, 312.3569, 209.10245, 242.70139, 199.38351, 484.88916, 191.67099, 418.24774, 183.76068, 350.46692, 175.27637, 280.76184;
  523.75824, 444.00775, 520.11749, 385.86304, 516.57611, 326.44324, 512.18671, 266.04211, 493.63177, 419.21213, 489.55988, 359.87054, 485.36163, 299.18207, 480.61975, 236.93871, 466.689, 453.30008, 462.32065, 393.62781, 457.98035, 332.74408, 453.15213, 270.52216, 434.41544, 428.08444, 429.8945, 366.81122, 424.9664, 304.68732, 419.68283, 240.88681, 406.01819, 463.19449, 400.7948, 401.61258, 395.85379, 339.32037, 390.52939, 275.29858, 371.58426, 437.1601, 366.07104, 374.23816, 360.7067, 310.43439, 354.81436, 244.71375, 341.79282, 473.09323, 335.87863, 410.03976, 330.11469, 346.01675, 324.1001, 280.27402, 305.14978, 446.48862, 298.84216, 382.20105, 292.55182, 316.48221, 285.85184, 248.86327, 273.90305, 483.98798, 267.13889, 419.04538, 260.64737, 353.20615, 253.56325, 285.60834, 234.94836, 456.85062, 227.99034, 390.81299, 220.72617, 323.11917, 212.79062, 253.38759, 202.06511, 495.38574, 194.62993, 429.08127, 186.93301, 361.32431, 178.88591, 291.41641;
  399.59601, 478.09747, 396.67249, 416.55057, 393.52356, 354.01303, 390.33234, 290.67963, 366.57675, 451.31125, 363.19043, 388.27991, 359.79535, 324.57755, 355.99289, 259.44745, 335.51044, 486.94653, 332.12534, 423.25745, 328.43155, 359.03839, 324.52167, 293.56311, 300.00363, 459.36777, 296.12479, 394.47247, 292.10562, 328.68674, 287.94827, 261.34106, 266.94897, 496.32178, 262.71634, 430.6492, 258.56357, 364.47934, 254.2733, 296.90875, 228.5934, 467.84061, 224.33345, 400.82767, 219.7225, 333.10474, 214.79323, 263.59808, 193.82332, 505.98499, 188.99512, 438.25842, 183.9975, 369.9808, 179.13184, 300.31647, 152.92432, 476.79443, 147.68497, 407.85248, 142.3241, 337.7804, 136.91464, 266.12717, 116.1925, 516.20947, 110.66878, 446.51511, 104.85141, 376.0343, 99.048935, 304.03055, 72.56469, 486.40256, 66.612663, 415.38925, 60.44804, 342.83224, 54.140301, 268.66782, 34.131618, 527.26855, 27.370983, 455.5842, 20.616117, 382.74432, 14.136583, 307.98111;
  400.82492, 471.42117, 398.18372, 409.59171, 395.21152, 347.285, 392.12137, 283.88934, 367.84866, 444.20316, 364.83786, 381.27188, 361.38226, 317.50552, 357.76331, 252.32242, 336.90402, 479.81787, 333.59506, 416.08081, 330.04007, 351.73376, 326.36304, 286.32867, 301.36871, 451.8717, 297.62369, 386.9335, 293.92941, 321.18924, 289.91788, 253.88928, 268.20343, 488.69312, 264.33374, 422.9032, 260.27963, 356.74329, 256.18533, 289.18292, 230.29053, 459.85062, 225.8261, 392.92825, 221.66702, 325.16589, 217.0022, 255.81467, 195.31242, 497.83099, 190.7876, 430.04974, 186.00548, 361.68091, 181.27284, 291.91611, 154.6492, 468.24109, 149.59308, 399.25018, 144.54831, 329.30939, 139.26469, 257.53342, 117.8366, 507.74887, 112.30728, 437.79694, 107.07239, 367.28235, 101.52241, 295.20828, 74.499924, 477.4458, 68.636238, 406.29926, 62.68618, 333.81717, 56.827122, 259.61475, 35.62999, 518.12524, 29.34795, 446.3786, 22.975079, 373.34067, 16.738033, 298.74606;
  403.0806, 465.34116, 400.48178, 403.53568, 397.82687, 341.04868, 394.66385, 277.66852, 370.39835, 437.9288, 367.33008, 374.98148, 364.18652, 311.16867, 360.86191, 246.0677, 339.33389, 473.33948, 336.18954, 409.57043, 332.8764, 345.2135, 329.4198, 279.88251, 303.89536, 445.22375, 300.41299, 380.11792, 296.85495, 314.50089, 293.04037, 247.13431, 270.89352, 481.75897, 266.96619, 415.99133, 263.23956, 349.67661, 259.37759, 282.10754, 232.90532, 452.79065, 228.7585, 385.6539, 224.79768, 317.85913, 220.31827, 248.47113, 198.01755, 490.59869, 193.61174, 422.56561, 189.11279, 354.27191, 184.61467, 284.59598, 157.4453, 460.56039, 152.66306, 391.62247, 147.77582, 321.49075, 142.78122, 249.84514, 120.5416, 499.89612, 115.44382, 429.81924, 110.21529, 359.37427, 104.89537, 287.26248, 77.371201, 469.37256, 71.822701, 398.02319, 66.141808, 325.48685, 60.52145, 251.38712, 38.550438, 509.84906, 32.496895, 437.95459, 26.363901, 364.90381, 20.465046, 290.18039;
  410.37335, 453.07462, 408.16974, 391.28427, 405.78506, 328.76315, 403.17035, 265.60138, 377.99982, 425.41922, 375.35974, 362.31177, 372.55786, 298.58481, 369.6279, 233.54108, 346.99161, 460.23633, 344.15338, 396.47604, 341.25916, 332.17542, 338.16806, 266.91855, 311.89484, 431.67181, 308.97418, 366.67221, 305.80667, 300.97049, 302.314, 233.78229, 278.87976, 467.90488, 275.43741, 401.92737, 272.17593, 335.73676, 268.67584, 268.32358, 241.39146, 438.22058, 237.68781, 371.19836, 234.13211, 303.38263, 230.13165, 234.14732, 206.31682, 475.52463, 202.36386, 407.63046, 198.38538, 339.3277, 194.43802, 269.61774, 166.14737, 445.31195, 161.88913, 376.12854, 157.64935, 306.19958, 153.31454, 234.49806, 129.23053, 483.93246, 124.64558, 413.91275, 120.02595, 343.3606, 115.2052, 271.27271, 86.661438, 453.01535, 81.544006, 381.6452, 76.456177, 309.16754, 71.444214, 235.09926, 47.522354, 492.97113, 42.193935, 420.88739, 36.588966, 347.88641, 31.365028, 273.24747;
  414.31372, 447.15656, 412.40976, 385.44421, 410.12497, 323.01752, 407.51611, 259.92844, 382.14297, 419.25171, 379.72659, 356.25067, 377.08438, 292.48489, 374.13412, 227.60881, 351.06436, 454.03448, 348.60828, 390.18958, 345.81439, 325.89264, 342.85385, 260.74838, 316.35895, 425.19312, 313.38239, 360.08667, 310.56992, 294.53049, 307.18369, 227.50882, 283.20026, 461.20926, 280.00201, 395.30594, 276.84204, 329.14117, 273.49466, 261.52103, 245.7713, 431.32352, 242.42583, 364.37833, 239.15077, 296.58502, 235.36353, 227.39444, 210.90663, 468.53857, 207.20586, 400.75275, 203.55571, 332.36441, 199.79517, 262.64896, 170.94521, 437.99933, 166.89471, 368.89008, 163.01286, 298.90582, 158.78401, 227.39229, 134.12271, 476.39996, 129.64297, 406.50647, 125.48954, 335.76352, 120.93172, 263.96558, 91.604713, 445.18765, 86.767654, 373.78528, 82.171326, 301.31265, 77.335014, 227.45357, 52.418182, 484.95392, 47.295662, 413.00977, 42.275867, 339.8385, 37.282272, 265.22491;
  418.43192, 441.5004, 416.65265, 379.71964, 414.49609, 317.47501, 412.15454, 254.36488, 386.44226, 413.34125, 384.27728, 350.41586, 381.76657, 286.83847, 378.97662, 222.09781, 355.51944, 447.98727, 353.04456, 384.2269, 350.58481, 320.07065, 347.84909, 254.9059, 320.95789, 418.98834, 318.14145, 353.95856, 315.48862, 288.48523, 312.48209, 221.51164, 287.87259, 454.86847, 284.94958, 388.97223, 282.00241, 322.74316, 278.86212, 255.38934, 250.77103, 424.84561, 247.5269, 357.80798, 244.40007, 290.18222, 240.99397, 221.19432, 215.79041, 461.79907, 212.336, 393.86368, 208.92566, 325.5835, 205.20538, 256.09613, 176.09282, 431.1178, 172.40599, 361.94049, 168.55849, 291.92215, 164.71678, 220.5112, 139.2043, 469.23697, 135.1611, 399.272, 131.28107, 328.69165, 126.78516, 256.80527, 96.930305, 437.68192, 92.459953, 366.38489, 88.215614, 293.99823, 83.611443, 220.15384, 57.790176, 477.31097, 53.022869, 405.25568, 48.205856, 332.13464, 43.555946, 257.77084;
  433.08807, 423.43512, 431.39597, 361.83347, 429.71677, 299.8772, 427.6954, 237.14008, 401.57773, 394.97284, 399.57803, 332.48196, 397.6839, 268.98584, 395.23001, 204.70628, 370.80029, 428.87357, 368.84482, 365.33035, 366.64099, 301.51691, 364.19907, 236.71053, 336.89636, 399.46881, 334.59134, 334.82202, 332.2049, 269.60977, 329.5896, 203.16042, 304.01636, 434.68484, 301.46851, 368.93039, 298.97742, 303.19406, 296.38, 236.1787, 267.66718, 404.41946, 264.84229, 337.46255, 262.07275, 270.05881, 259.06439, 201.63188, 232.70996, 440.52417, 229.75157, 372.83676, 226.82709, 304.87689, 223.87314, 235.71875, 193.80492, 409.36642, 190.64169, 340.39078, 187.27814, 270.7901, 183.9388, 199.8074, 156.99251, 446.8913, 153.54648, 377.095, 149.95448, 306.70035, 146.2928, 235.22894, 115.57368, 414.82523, 111.68509, 343.6907, 107.81853, 271.66464, 103.88512, 198.29243, 76.442413, 453.80331, 72.33387, 381.69159, 68.289459, 308.89114, 64.065002, 234.97086;
  455.58353, 380.80746, 453.60559, 319.50391, 451.13809, 257.89737, 448.65305, 195.51616, 424.52975, 351.95798, 422.04034, 289.58749, 419.46255, 226.80766, 416.71823, 163.09572, 394.57495, 385.43375, 392.11481, 322.2735, 389.3924, 258.68964, 386.63089, 194.26764, 361.1051, 355.80838, 358.2894, 291.34637, 355.49356, 226.54021, 352.4826, 160.53871, 329.25778, 390.22778, 326.12158, 324.88351, 323.22662, 259.56256, 320.06033, 193.02327, 293.19348, 359.61719, 290.16885, 293.24405, 286.96478, 226.22165, 283.51779, 158.07646, 259.33749, 395.20746, 255.95874, 328.01056, 252.62286, 260.28848, 249.16449, 191.61717, 221.03064, 363.6803, 217.43085, 295.2251, 213.81096, 226.06169, 209.87724, 155.52023, 185.18924, 400.54697, 181.35449, 331.11713, 177.71661, 261.28806, 173.48077, 190.22708, 144.29077, 368.15207, 140.27271, 297.46375, 136.03487, 225.75552, 131.81503, 153.14139, 106.11493, 406.50272, 101.77824, 334.68341, 97.535271, 262.30814, 92.96051, 188.87404;
  464.24933, 359.72208, 462.27563, 298.5332, 460.07617, 236.87704, 457.69983, 174.80676, 433.34225, 330.48523, 430.95358, 268.21463, 428.59973, 205.43579, 425.7825, 141.57428, 403.64243, 363.66745, 401.26965, 300.44531, 398.58142, 236.92621, 395.85037, 172.69313, 370.49774, 333.55203, 367.57281, 269.20398, 364.83191, 204.52255, 361.76996, 138.57466, 338.53494, 367.8544, 335.66132, 302.42996, 332.73795, 237.09319, 329.78232, 170.68861, 302.96341, 336.56522, 299.6915, 270.49039, 296.77179, 203.46582, 293.42798, 135.36266, 269.2103, 371.70407, 265.96613, 304.57993, 262.63382, 237.01962, 259.35867, 168.50807, 231.09277, 339.78516, 227.60838, 271.52567, 224.09428, 202.41408, 220.5127, 132.13399, 195.49889, 376.23087, 191.7843, 306.896, 188.12811, 237.10315, 184.20465, 166.25227, 155.01793, 343.4335, 151.06274, 272.71411, 147.00755, 201.29974, 142.89473, 128.91328, 117.16336, 381.20346, 112.78954, 309.41113, 108.54395, 237.16306, 104.5416, 164.16226;
  511.194, 334.23807, 508.91934, 272.63242, 506.52258, 210.79298, 503.9292, 148.31831, 480.15378, 304.45129, 477.81229, 241.9967, 474.92807, 178.93158, 471.99673, 114.93929, 450.75266, 337.06949, 448.17221, 273.82874, 445.37402, 210.27922, 442.36517, 145.71574, 417.80917, 306.56149, 414.87216, 242.43283, 411.91754, 177.52435, 408.74429, 111.70663, 386.57043, 340.01456, 383.4472, 275.20151, 380.26675, 209.9933, 377.05673, 143.50261, 351.49533, 308.91525, 348.06134, 243.12079, 344.71609, 176.34958, 341.20148, 108.20744, 318.94168, 343.29517, 315.09348, 276.65692, 311.6449, 209.45071, 307.95926, 141.1976, 281.45825, 311.28784, 277.57816, 243.48135, 273.67841, 174.75288, 269.80682, 104.90669, 246.99124, 346.79361, 243.11664, 278.26202, 238.8959, 208.99965, 234.80957, 138.77022, 207.61833, 313.84363, 203.28358, 243.95093, 198.9315, 173.15958, 194.40785, 101.64782, 171.36531, 350.32065, 166.59958, 279.71326, 162.03517, 208.55333, 157.47118, 136.2086;
  547.28632, 326.32956, 545.47015, 264.6897, 543.23627, 202.65421, 541.19769, 139.69815, 516.87042, 296.43686, 514.60358, 233.7937, 512.35657, 170.52036, 509.56812, 106.25195, 487.60394, 328.8385, 485.23288, 265.67682, 482.70224, 201.77594, 480.25763, 137.3503, 455.0437, 298.12234, 452.49896, 233.80806, 449.81979, 169.02176, 446.92493, 102.93314, 424.01422, 331.46875, 421.13196, 266.47809, 418.51489, 201.20862, 415.65826, 134.74023, 389.51193, 300.07132, 386.51642, 234.12926, 383.64392, 167.34981, 380.36688, 99.354248, 357.13626, 334.22327, 353.94427, 267.56216, 350.69382, 200.49992, 347.48801, 132.22278, 320.59097, 301.68726, 317.2803, 234.16963, 313.83774, 165.80869, 310.2515, 95.961945, 286.64709, 336.96347, 282.98984, 268.58948, 279.39127, 199.65793, 275.61386, 129.66608, 248.07133, 303.97681, 244.19731, 234.16603, 240.37431, 163.91835, 236.2435, 92.615761, 212.19244, 340.06082, 208.25162, 269.8262, 204.06886, 198.84042, 199.79774, 126.89664;
  656.03461, 353.18076, 655.97125, 290.34781, 655.90649, 226.58954, 655.76111, 162.06129, 625.65997, 322.55524, 625.52142, 258.72702, 625.02917, 194.04999, 624.54932, 128.06647, 595.09149, 354.96655, 594.49976, 290.92642, 593.9743, 226.42674, 593.40924, 160.43613, 563.30841, 323.67133, 562.56921, 258.80881, 561.78693, 193.07408, 560.95032, 125.88375, 531.58301, 356.64822, 530.6228, 291.63589, 529.66211, 225.95047, 528.57947, 158.9109, 498.4259, 324.79205, 497.2074, 258.94452, 496.07697, 192.15225, 494.62701, 123.63553, 466.07593, 358.23492, 464.58902, 292.23718, 463.04999, 225.46017, 461.4563, 157.15845, 431.46872, 325.78918, 429.63284, 259.02274, 427.86951, 191.0224, 425.87943, 121.1945, 398.20313, 359.94241, 396.29208, 292.78571, 394.19144, 225.02136, 391.87805, 155.43495, 362.38281, 327.19153, 359.96252, 259.16052, 357.48257, 189.76122, 354.93781, 119.00915, 328.02994, 361.98129, 325.31915, 293.66718, 322.56558, 224.43158, 319.73218, 153.6844;
  668.30597, 359.14111, 668.63525, 296.09399, 668.96686, 232.11612, 669.06036, 167.14073, 637.86859, 328.24487, 637.96082, 264.37292, 637.94531, 199.50807, 637.69171, 133.18849, 606.94238, 360.67133, 606.73889, 296.6228, 606.46399, 231.96159, 606.23016, 165.76688, 575.02856, 329.41357, 574.79242, 264.41003, 574.31519, 198.60812, 573.72522, 131.22285, 543.20166, 362.19171, 542.57123, 297.12585, 541.93738, 231.43759, 541.18787, 164.33746, 510.26294, 330.24991, 509.15649, 264.53412, 508.29614, 197.65547, 507.18964, 129.18883, 477.71509, 363.60397, 476.4682, 297.71167, 475.18341, 231.04556, 473.88461, 162.7074, 443.40125, 331.30447, 441.89505, 264.43787, 440.28781, 196.62683, 438.56226, 127.03954, 410.11395, 364.98532, 408.42496, 298.04581, 406.57278, 230.54134, 404.53287, 161.24084, 374.64374, 332.36356, 372.42642, 264.57724, 370.19437, 195.48915, 367.99173, 125.01551, 340.49539, 366.8309, 337.98047, 298.96466, 335.41541, 230.08241, 332.89001, 159.59244;
  694.4032, 385.39594, 696.52399, 321.96454, 698.44415, 257.77615, 700.474, 191.99171, 664.09631, 353.61874, 665.89441, 289.54092, 667.58795, 224.30025, 669.15332, 157.40338, 631.64679, 385.40891, 633.16449, 321.39795, 634.77814, 256.46082, 636.17334, 190.09895, 600.43542, 353.10385, 601.61572, 288.53781, 602.92615, 222.75142, 604.04022, 155.01326, 567.45782, 385.03693, 568.4093, 320.60974, 569.30597, 255.13438, 570.21405, 188.16736, 535.4809, 352.48663, 536.10706, 287.33386, 536.6377, 221.09203, 537.11621, 152.68713, 502.28351, 384.65262, 502.78922, 319.62402, 502.98495, 253.72777, 503.24368, 186.12947, 469.43729, 351.97958, 469.36865, 286.15686, 469.33548, 219.31595, 469.02698, 150.3073, 436.23093, 384.24478, 435.85324, 318.68872, 435.43152, 252.23511, 434.8681, 183.88457, 402.30081, 351.3808, 401.39899, 285.20938, 400.56906, 217.49799, 399.86652, 148.0571, 368.53018, 384.10538, 367.22598, 318.12024, 366.03091, 251.02225, 365.12939, 181.89536;
  698.46338, 392.10672, 700.6969, 328.72168, 702.87946, 264.3822, 705.11218, 198.49321, 668.14929, 360.25613, 669.95154, 296.17236, 671.95892, 230.87843, 673.75232, 163.83559, 635.43115, 391.82346, 637.0976, 327.84497, 638.81506, 263.01147, 640.40717, 196.62277, 604.27521, 359.65372, 605.70044, 295.01682, 607.10547, 229.18736, 608.28113, 161.67831, 571.3493, 391.35379, 572.3407, 326.92661, 573.37408, 261.74261, 574.48767, 194.58734, 539.19415, 358.7327, 540.02435, 293.65213, 540.85846, 227.43867, 541.51154, 159.33519, 506.3396, 390.51196, 506.79205, 325.68585, 507.06747, 260.01251, 507.52582, 192.58878, 473.44656, 357.68683, 473.58517, 292.38229, 473.57855, 225.61769, 473.55203, 156.80656, 440.42456, 389.9491, 440.17828, 324.73309, 439.79486, 258.5, 439.29022, 190.57704, 406.73199, 357.07132, 406.01709, 291.23044, 405.21249, 223.84283, 404.82098, 154.59758, 373.29434, 389.46841, 372.02512, 323.82794, 370.88141, 257.14706, 370.1535, 188.45668;
  702.17517, 399.38205, 704.51038, 336.01825, 706.75873, 271.51077, 709.03662, 205.49379, 671.63373, 367.40222, 673.80713, 303.2854, 675.69684, 237.92523, 677.79749, 170.86794, 639.06439, 398.93408, 640.71875, 334.97263, 642.5105, 270.08005, 644.19763, 203.73334, 607.6908, 366.58945, 609.112, 302.02484, 610.71912, 236.30122, 612.21112, 168.65752, 574.95575, 398.24863, 575.987, 333.81229, 577.03522, 268.82336, 578.09076, 201.74986, 542.89655, 365.53934, 543.63806, 300.75589, 544.46619, 234.5247, 545.22473, 166.31694, 509.95709, 397.23541, 510.39969, 332.44891, 510.83151, 267.02933, 511.21442, 199.69385, 477.17081, 364.45367, 477.35928, 299.15866, 477.35599, 232.61635, 477.27298, 163.97141, 444.1481, 396.39053, 444.04068, 331.43109, 443.8125, 265.33475, 443.22394, 197.66718, 410.72687, 363.56946, 410.0036, 298.02902, 409.34241, 230.89247, 408.97568, 161.89661, 377.45187, 395.82367, 376.29962, 330.62387, 375.18045, 264.01138, 374.37097, 195.57933;
  834.32721, 463.21799, 832.2149, 404.44965, 829.81079, 345.28656, 827.4267, 285.62827, 807.36774, 436.92184, 804.81195, 377.41214, 802.2854, 317.61856, 799.48676, 256.52213, 781.82422, 470.04651, 779.23389, 410.06067, 776.77667, 349.8147, 773.98907, 288.62988, 753.25134, 443.24835, 750.38556, 382.54758, 747.98511, 321.33185, 744.966, 259.08408, 726.66583, 476.97305, 723.62103, 415.71661, 720.93304, 354.44086, 718.16003, 291.88162, 696.3161, 449.59125, 693.34613, 387.6098, 690.70184, 325.34476, 687.71014, 261.59787, 668.68274, 484.1033, 665.46765, 421.67352, 662.54095, 359.01624, 659.79584, 295.21191, 637.16962, 456.3504, 633.98669, 393.03387, 630.94019, 329.3165, 627.79535, 264.36734, 608.3927, 491.7424, 605.1062, 427.86679, 601.83118, 363.93997, 598.55353, 298.82776, 575.81586, 463.49738, 572.48547, 399.03317, 568.92639, 333.85928, 564.72455, 267.42969, 545.87128, 499.76907, 542.50269, 434.76083, 538.93805, 369.2915, 534.67401, 302.49673;
  845.89075, 455.2662, 842.86194, 396.03268, 839.84662, 336.48315, 836.57062, 276.22379, 817.90155, 428.93567, 814.79248, 368.93982, 811.5, 308.5, 807.80658, 247.17403, 792.56769, 462.2612, 789.12726, 401.83527, 785.77893, 341.17422, 782.31299, 279.58868, 763.04456, 435.27625, 759.62299, 374.18124, 756.32867, 312.70529, 752.50293, 250.11731, 736.41852, 469.29794, 732.73291, 407.71127, 729.32458, 345.92331, 725.71124, 283.41614, 705.43835, 441.82855, 701.76178, 379.504, 698.48816, 316.91156, 694.64008, 253.14835, 677.90912, 476.5665, 674.01941, 413.73889, 670.26642, 350.94049, 666.7298, 286.97888, 645.78394, 448.64886, 641.81183, 385.34341, 638.06604, 321.28085, 634.1626, 256.17221, 617.17017, 484.22665, 613.12622, 420.21591, 609.12286, 356.05774, 605.05005, 290.86426, 584.07019, 456.0361, 580.08887, 391.25311, 575.68121, 326.00098, 570.78412, 259.50174, 554.42065, 492.29108, 550.27869, 427.23724, 546.05261, 361.66229, 541.05035, 294.9422;
  893.0777, 443.78915, 888.81, 382.61667, 884.24835, 321.34613, 879.68616, 259.29892, 863.16711, 416.58566, 858.51984, 354.8613, 853.80542, 292.71622, 848.59326, 229.94424, 837.01117, 450.88416, 832.29962, 388.74307, 827.5321, 326.53259, 822.70789, 263.63583, 805.67358, 423.20895, 800.88239, 360.64484, 796.12097, 297.66541, 791.04187, 233.93105, 778.61139, 458.1524, 773.60547, 395.14676, 768.79791, 332.2103, 763.80396, 268.12198, 746.04272, 429.99783, 741.03052, 366.60443, 736.2052, 302.90918, 730.96344, 238.00208, 718.28247, 465.49313, 713.04303, 401.66101, 708.00647, 337.69687, 703.04938, 272.92566, 684.84747, 437.02835, 679.54938, 372.77542, 674.43903, 308.17215, 669.02588, 242.18408, 656.30725, 472.99908, 650.95892, 408.33307, 645.62598, 343.41348, 640.30035, 277.64554, 622.20197, 444.55261, 616.80188, 379.27182, 611.0531, 313.40399, 605.02289, 246.66222, 592.73126, 481.21674, 587.31598, 415.71909, 581.80737, 349.62369, 575.44678, 282.62698;
  983.48755, 475.43985, 979.79395, 409.50455, 975.87903, 343.06143, 971.83429, 275.862, 948.51709, 444.93237, 944.70898, 378.89749, 940.48126, 312.27124, 936.24622, 244.56468, 917.56067, 480.49289, 913.44635, 414.51889, 909.24847, 348.24725, 905.03271, 281.06216, 882.20343, 450.01511, 878.05328, 383.98782, 873.87634, 317.45337, 869.36945, 249.80617, 851.17926, 485.29065, 846.84564, 419.35675, 842.46936, 353.4281, 838.21442, 286.47574, 815.93915, 454.70901, 811.3924, 388.93408, 806.98413, 322.67441, 802.27966, 254.99158, 785.18115, 489.87564, 780.47937, 424.22241, 775.84711, 358.49127, 771.37042, 291.52316, 749.84009, 459.48898, 745.01306, 393.93448, 740.27411, 327.7467, 735.38922, 260.24072, 719.42767, 494.68271, 714.53986, 429.1481, 709.65161, 363.65781, 704.57306, 296.6109, 684.06372, 464.52319, 679.13953, 399.15015, 674.08276, 332.85559, 668.73254, 265.43903, 653.86407, 499.6492, 648.72388, 434.65652, 643.31219, 368.99408, 637.9939, 301.84253;
  990.89551, 482.17471, 987.45734, 415.5643, 983.88159, 348.32666, 980.16974, 280.09961, 955.27893, 451.35538, 951.59155, 384.42545, 947.75208, 316.83542, 943.76953, 248.1884, 923.29919, 486.8031, 919.44617, 420.21252, 915.53351, 353.25272, 911.57965, 285.12976, 887.50159, 455.59012, 883.45215, 389.09634, 879.50977, 321.86105, 875.33142, 253.40121, 855.74249, 490.77985, 851.49988, 424.5625, 847.33282, 358.01385, 843.13641, 290.38812, 819.94965, 459.74634, 815.62701, 393.55063, 811.37524, 326.69354, 806.89789, 258.68213, 788.81226, 494.72549, 784.29974, 428.81149, 779.88635, 362.74878, 775.43451, 295.48782, 753.14685, 463.80002, 748.57635, 398.01718, 743.97485, 331.63403, 739.21442, 263.8251, 722.70074, 498.7774, 717.7616, 433.34079, 712.93469, 367.31326, 708.11395, 300.38373, 687.19397, 468.16077, 682.29114, 402.89587, 677.34259, 336.50354, 672.16162, 268.93448, 656.77686, 502.89145, 651.5611, 437.9874, 646.48761, 372.36752, 641.39124, 305.45041;
  996.81097, 489.24545, 993.60815, 421.36176, 990.276, 353.29456, 986.86914, 283.88144, 960.41455, 457.1777, 956.79852, 389.56451, 953.25677, 321.06284, 949.51361, 251.51152, 927.65985, 492.69736, 923.94238, 425.34595, 920.29163, 357.61322, 916.46222, 288.91681, 891.2807, 460.95645, 887.46283, 393.5542, 883.60449, 325.74826, 879.74689, 256.53986, 858.67975, 496.0332, 854.93909, 429.138, 850.9223, 362.04776, 846.88776, 293.76791, 822.76019, 464.27267, 818.6972, 397.55154, 814.46667, 330.34137, 810.26447, 261.73633, 791.07599, 499.06564, 786.80566, 432.767, 782.42578, 366.2218, 778.17096, 298.61121, 755.37305, 467.66299, 750.94751, 401.48233, 746.42365, 334.75623, 741.88403, 266.59985, 724.48206, 502.1004, 719.85883, 436.66306, 715.12982, 370.61639, 710.43829, 303.24329, 689.14899, 471.31738, 684.33075, 405.87311, 679.43396, 339.38736, 674.54041, 271.63757, 658.6413, 505.64792, 653.52002, 440.74115, 648.3938, 374.97089, 643.51715, 307.88013;
  1001.7438, 496.17731, 998.81592, 427.52521, 995.68097, 358.30942, 992.54926, 288.0538, 964.77271, 463.5, 961.53986, 394.91476, 958.10321, 325.50287, 954.61835, 254.87947, 931.05884, 499.0116, 927.64008, 430.87732, 924.27649, 362.42816, 920.69629, 292.65576, 894.1651, 466.36127, 890.66223, 398.38782, 887.03015, 329.81122, 883.36304, 259.79852, 861.25983, 501.52689, 857.4173, 434.00354, 853.68311, 366.34546, 849.93579, 297.3136, 824.88586, 469.13928, 820.9281, 401.97153, 816.96704, 334.10034, 812.90784, 264.80304, 792.72583, 503.71756, 788.79865, 437.00174, 784.5639, 370.02197, 780.43201, 301.80057, 756.91266, 471.78745, 752.65582, 405.37582, 748.2663, 338.21341, 743.94159, 269.4194, 725.69055, 506.04462, 721.18683, 440.18082, 716.78552, 373.79669, 712.17719, 306.25226, 690.34064, 474.69269, 685.54706, 409.0932, 680.98218, 342.24191, 676.25171, 274.19876, 659.56531, 508.80872, 654.76233, 443.76761, 649.80334, 377.82968, 645.12292, 310.61365;
  1004.8284, 504.40796, 1002.2938, 434.85309, 999.67078, 364.70917, 996.9472, 293.3754, 967.29602, 470.89639, 964.49817, 401.46655, 961.63141, 331.24344, 958.42078, 259.569, 932.83636, 506.34036, 929.82794, 437.5611, 926.82666, 368.18463, 923.68884, 297.67404, 895.80194, 473.05963, 892.60272, 404.44614, 889.3219, 335.10193, 885.91931, 264.263, 862.06805, 507.9577, 858.67743, 439.91248, 855.3269, 371.552, 851.8999, 301.91476, 825.6333, 474.92233, 822.15558, 407.29132, 818.36414, 338.7966, 814.66785, 268.80789, 793.21674, 509.33261, 789.39911, 442.24323, 785.55103, 374.75308, 781.68518, 305.88516, 757.26282, 476.71344, 753.29047, 409.86984, 749.23901, 342.38641, 745.2182, 273.09097, 725.77307, 510.87085, 721.58527, 444.44943, 717.38257, 377.87656, 712.97162, 310.02673, 690.42273, 478.83679, 685.95233, 412.90878, 681.6106, 345.84573, 677.36279, 277.58466, 659.57947, 512.60986, 654.98602, 447.50876, 650.37531, 381.41281, 645.9068, 313.94937;
  714.32922, 351.91125, 705.20459, 286.02344, 695.73724, 218.13976, 686.04407, 147.58641, 677.20471, 326.12613, 667.41833, 258.92053, 657.26166, 189.43544, 646.47516, 116.91914, 649.42377, 366.24103, 638.94647, 299.53769, 628.29938, 231.00122, 617.34271, 159.50082, 610.59125, 340.10373, 599.4566, 272.12778, 588.03729, 201.95511, 576.06317, 128.4774, 582.07318, 380.84985, 570.4765, 313.37729, 558.52264, 244.07877, 546.15576, 171.68651, 541.66272, 354.46005, 529.26343, 285.88794, 516.44, 214.9599, 502.98615, 140.40144, 513.16003, 395.56345, 499.95868, 327.4187, 486.63605, 257.41183, 472.69724, 184.37453, 470.953, 369.07336, 456.98929, 299.63577, 442.65958, 227.90587, 427.63785, 152.69908, 442.06357, 410.72336, 427.62244, 341.91132, 412.65073, 271.14664, 397.21945, 197.36191, 398.26184, 384.51654, 382.84073, 314.50961, 366.78055, 241.64482, 350.18982, 165.39043, 368.88269, 426.80298, 352.77844, 357.63327, 336.20612, 285.92538, 318.96173, 210.696;
  670.97394, 317.27542, 654.896, 251.23859, 638.78003, 184.8015, 622.26935, 117.21698, 631.08453, 292.38016, 614.74469, 225.76015, 598.01776, 158.33156, 580.92426, 89.772942, 607.05164, 334.08841, 590.224, 267.19821, 573.45447, 199.72629, 556.34436, 131.1653, 565.59735, 308.94199, 548.5426, 241.45731, 531.34393, 173.01097, 513.6709, 103.24668, 540.62366, 351.41568, 523.20422, 283.58566, 505.79507, 215.27505, 487.89359, 145.55148, 497.80383, 326.08826, 480.07581, 257.66678, 462.09171, 188.2588, 443.69778, 117.42316, 472.26294, 369.17838, 454.08331, 300.45102, 435.92328, 231.11977, 417.39142, 160.51161, 428.0144, 343.68149, 409.59003, 274.35236, 390.71954, 203.94173, 371.74127, 132.02829, 401.7016, 387.51953, 383.0947, 317.70575, 364.10352, 247.64381, 344.63904, 175.87236, 356.24722, 361.83853, 336.91769, 291.38773, 317.33755, 220.00984, 297.50705, 147.40509, 329.01678, 406.55832, 309.34296, 335.90442, 289.41046, 264.49039, 269.57819, 191.80553;
  671.0968, 317.04224, 654.8205, 251.24637, 638.30963, 184.82451, 621.401, 117.73869, 630.98572, 292.2193, 614.26379, 225.59004, 597.37183, 158.56073, 580.07263, 90.459435, 607.08496, 333.79623, 590.09735, 267.0192, 573.11157, 199.71831, 555.63531, 131.7404, 565.60962, 308.74503, 548.37781, 241.19356, 530.92242, 173.10548, 513.04926, 103.92383, 540.67511, 351.14636, 523.27795, 283.33118, 505.65381, 215.18108, 487.63089, 146.03922, 497.82941, 325.69806, 480.09436, 257.45895, 462.00201, 188.39781, 443.54984, 118.06782, 472.34985, 368.68716, 454.21222, 300.16721, 436.06873, 231.0419, 417.45392, 160.858, 428.31885, 343.28577, 409.85406, 274.0806, 391.09756, 204.03331, 371.90128, 132.64166, 401.983, 386.99472, 383.36194, 317.36319, 364.50998, 247.44357, 345.1687, 176.31894, 356.65067, 361.2457, 337.33917, 291.0072, 318.03412, 219.99918, 298.48352, 147.96631, 329.48703, 405.9299, 309.95337, 335.24619, 290.12769, 264.07874, 270.5412, 192.03371;
  700.63116, 344.34811, 681.16913, 280.3656, 662.02972, 218.05464, 643.36517, 156.90663, 659.02515, 320.48544, 639.84277, 256.91553, 621.2149, 194.75031, 602.76239, 133.74271, 636.21069, 361.51288, 617.13928, 296.69681, 598.44849, 233.51956, 580.1698, 171.41736, 593.81885, 337.65494, 575.26843, 273.00293, 557.08276, 210.07527, 539.04785, 147.98758, 569.94055, 379.55988, 551.34009, 313.91541, 533.27972, 249.57944, 515.46777, 186.44138, 526.97687, 355.35275, 508.94525, 290.05716, 491.23077, 225.79758, 473.87296, 162.67871, 502.09213, 397.9595, 484.13242, 331.30487, 466.54221, 266.20715, 449.22449, 201.79123, 458.82263, 373.50412, 441.19946, 307.22333, 423.96268, 242.03465, 406.95514, 177.83698, 432.71014, 416.71454, 415.38077, 349.12378, 398.207, 282.85953, 381.26306, 217.68922, 388.91107, 391.80838, 371.62048, 324.13339, 355.0849, 258.25037, 338.91678, 193.82941, 361.48727, 435.91257, 344.41611, 366.61407, 327.7298, 299.41733, 311.78958, 233.84724;
  707.11163, 350.35074, 687.56372, 286.63403, 668.43884, 224.89183, 649.76819, 164.37416, 665.30792, 326.4566, 646.24365, 263.29099, 627.58643, 202.04385, 609.29675, 141.80103, 642.49963, 367.54556, 623.39148, 302.79556, 604.96417, 240.2435, 586.86542, 179.04861, 600.0412, 343.48322, 581.61755, 279.54767, 563.63885, 217.16924, 546.05743, 156.00163, 575.99036, 385.32928, 557.71826, 319.83441, 539.81921, 256.32886, 522.45831, 193.92932, 533.28485, 361.08737, 515.57404, 296.31531, 498.21445, 232.77515, 481.13971, 170.57002, 508.33197, 403.57199, 490.78079, 337.36026, 473.43848, 272.75562, 456.47687, 209.2585, 465.21097, 379.27893, 448.18781, 313.52591, 431.34869, 248.93288, 414.8298, 185.62622, 439.00229, 422.18063, 422.16223, 354.85364, 405.72119, 289.30142, 389.35297, 224.96765, 395.49023, 397.28796, 378.96725, 330.10446, 363.0621, 264.98669, 347.64624, 201.67313, 367.96942, 441.12955, 351.56778, 372.26645, 335.70117, 305.60892, 320.48145, 241.02284;
  716.3327, 356.59045, 696.76813, 292.95715, 677.75861, 231.59697, 659.086, 171.80363, 674.32678, 332.66302, 655.47174, 269.78287, 636.95679, 208.95877, 618.89087, 149.52217, 651.30896, 373.52313, 632.36304, 309.02734, 614.16486, 246.85524, 596.31268, 186.35693, 608.81158, 349.46805, 590.75244, 285.83179, 573.13342, 224.04221, 555.95374, 163.71101, 584.70605, 391.02682, 566.7384, 325.8833, 549.29254, 262.87054, 532.21637, 201.16194, 542.08972, 366.923, 524.87189, 302.49814, 508.01682, 239.53413, 491.48526, 178.46059, 517.04401, 409.03903, 499.79434, 343.12708, 483.19373, 279.15335, 466.91373, 216.46698, 474.33676, 384.7113, 457.89871, 319.31052, 441.74139, 255.73111, 425.92181, 193.32632, 448.06284, 427.30933, 431.78192, 360.38837, 416.02194, 295.54724, 400.41565, 232.11507, 404.99213, 402.39462, 389.24081, 335.72229, 374.09726, 271.38391, 359.59357, 209.23515, 377.38766, 445.74768, 361.82263, 377.43555, 346.79199, 311.33124, 332.5675, 247.91661;
  727.33862, 363.12415, 708.06445, 299.42654, 689.51526, 238.09717, 671.54047, 178.64999, 685.13751, 339.02332, 666.77502, 276.28244, 648.91608, 215.66046, 631.43445, 156.52907, 661.70593, 379.79623, 643.56207, 315.30637, 625.84088, 253.36896, 608.63306, 193.22931, 619.48346, 355.63055, 602.02722, 292.11261, 585.22412, 230.65858, 568.65295, 170.87366, 594.86829, 397.01733, 577.69751, 331.92783, 560.94342, 269.27148, 544.68939, 207.98117, 552.81128, 372.75381, 536.29297, 308.56354, 520.28186, 246.0974, 504.51602, 185.50298, 527.29773, 414.45834, 511.13507, 348.8262, 495.33917, 285.24704, 479.7471, 223.18689, 485.15421, 390.07291, 469.6951, 324.99097, 454.48941, 261.9794, 439.71967, 200.31561, 458.59488, 432.17941, 443.39505, 365.74326, 428.62781, 301.48032, 413.92038, 238.67062, 416.42102, 407.23004, 401.67078, 341.22754, 387.7511, 277.4624, 374.11737, 216.02553, 388.61774, 450.13071, 374.17969, 382.1572, 360.21686, 316.99139, 347.01489, 254.21777]
