image_Width 640
image_Height 360
board_Width 4
board_Height 11
square_Size 24.8
FixAspectRatio 1
flagValue 14
Camera_Matrix[490.6745050727247, 0, 327.8021306159234;
  0, 492.1261095896504, 170.718088622503;
  0, 0, 1]
Distortion_Coefficients[0.02615058710310287;
  -0.08479573287904967;
  0;
  0;
  0.05348607115180643]
Avg_Reprojection_Error 0.179702
Per_View_Reprojection_Errors[0.13888977;
  0.15302409;
  0.13539512;
  0.15510638;
  0.17286789;
  0.09693034;
  0.25708035;
  0.13578089;
  0.16810891;
  0.11567131;
  0.1854057;
  0.18797858;
  0.12839985;
  0.18506427;
  0.12083498;
  0.1142993;
  0.12956208;
  0.13512197;
  0.16336839;
  0.12601325;
  0.12859477;
  0.12740915;
  0.11939394;
  0.12600365;
  0.16851456;
  0.089913137;
  0.12907308;
  0.13715044;
  0.15129185;
  0.16595465;
  0.19309446;
  0.21759674;
  0.22740383;
  0.117876;
  0.14992866;
  0.1488452;
  0.17104258;
  0.28834838;
  0.32759932;
  0.29702106;
  0.26628396;
  0.17567883;
  0.16499454;
  0.2045415;
  0.10283699;
  0.10659846;
  0.099251278;
  0.1489796;
  0.12604819;
  0.1807372;
  0.16010641;
  0.1403338;
  0.13495082;
  0.12406827;
  0.29401419;
  0.30100644;
  0.26741272;
  0.2501727;
  0.19560409;
  0.23958001;
  0.15616509;
  0.1398503;
  0.14258461;
  0.28753021;
  0.2169162;
  0.13093932;
  0.12511893;
  0.10512985;
  0.12446568;
  0.091785349;
  0.18015859;
  0.15240715;
  0.1993359;
  0.27779579;
  0.25323203]
Extrinsic_Parameters[0.009152936951255944, 0.03442636304990647, 1.625236048060577, 139.1481013098798, -69.50184192975186, 553.3876573562901;
  0.01420322842534791, 0.038900494763191, 1.623149347181848, 136.7191186879718, -70.46332669404903, 559.3263962931396;
  0.009342162638327723, 0.04291039748841646, 1.622547217672268, 134.2516915774312, -76.70132557684948, 568.4094548092389;
  -0.008792403038934067, 0.06551737232700416, 1.589032463354478, 119.9851047022133, -101.466064625136, 629.150524425283;
  0.004222531554778882, 0.08055262927926025, 1.583280598912928, 95.95351632632655, -102.7141059558392, 672.502022949541;
  -0.02770365179738526, 0.07109738746413175, 1.568080077719658, 80.77700761254761, -100.8546988828221, 724.6541809105195;
  -0.1379411097921496, 0.01659301528498271, 1.514050587657631, 50.09737187701704, -106.7276608281853, 753.9607432701216;
  -0.3051136456248471, 0.01465087000696776, 1.359474316795947, -12.17489824123359, -104.7284140534121, 777.1780539168615;
  -0.383666821771324, -0.01474306033171261, 1.294817840848313, -74.02991784608432, -94.69724606299367, 799.2403101117867;
  -0.314613045241496, -0.07773311938019616, 1.260432784074053, -134.971677390104, -97.27248030671385, 789.2479608415664;
  -0.1384288237558574, -0.1439693781113103, 1.312379385902045, -151.8674383908538, -116.0412568716248, 764.0891823697515;
  0.1529182154942916, -0.1805200114437144, 1.47604850634479, -103.906413223922, -123.9822371577635, 717.4227115412132;
  0.4078110630899602, -0.07792428238612392, 1.578681013294693, -50.58118555058112, -121.5039455298864, 682.8135351121957;
  0.508411752373084, 0.1491672531153005, 1.7332796089819, 13.89423163112396, -103.8648341026155, 673.0742047258992;
  0.2116837820662114, 0.5122878444385426, 1.881001717696132, 86.10756115444568, -65.93480159026677, 717.6938595793038;
  -0.008994497264577833, 0.719427460287565, 1.914721318242509, 141.5532693203348, -24.44597658180413, 783.1801535221409;
  0.3061171914636866, 0.3679259803961066, 1.970523701306127, 178.3236799505459, -11.29142561454514, 760.7877853890185;
  0.4111171737133066, -0.07005821175072807, 1.917980246235604, 204.9093515857031, 10.45641232666929, 723.0437966027774;
  0.2931133570970317, -0.2334089493463109, 1.856388000972551, 248.0554309317308, 47.97091983381873, 721.5444262994172;
  0.07083641731799863, -0.2430962891491551, 1.709466360630092, 266.6772166005875, 52.48719542389084, 749.3669853025893;
  -0.2621346579123899, -0.113160653855131, 1.563310961061619, 256.9331062082411, 25.25701424905745, 822.6854887464706;
  -0.3768579938003566, 0.219091735647131, 1.503240049626461, 310.5085596417133, 10.29767052166469, 868.9585169661331;
  -0.2472638391375946, 0.5339520177787559, 1.579172506075722, 370.2607640893531, 14.25401537761892, 865.4754090074922;
  -0.0884018098580778, 0.6378002720226259, 1.716054811232983, 398.8447246425219, 33.9767358890495, 837.0576116601611;
  0.1762532515668246, 0.4798241757799147, 1.892884333441202, 415.0920099273367, 51.56157221341924, 813.8207214623669;
  0.290018403826427, 0.1326503841719429, 1.909252211012966, 402.2741497882362, 55.59523625209858, 857.9352542970489;
  0.05748215485812872, 0.1194858843245722, 1.760917655137497, 415.5399607710539, 42.95104764572623, 970.3367635923167;
  -0.0807065801594293, 0.2746791083269823, 1.678885814722729, 396.3162950934781, -10.68680023423502, 1062.108998507819;
  0.2883673786432882, -0.09099469587783061, 1.67004365788949, 341.6415897058336, -88.67077770289224, 933.5692629375691;
  0.3619772106419728, -0.3563150572182025, 1.628705791567421, 260.6924521719708, -88.09823683065449, 812.8351974120179;
  0.2081073783958079, -0.5073975599723022, 1.55626966000089, 174.7144388829392, -97.39753672714227, 726.4957603710512;
  0.01838854780955657, -0.4346237825677045, 1.429278776024678, 98.403445171987, -114.2348532385331, 703.5432150039695;
  -0.2203322065819747, -0.2232757268878892, 1.340938797918297, 15.25297331896585, -130.4216885206346, 726.925247323067;
  -0.2503990578227744, 0.09416976641612537, 1.328365196098343, -18.16952722116487, -138.9106589074897, 723.3981373995028;
  -0.05404663331845001, 0.1877330999932339, 1.482099915801957, -40.07329456026474, -143.7004767861924, 678.6054934697399;
  0.207002363507526, -0.2046339660056613, 1.607555964502991, -80.14214453563393, -99.98408796575791, 593.9667811801937;
  0.1307641154368376, -0.4643878753700353, 1.555267525889045, -83.12913456749993, -73.52571702875355, 592.0083681585654;
  -0.223516973191013, -0.3510462305430409, 1.395153252035431, -78.79716408372921, -69.95907137079, 665.9783942279406;
  -0.368968914068719, -0.07053608049257835, 1.299100592383257, -66.40057508486932, -55.64231524793284, 705.453889364121;
  -0.2476997022814124, 0.1665477733850621, 1.468302559657404, -5.356286452762186, -27.38562335356364, 698.671915374936;
  -0.08065521087928422, 0.1995890646359237, 1.714936920889268, 58.11215308824368, -13.41885165549521, 685.8857152253559;
  0.07834857992958737, 0.02728225508999222, 1.835153072876903, 107.4301096435135, 14.08138722399508, 652.6715669999105;
  -0.00916238682307882, -0.3590020632547157, 1.714390372689941, 120.7372694874937, 9.344355252767928, 663.1756009624311;
  -0.3176754634811004, -0.3085205248980864, 1.402084910779861, 47.37352825589752, -55.80316557855593, 747.9224157086085;
  -0.3162601877611637, -0.07723407263939623, 1.235375152531256, -20.8334219467881, -80.77443261294354, 820.4925497065004;
  -0.2611264924607776, 0.0882382186843888, 1.329372633817662, -53.20401758259019, -82.87886719852797, 931.3010355876841;
  -0.2800034495171352, 0.1237520621593453, 1.505115817906177, -84.63465727988846, -87.73492324300618, 1029.705601411438;
  -0.3303425537074068, 0.04857443806881602, 1.837297306189008, -80.13620974218891, -63.11996068603029, 1050.758070384763;
  -0.3621272361737157, -0.00623011877963122, 2.163654270323404, -38.78564725309222, -25.51148302051315, 1034.525658052232;
  -0.3552947954034398, -0.06685058995695697, 2.518092441522894, -14.88091724206522, 43.42227277229872, 1022.677180921531;
  -0.3206385352614389, -0.1119519058048926, 2.900659113831965, -25.66382036669723, 95.43122066865256, 1026.131025560923;
  0.3052336240384712, 0.09496900767152883, -3.019317546120719, -39.6187727149277, 126.2297698833332, 1012.111337140364;
  0.2101438283065633, 0.1467180061101775, -2.767624654683949, -58.59999807054013, 148.9188141262938, 1001.385407458987;
  0.2617590385168954, 0.2183019965340821, -2.571465468590669, -72.27134704968934, 180.0502840773797, 1014.52739784009;
  0.3727312816248685, 0.06837649031642445, -2.891340012639958, -1.419075398848124, 157.5420998757282, 988.8984043683493;
  -0.3339061809842092, 0.02463409724300777, 2.896072446964889, 50.26301445617582, 72.027934288751, 972.6458053330554;
  -0.3036078717512097, -0.0117271311700413, 2.453617138459408, 56.31827551669965, 19.13602017212975, 970.7028395395097;
  -0.2851792779669672, -0.004186797210590667, 1.938549183780797, 33.60418543930336, -19.60773924374525, 961.7034033084595;
  -0.2470078151336899, 0.06542969312721406, 1.490309030625427, -15.44330201312707, -96.05539197556756, 954.736360139106;
  -0.1712461798961838, 0.07885028632931274, 1.066426880799323, -77.4089315311543, -113.6879282175329, 948.0740115072517;
  -0.08710410251893264, 0.06625614642115027, 0.6556847607613053, -133.3293971154507, -95.82135371383598, 940.4724912153495;
  -0.06944040432897705, 0.04882403567177317, 0.4181852777538531, -182.7625431943039, -100.4360097608817, 944.2812365105056;
  -0.03676273016068539, 0.02586428588008825, 0.2866566389167625, -215.4683361680132, -84.72971691744087, 940.684470682456;
  -0.07474674654623105, 0.02867327807067703, 0.2964807767351183, -232.0186560663898, -91.62113956958564, 954.6669037202652;
  -0.2179613364814776, 0.2084582630309803, 0.7949869976434039, -177.9226333246355, -128.8374424114995, 983.6474684670328;
  -0.435363418373414, 0.3921591681683184, 1.108456336098608, -140.7355644269153, -73.56825215256892, 1067.202355665233;
  -0.6391376250282789, 0.5066043040553115, 1.293168397214429, -165.0502778386939, -25.5106008630633, 1106.637546821704;
  -0.631018467612895, 0.2100885944879589, 1.447771610618017, -226.7852920953383, -16.96762130574522, 1026.413954569103;
  -0.5448150077372062, -0.1298068124731529, 1.522509658033129, -245.995264663575, -34.31705225638088, 950.3372856314975;
  -0.1921941880508426, -0.5483614796648847, 1.619091571452977, -220.6990774628495, -53.80691069774693, 859.686364227847;
  0.0785921232186249, -0.8137895790330355, 1.620645676612612, -203.6117087759981, -40.05820706364281, 782.8482994648194;
  -0.1083817384893118, -0.6997602768317789, 1.636806779211458, -145.4201419312384, -98.78886553149965, 717.7147970697342;
  -0.3373822660500552, -0.4976490017134026, 1.542465025581358, -136.1154230687557, -150.0604729886047, 737.0222850500176;
  -0.2149504697599644, -0.4316686841144842, 1.47778057845443, -97.84770320545781, -216.2421048451529, 697.2941006996273;
  -0.09967606213275729, -0.2761573174693468, 1.548971111816429, -43.84328285755505, -196.8354159800552, 669.0971900562778]
Image_points[451.30621, 108.70757, 449.18805, 152.89035, 446.91144, 197.04045, 444.52133, 241.32533, 428.04633, 129.7099, 425.77347, 173.78606, 423.45575, 217.88513, 421.14151, 262.39621, 407.1778, 106.67624, 404.76544, 150.59755, 402.54434, 194.48422, 400.11996, 238.78011, 383.97437, 127.45264, 381.63837, 171.35745, 379.28812, 215.298, 377.00983, 259.84998, 363.26068, 104.4374, 360.88205, 148.3427, 358.52963, 192.13988, 356.1763, 236.24219, 340.12527, 125.32618, 337.7901, 168.99716, 335.44305, 212.84555, 333.01129, 257.29172, 319.49216, 102.06828, 317.19882, 145.98561, 314.73157, 189.64609, 312.33127, 233.65265, 296.49139, 122.89896, 294.11661, 166.61076, 291.69156, 210.328, 289.21371, 254.59331, 275.87912, 99.872589, 273.68091, 143.61578, 271.19662, 187.16936, 268.65854, 231.09785, 253.18326, 120.65697, 250.909, 164.24646, 248.18192, 207.81566, 245.60902, 252.07594, 232.61604, 97.519913, 230.44513, 141.29642, 228.08067, 184.75365, 225.3071, 228.62926;
  448.0123, 108.54024, 445.92853, 152.1302, 443.51694, 195.91245, 441.30804, 239.6176, 424.93121, 129.28587, 422.70874, 172.8181, 420.43408, 216.43335, 418.1973, 260.57379, 404.24411, 106.50346, 402.02576, 150.0186, 399.84695, 193.472, 397.40085, 237.22029, 381.38025, 127.33063, 379.09753, 170.67128, 376.7514, 214.12334, 374.48795, 257.98883, 360.77441, 104.56557, 358.43408, 148.01768, 356.1994, 191.19173, 353.905, 234.7813, 337.94806, 125.19394, 335.6666, 168.34329, 333.37363, 211.73135, 331.03589, 255.50977, 317.6492, 102.43111, 315.31284, 145.75432, 313.01385, 188.86531, 310.62787, 232.38408, 294.8526, 123.04671, 292.58176, 166.19237, 290.19653, 209.33142, 287.84235, 253.14299, 274.67902, 100.41705, 272.34073, 143.58276, 269.94537, 186.44569, 267.47357, 229.92087, 252.09671, 120.82098, 249.85808, 164.02032, 247.43944, 206.94102, 244.72083, 250.58757, 231.82007, 98.184158, 229.66975, 141.47771, 227.38329, 184.1371, 224.77495, 227.54379;
  444.03348, 104.17937, 441.965, 147.08052, 439.82922, 190.02214, 437.59009, 233.10095, 421.28668, 124.67637, 419.16345, 167.44597, 417.03391, 210.34744, 414.74393, 253.77534, 400.8974, 102.21258, 398.6969, 145.03476, 396.54443, 187.75494, 394.41623, 230.77756, 378.45337, 122.65034, 376.23676, 165.36945, 374.01208, 208.11349, 371.7742, 251.35722, 358.15201, 100.24017, 355.90912, 142.96213, 353.73547, 185.49356, 351.44931, 228.46025, 335.73282, 120.62713, 333.48221, 163.10768, 331.27356, 205.72072, 328.96899, 248.92882, 315.64474, 98.208572, 313.40921, 140.87404, 311.11017, 183.24294, 308.74438, 226.15649, 293.22913, 118.49722, 290.96631, 161.01611, 288.62271, 203.45973, 286.27438, 246.5002, 273.31775, 96.258064, 271.08322, 138.76477, 268.77011, 181.06311, 266.24863, 223.81705, 251.22838, 116.4763, 248.89178, 158.89891, 246.41301, 201.24283, 243.8824, 244.11151, 231.22205, 94.228737, 229.03856, 136.68604, 226.71649, 178.87393, 224.08218, 221.49513;
  421.58298, 91.287727, 421.14441, 129.84978, 420.61084, 168.64632, 420.04224, 207.84708, 401.84375, 110.32321, 401.25238, 148.9196, 400.66577, 187.83987, 400.01816, 227.28415, 382.80475, 90.796654, 382.19324, 129.37872, 381.43051, 168.05287, 380.77505, 207.06415, 363.04883, 109.82441, 362.34103, 148.35771, 361.68658, 187.06664, 360.9404, 226.42123, 344.15274, 90.304199, 343.37167, 128.91216, 342.66721, 167.37221, 341.82709, 206.39517, 324.5603, 109.34624, 323.65472, 147.80847, 322.77863, 186.51195, 322.0007, 225.69919, 305.72775, 89.734451, 304.8364, 128.33519, 303.9523, 166.74509, 303.02365, 205.54604, 286.08185, 108.84574, 285.09088, 147.22006, 284.16028, 185.7124, 283.07281, 224.91655, 267.42441, 89.33802, 266.48639, 127.8108, 265.48486, 166.11508, 264.38531, 204.84546, 247.86407, 108.33518, 246.97226, 146.63557, 245.79413, 185.06152, 244.55383, 224.12549, 229.28993, 88.799385, 228.47229, 127.25082, 227.35614, 165.45667, 226.03487, 204.17116;
  397.97678, 95.454834, 397.56387, 131.56073, 397.05991, 167.86664, 396.785, 204.4751, 379.41455, 113.43835, 379.01379, 149.58574, 378.61966, 185.93462, 378.14609, 222.81364, 361.70547, 95.27887, 361.15839, 131.37173, 360.68347, 167.46901, 360.22891, 203.9913, 343.36301, 113.27876, 342.91516, 149.30415, 342.32312, 185.44656, 341.73569, 222.30928, 325.73346, 95.046082, 325.11383, 131.14297, 324.46875, 167.2083, 323.94186, 203.5565, 307.48557, 113.05732, 306.87781, 148.90669, 306.27896, 184.9761, 305.53506, 221.69199, 289.99939, 94.946007, 289.28677, 130.88826, 288.60184, 166.78825, 287.86145, 203.03355, 271.77878, 112.81706, 271.06299, 148.64029, 270.2883, 184.69182, 269.3847, 221.18294, 254.41165, 94.740128, 253.68185, 130.70622, 252.87003, 166.38913, 251.99944, 202.51344, 236.39787, 112.60339, 235.7346, 148.38374, 234.6348, 184.18924, 233.73503, 220.58958, 219.13164, 94.542381, 218.37036, 130.27753, 217.52434, 165.98445, 216.40094, 202.07002;
  382.58282, 102.16742, 382.83914, 135.6669, 383.0564, 169.33589, 383.28702, 203.4725, 365.72092, 119.04879, 365.90268, 152.54982, 366.18518, 186.42973, 366.3623, 220.79259, 348.81436, 102.41555, 349.02054, 135.8486, 349.08444, 169.48686, 349.30374, 203.44844, 332.27902, 119.30383, 332.27927, 152.72983, 332.33887, 186.45441, 332.29907, 220.70799, 315.45224, 102.6301, 315.44788, 136.08838, 315.4212, 169.64282, 315.42316, 203.57658, 298.64612, 119.49979, 298.59946, 152.86682, 298.52325, 186.60265, 298.35864, 220.77394, 281.94708, 102.78152, 281.8812, 136.21938, 281.78848, 169.73618, 281.50681, 203.62424, 265.15927, 119.55341, 265.03021, 153.01866, 264.6904, 186.70247, 264.39771, 220.8157, 248.72475, 102.99258, 248.37759, 136.37228, 248.16675, 169.7735, 247.78351, 203.59685, 231.97049, 119.67931, 231.703, 153.20033, 231.29663, 186.72784, 230.86795, 220.84497, 215.40372, 103.21193, 215.20149, 136.49094, 214.84448, 169.83524, 214.17984, 203.72859;
  360.42279, 101.08922, 362.44879, 132.78194, 364.38153, 165.07021, 366.46686, 197.79141, 345.35443, 117.64458, 347.35529, 149.63303, 349.10144, 182.24866, 351.3616, 215.44295, 328.41333, 102.31236, 330.23914, 134.43863, 331.91666, 166.84251, 333.84912, 199.76932, 313.10675, 118.92477, 314.87372, 151.40605, 316.57468, 184.12598, 318.43658, 217.53839, 296.02515, 103.52118, 297.51154, 135.86195, 299.16974, 168.60051, 300.90714, 201.76033, 280.52707, 120.32492, 281.90198, 152.94272, 283.37939, 185.99127, 285.11499, 219.68628, 263.31726, 104.6641, 264.54303, 137.25819, 266.0571, 170.28473, 267.43881, 203.74408, 247.20453, 121.67342, 248.49417, 154.55823, 249.83234, 187.90619, 251.09956, 221.88811, 229.91786, 105.89143, 231.17233, 138.91934, 232.25075, 172.00056, 233.51732, 205.66066, 213.79593, 123.02016, 214.84398, 156.33609, 215.81296, 189.82573, 216.89351, 224.06049, 196.36076, 107.21992, 197.33781, 140.50984, 198.22202, 173.86948, 199.07802, 207.90701;
  320.1413, 104.49786, 326.8194, 134.05292, 333.68884, 164.30598, 340.78757, 195.59457, 308.13644, 121.75579, 314.82874, 151.79417, 321.60339, 182.78407, 328.63712, 214.64394, 289.48193, 109.1659, 295.90521, 139.30086, 302.52298, 169.97859, 309.36185, 201.64102, 277.03543, 126.67272, 283.39587, 157.25488, 289.96164, 188.72618, 296.72784, 221.28464, 258.16699, 113.84688, 264.21844, 144.59299, 270.47983, 175.87061, 277.00488, 208.04234, 244.96376, 131.8237, 250.96957, 163.02831, 257.19467, 195.02405, 263.6084, 228.01631, 225.73543, 118.77464, 231.39252, 150.15779, 237.46381, 181.86459, 243.63594, 214.57266, 211.80215, 137.06297, 217.58916, 168.85535, 223.47156, 201.38901, 229.59447, 235.08365, 192.35663, 123.90143, 197.77394, 155.8215, 203.40518, 188.1563, 209.1196, 221.5034, 177.90283, 142.49425, 183.23114, 174.93571, 188.78018, 208.04065, 194.39583, 242.40575, 157.97977, 129.16783, 163.12799, 161.62247, 168.37999, 194.58868, 173.71217, 228.52968;
  282.22208, 112.58567, 290.40912, 140.67258, 298.72351, 169.44864, 307.02954, 199.29761, 271.42776, 129.59196, 279.64703, 158.35249, 287.84509, 187.9465, 296.43051, 218.62958, 252.60928, 118.09769, 260.41968, 146.98521, 268.52829, 176.50864, 276.64545, 206.96788, 241.15048, 135.60214, 249.10506, 165.01146, 257.03714, 195.27545, 265.34372, 226.7054, 221.78885, 124.05016, 229.35364, 153.60664, 237.16734, 183.71136, 245.10927, 214.82169, 209.59781, 141.96724, 217.19701, 172.16205, 224.78958, 203.02548, 232.89166, 235.24406, 189.68376, 130.088, 196.97403, 160.33983, 204.48405, 191.26035, 212.25044, 223.15094, 176.72801, 148.59201, 184.00011, 179.52013, 191.3166, 211.24406, 199.01317, 244.13832, 156.44655, 136.48625, 163.21411, 167.59659, 170.54224, 199.2222, 177.71025, 231.8846, 142.54897, 155.38675, 149.38669, 187.20358, 156.59808, 219.56718, 163.82771, 253.36728, 121.62254, 143.03505, 128.32787, 174.99829, 135.05719, 207.46991, 142.01767, 240.88687;
  243.8398, 110.00613, 252.93204, 138.96941, 262.02667, 168.28329, 270.93866, 198.2003, 233.13301, 128.30469, 242.2404, 157.71712, 251.30594, 187.61566, 260.54626, 218.04355, 213.40244, 117.41901, 222.24854, 147.00746, 231.32761, 176.90044, 240.46741, 207.38751, 202.17517, 136.12057, 211.18187, 166.11006, 220.18938, 196.62474, 229.34261, 227.69312, 181.80562, 125.03859, 190.62196, 155.2683, 199.58774, 185.85509, 208.64644, 216.90369, 169.95891, 144.12369, 178.8177, 174.86757, 187.79247, 205.99077, 196.93611, 237.79146, 148.93958, 132.89699, 157.67346, 163.8632, 166.65625, 194.99046, 175.58864, 226.76385, 136.32526, 152.60831, 145.21167, 183.95581, 154.11322, 215.73616, 163.13716, 248.26221, 114.829, 141.09673, 123.55417, 172.69722, 132.37991, 204.58853, 141.24271, 237.03102, 101.71222, 161.36179, 110.43216, 193.40297, 119.19068, 225.86195, 128.16974, 259.03574, 79.454971, 149.62955, 88.226616, 182.09715, 96.952446, 214.67802, 105.60876, 247.80293;
  230.11247, 96.002464, 238.30423, 126.90969, 246.62566, 157.79369, 254.66589, 188.69395, 218.28691, 115.18741, 226.66202, 146.17026, 234.89856, 177.24796, 243.10962, 208.42395, 198.05232, 103.17738, 206.48146, 134.51575, 214.83517, 165.66801, 223.20808, 197.0257, 186.07738, 122.67586, 194.61166, 154.0264, 202.94171, 185.37878, 211.19341, 216.88531, 165.33467, 110.47408, 174.01843, 142.33047, 182.48221, 173.84488, 190.84146, 205.42772, 153.05583, 130.30817, 161.63129, 162.0757, 170.16252, 193.6662, 178.647, 225.68744, 131.89333, 118.14476, 140.74417, 150.22565, 149.18156, 182.10507, 157.75731, 214.0824, 119.20756, 138.1554, 127.92361, 170.26804, 136.47623, 202.37538, 145.09496, 234.55869, 97.43985, 125.77033, 106.46514, 158.28333, 115.16052, 190.47914, 123.75062, 222.85002, 84.759987, 146.07884, 93.647163, 178.69235, 102.24895, 211.03276, 110.96487, 243.59178, 62.497837, 133.79317, 71.774139, 166.4881, 80.572906, 199.20668, 89.142357, 231.71063;
  256.46698, 85.569099, 260.47629, 119.49775, 264.4249, 152.37366, 268.22934, 184.41621, 241.66843, 104.19733, 245.95938, 137.65207, 249.93445, 169.88834, 254.03986, 201.67261, 222.47363, 88.73465, 227.17917, 122.3843, 231.46439, 155.2339, 235.72299, 187.39874, 208.15767, 107.20345, 212.76038, 140.41974, 217.26877, 172.75272, 221.58461, 204.69972, 188.70564, 91.594551, 193.78027, 125.41094, 198.55441, 158.15579, 203.09616, 190.30299, 174.37206, 110.1544, 179.57683, 143.36406, 184.3658, 175.62386, 189.26158, 207.62181, 154.58247, 94.734535, 160.18675, 128.37762, 165.43619, 161.06798, 170.46774, 193.15654, 140.47858, 113.15332, 146.07388, 146.3145, 151.44229, 178.67113, 156.63977, 210.54103, 120.4407, 97.69117, 126.69755, 131.32449, 132.30838, 164.05695, 137.69374, 196.08672, 106.76143, 116.0956, 112.8732, 149.23897, 118.59551, 181.69012, 124.16634, 213.29999, 86.481377, 100.73701, 93.251816, 134.2654, 99.197945, 166.93246, 104.98655, 198.80327;
  291.34949, 83.013016, 292.1561, 118.41757, 293.24649, 151.99776, 294.2522, 184.3486, 274.95468, 100.38239, 276.24545, 134.61411, 277.50925, 167.36823, 278.82565, 199.08441, 257.49658, 82.227608, 259.2438, 117.02876, 260.87827, 150.26865, 262.44016, 182.31421, 242.01822, 99.275795, 244.04518, 133.11209, 245.79253, 165.43471, 247.71585, 196.84337, 224.52531, 81.418884, 227.02608, 115.69918, 229.25868, 148.50966, 231.49327, 180.2903, 209.89816, 98.308067, 212.54976, 131.52142, 215.04892, 163.4747, 217.27867, 194.54439, 192.44536, 80.610817, 195.60716, 114.46863, 198.53705, 146.81998, 201.09845, 178.15422, 178.41559, 97.323936, 181.76836, 130.13727, 184.81969, 161.72487, 187.66013, 192.40111, 161.23763, 79.855011, 165.10413, 113.31741, 168.33405, 145.1953, 171.58986, 176.1339, 148.04832, 96.231323, 151.75926, 128.70634, 155.32657, 159.92297, 158.90892, 190.12798, 130.9017, 79.090408, 135.19943, 111.99818, 139.05807, 143.62851, 142.81422, 174.23485;
  337.76923, 94.781548, 332.65414, 130.20839, 327.6701, 164.25308, 322.9314, 197.61214, 319.28394, 109.27473, 314.43848, 143.81831, 309.90359, 176.92393, 305.43344, 209.37424, 305.90076, 88.608307, 301.55914, 123.31605, 297.21237, 156.5731, 292.88623, 189.02303, 288.57361, 102.91929, 284.59317, 136.48653, 280.59155, 168.99606, 276.39154, 200.83521, 275.51993, 82.791031, 271.97318, 116.6479, 268.28589, 149.30836, 264.47858, 181.05435, 259.26511, 96.848083, 255.92978, 129.76123, 252.49754, 161.57095, 248.80511, 192.64314, 246.57811, 77.223854, 243.64236, 110.36938, 240.57849, 142.26315, 237.34554, 173.32971, 231.2784, 91.232727, 228.5331, 123.30719, 225.68498, 154.35027, 222.50694, 184.78871, 219.08093, 71.921432, 216.75209, 104.41517, 214.03717, 135.57483, 211.32677, 166.01376, 204.88811, 85.600769, 202.51546, 117.06004, 200.16003, 147.64977, 197.64186, 177.34651, 193.11293, 67.046158, 191.1042, 98.789322, 188.98538, 129.27107, 186.64034, 159.09966;
  386.5809, 125.5179, 374.45929, 156.86328, 362.43237, 188.68425, 350.20825, 221.00253, 365.52435, 136.88763, 353.62018, 167.88007, 341.42365, 199.29434, 329.07565, 231.52899, 356.96817, 117.49882, 345.1828, 147.84789, 333.15283, 178.66275, 321.03253, 209.87416, 337.00153, 128.5002, 325.21127, 158.62692, 313.28851, 188.99207, 300.84659, 220.22142, 329.10141, 109.70447, 317.41199, 139.26221, 305.58948, 169.1403, 293.41284, 199.40402, 309.83124, 120.64413, 298.2944, 149.78815, 286.44574, 179.32695, 274.23053, 209.43542, 302.54172, 102.42343, 291.14755, 131.23166, 279.48978, 160.02666, 267.66312, 189.42409, 284.27054, 113.13906, 272.80902, 141.54709, 261.16257, 170.11635, 249.04289, 199.33975, 277.7056, 95.580437, 266.42551, 123.62258, 254.9064, 151.59311, 243.12758, 180.05878, 260.25916, 106.21867, 248.82704, 133.63048, 237.27419, 161.48866, 225.4819, 189.9205, 254.13206, 89.242996, 243.00757, 116.35157, 231.6692, 143.64145, 220.08559, 171.3002;
  416.60275, 155.38068, 403.75204, 181.36259, 390.57947, 208.56885, 376.92526, 237.20267, 396.00272, 164.07784, 382.9642, 189.9955, 369.50565, 217.36378, 355.33945, 246.15335, 388.68851, 147.57375, 375.85709, 172.55716, 362.52689, 198.76038, 348.5928, 226.09485, 369.0618, 155.90495, 355.92233, 181.06909, 342.17554, 207.21854, 327.85483, 234.76524, 362.67078, 139.97546, 349.58041, 164.26228, 336.07642, 189.46463, 322.00977, 215.71785, 343.52664, 148.20583, 330.27438, 172.55859, 316.47778, 197.73186, 302.09952, 224.19409, 337.81244, 132.87286, 324.72388, 156.38159, 311.15829, 180.6002, 297.02936, 205.99608, 319.29889, 140.95871, 305.95728, 164.34006, 292.08536, 188.72665, 277.65497, 214.30963, 314.21021, 126.13545, 301.10571, 148.91037, 287.45963, 172.33365, 273.38483, 196.86191, 296.59799, 134.08881, 283.04898, 156.87178, 269.24796, 180.35179, 254.63737, 205.03166, 292.14764, 120.0705, 278.94025, 141.87602, 265.28537, 164.68367, 251.07916, 188.3598;
  442.85849, 163.40599, 429.33286, 192.5452, 416.14835, 221.57445, 403.22351, 250.46211, 421.53372, 171.821, 408.35965, 200.41464, 395.55164, 229.00227, 382.69327, 257.63251, 413.99493, 151.36443, 400.98737, 179.86954, 388.22858, 208.04192, 375.39328, 236.29646, 393.73834, 159.50237, 381.0423, 187.63269, 368.50406, 215.39207, 355.84845, 243.51254, 386.61115, 139.65717, 374.03986, 167.43364, 361.55038, 195.19713, 349.09207, 222.85468, 367.13873, 147.89262, 354.82242, 175.44582, 342.52319, 202.65872, 330.26913, 230.06483, 360.46484, 128.67177, 348.23001, 155.86975, 336.11017, 182.96109, 324.06827, 209.86694, 341.63409, 136.92892, 329.76761, 163.7052, 317.87732, 190.34677, 305.90781, 216.94077, 335.49969, 118.22211, 323.63953, 144.83911, 311.8429, 171.19118, 300.0466, 197.51625, 317.733, 126.36196, 305.88214, 152.43889, 294.33984, 178.57356, 282.87433, 204.71535, 311.89337, 108.20174, 300.29092, 134.20781, 288.68896, 160.03008, 277.35876, 185.89229;
  466.9967, 177.82495, 453.31128, 207.28035, 440.51105, 235.45372, 428.22458, 262.14398, 444.23969, 186.39232, 431.4136, 215.13492, 419.23862, 242.46837, 407.34763, 268.85434, 435.00787, 165.07164, 422.37082, 194.45102, 410.11246, 222.49802, 398.5361, 249.53729, 413.1698, 173.6931, 401.0668, 202.37909, 389.61517, 229.96802, 378.44, 256.5365, 403.7532, 152.58316, 392.00662, 181.90645, 380.51245, 210.04706, 369.42123, 237.05167, 382.70163, 161.18213, 371.39978, 189.87952, 360.44852, 217.40446, 349.95166, 244.06534, 373.28238, 140.15382, 362.04114, 169.60672, 351.3028, 197.68228, 340.93176, 224.62106, 352.67126, 149.01595, 341.99017, 177.66643, 331.81876, 205.19632, 321.97424, 231.83011, 343.26508, 127.94137, 332.69836, 157.38028, 322.65131, 185.5242, 312.96515, 212.55919, 323.38043, 136.88524, 313.32681, 165.55304, 303.84381, 193.10153, 294.5835, 219.75613, 313.95758, 116.13809, 304.04544, 145.44528, 294.59503, 173.53862, 285.57071, 200.62451;
  496.7597, 203.53978, 483.6442, 232.94041, 471.30365, 260.94452, 459.30252, 287.58881, 474.00516, 213.3499, 461.84882, 242.28149, 449.8511, 269.67072, 438.52005, 295.96075, 464.51044, 193.46829, 452.10922, 222.89075, 440.45349, 251.17729, 429.01114, 278.34366, 442.41138, 203.47523, 430.68393, 232.54059, 419.44418, 260.10355, 408.67426, 286.96783, 432.55536, 183.38034, 420.73407, 213.13495, 409.49475, 241.632, 398.83731, 269.04099, 410.51752, 193.53448, 399.45673, 222.65099, 388.90634, 250.61501, 378.53955, 277.66772, 400.13428, 173.36653, 389.13412, 203.47572, 378.58072, 232.11819, 368.59567, 259.64752, 378.46103, 183.57262, 367.97739, 212.91493, 358.1926, 241.11107, 348.56882, 268.45047, 367.86011, 163.00893, 357.38406, 193.36708, 347.52103, 222.30544, 338.20303, 250.17838, 346.59927, 173.25508, 336.87643, 203.09427, 327.50067, 231.56615, 318.58386, 259.0314, 335.4816, 152.5961, 325.8045, 183.33739, 316.55115, 212.49936, 307.70761, 240.60699;
  502.8457, 205.26517, 495.78464, 236.26575, 488.92487, 266.25198, 481.98117, 295.57486, 483.81473, 218.79294, 477.09097, 249.44304, 470.45435, 279.15482, 463.86639, 308.44479, 471.80359, 201.04366, 465.03784, 232.36613, 458.36938, 262.57095, 452.04227, 292.38788, 452.88885, 214.72092, 446.44904, 245.7058, 440.01788, 275.81409, 433.95303, 305.47693, 440.54025, 197.08321, 433.87714, 228.41982, 427.68347, 258.94495, 421.57266, 289.05737, 421.44827, 210.8615, 415.23831, 241.86201, 409.14722, 272.25461, 403.39145, 302.34091, 408.62732, 192.71169, 402.41058, 224.38342, 396.59161, 255.31905, 390.87198, 285.70197, 389.50485, 206.5533, 383.45837, 238.10088, 377.80182, 268.67834, 372.34552, 298.95639, 376.26578, 188.38953, 370.34811, 220.41135, 364.83997, 251.57195, 359.43179, 282.08249, 357.08344, 202.32805, 351.48114, 234.10637, 346.22296, 265.13626, 340.99506, 295.62747, 343.38812, 183.75212, 337.94498, 216.25716, 332.759, 247.66429, 327.74966, 278.66571;
  481.35806, 185.93735, 482.67676, 215.85155, 483.75891, 245.89665, 484.79721, 276.27832, 468.39767, 200.84854, 469.61389, 231.03186, 470.60107, 261.50812, 471.69977, 292.49316, 454.28873, 185.75429, 455.29547, 215.91187, 456.37918, 246.46683, 457.31339, 277.48328, 440.94888, 200.88219, 441.71677, 231.54326, 442.85474, 262.42432, 444.07489, 294.01147, 426.59171, 185.47258, 427.25977, 216.15092, 428.26431, 247.17876, 429.2941, 278.71359, 412.66006, 200.80962, 413.32922, 232.03745, 414.30658, 263.39713, 415.32056, 295.47104, 398.0686, 185.24626, 398.58795, 216.41801, 399.2243, 247.90727, 400.1525, 279.8674, 383.58139, 200.95705, 384.02298, 232.45589, 384.84601, 264.36896, 385.61328, 296.91248, 368.44617, 185.00226, 368.83203, 216.71539, 369.37332, 248.56325, 370.08081, 281.16589, 353.57294, 200.81284, 353.90753, 232.92131, 354.53592, 265.35703, 355.07013, 298.44867, 337.95975, 184.79153, 338.40866, 217.01103, 338.73141, 249.44156, 339.20712, 282.46906;
  503.49661, 176.54408, 509.32864, 203.27644, 515.1626, 231.26402, 521.13715, 260.65118, 492.67914, 190.22038, 498.25113, 217.73907, 503.76862, 246.39484, 509.62152, 276.60202, 476.3587, 177.15247, 481.45102, 204.3042, 486.98547, 232.48686, 492.36627, 261.98322, 465.16666, 191.08237, 470.06195, 218.77832, 475.16696, 247.56531, 480.61609, 277.95465, 448.9155, 177.944, 453.50775, 205.27113, 458.33417, 233.48958, 463.24509, 263.23364, 437.32028, 191.90375, 441.73215, 219.76065, 446.06219, 248.66089, 450.95544, 279.30011, 421.32666, 178.73267, 425.31607, 206.22539, 429.45883, 234.69246, 433.74817, 264.49026, 409.29935, 192.8362, 412.98636, 220.82993, 416.82803, 250.03545, 420.84161, 280.74295, 393.34036, 179.43193, 396.73834, 207.19385, 400.20068, 235.78488, 403.82181, 265.90536, 380.76758, 193.64299, 383.95096, 221.94624, 387.21606, 251.29869, 390.60617, 282.28284, 364.93027, 180.38037, 367.85754, 208.18336, 370.76108, 236.99777, 373.83499, 267.246;
  538.06982, 178.89503, 541.46008, 204.46254, 544.90649, 231.62666, 548.33057, 260.83173, 524.57452, 191.41895, 527.55939, 217.59552, 530.44305, 245.52834, 533.59052, 275.30438, 508.3233, 178.75354, 510.88135, 204.18887, 513.44116, 231.00192, 515.98486, 259.54172, 494.92606, 191.09608, 496.96484, 217.10594, 499.14447, 244.62714, 501.32202, 273.93387, 479.41736, 178.59311, 481.04587, 203.79974, 482.72806, 230.27327, 484.34244, 258.4082, 465.70648, 190.87367, 467.02747, 216.52173, 468.29413, 243.66565, 469.53348, 272.5177, 451.0159, 178.3412, 451.84515, 203.30736, 452.68338, 229.49115, 453.48669, 257.34891, 437.25571, 190.53642, 437.65472, 215.95261, 438.15189, 242.72984, 438.47897, 271.29504, 423.15607, 178.15332, 423.27902, 202.92876, 423.25204, 228.80675, 423.33453, 256.25461, 409.42059, 190.27187, 409.06561, 215.40913, 408.67813, 241.88351, 408.18411, 270.13138, 395.98492, 178.22234, 395.4454, 202.55365, 394.6897, 228.14343, 393.86438, 255.25089;
  562.03888, 190.71429, 560.14514, 217.53319, 558.04315, 245.71446, 555.58789, 275.71747, 545.00903, 202.09198, 542.70587, 229.18216, 540.04675, 257.83932, 537.17505, 288.1076, 530.68451, 187.20886, 528.00726, 213.51253, 525.19171, 240.96162, 522.1546, 269.88748, 514.06396, 198.46611, 510.9881, 224.97725, 507.73889, 252.73773, 504.20602, 282.08051, 500.65839, 183.96278, 497.32861, 209.58394, 493.87064, 236.36688, 490.15094, 264.41382, 484.30896, 194.85701, 480.603, 220.6783, 476.67035, 247.72035, 472.50021, 276.19104, 471.69495, 180.6908, 467.88815, 205.69235, 463.77032, 231.76744, 459.51382, 259.15561, 455.68466, 191.38879, 451.44781, 216.67741, 446.93335, 242.92175, 442.2435, 270.69354, 443.93207, 177.73953, 439.57962, 202.08252, 434.9664, 227.47995, 430.0726, 254.14967, 428.33057, 188.2596, 423.60336, 212.7307, 418.54019, 238.4315, 413.20627, 265.57935, 417.36752, 174.90698, 412.66852, 198.57047, 407.53961, 223.43697, 402.14618, 249.42203;
  578.43384, 201.9118, 569.1936, 229.96724, 559.39185, 258.4549, 549.46271, 287.31546, 558.03851, 210.90311, 548.50208, 238.8463, 538.67487, 267.08521, 528.66864, 295.86951, 547.37054, 192.40065, 537.7829, 219.94342, 528.35315, 247.52968, 518.50677, 275.64557, 527.58911, 201.37088, 517.99432, 228.64301, 508.45718, 256.02814, 498.52161, 284.05762, 517.70538, 183.45912, 508.22855, 210.27013, 498.61234, 237.0869, 488.89395, 264.55048, 498.61331, 192.27957, 489.12592, 218.76224, 479.39035, 245.52084, 469.57968, 272.81613, 489.08206, 174.74171, 479.74551, 200.90685, 470.27643, 227.21667, 460.58786, 253.86282, 470.61578, 183.46964, 461.25476, 209.25998, 451.55624, 235.45396, 441.85016, 262.10901, 461.72952, 166.50331, 452.39999, 191.95631, 442.99585, 217.58801, 433.34372, 243.58487, 444.00568, 175.27757, 434.61584, 200.29831, 425.16696, 225.85497, 415.43011, 251.81102, 435.74783, 158.76523, 426.46167, 183.45576, 416.98511, 208.50601, 407.50479, 233.92003;
  558.48596, 202.65199, 547.54114, 229.00992, 536.6308, 254.59308, 525.91882, 279.99777, 538.60529, 210.62593, 527.82361, 236.50026, 517.27576, 261.81256, 506.84277, 286.97278, 529.94128, 192.3941, 519.20325, 218.35176, 508.70694, 243.79381, 498.40698, 269.00491, 510.54648, 200.36018, 500.16025, 225.94493, 490.00394, 251.09775, 479.9227, 276.07629, 502.069, 182.39015, 491.78482, 208.10417, 481.62546, 233.34442, 471.62268, 258.27222, 483.36722, 190.34369, 473.26093, 215.5789, 463.39987, 240.61505, 453.62585, 265.38873, 474.93359, 172.64342, 464.95035, 198.07637, 455.15851, 223.03575, 445.48743, 247.76845, 456.7117, 180.54193, 446.9696, 205.61055, 437.39841, 230.32603, 427.94254, 254.82239, 448.62061, 163.04315, 439.00479, 188.29446, 429.47342, 213.05814, 420.10919, 237.52245, 430.92975, 170.9922, 421.41708, 195.90329, 412.26953, 220.3401, 403.0892, 244.56946, 423.04651, 153.79881, 413.62079, 178.74086, 404.47482, 203.25882, 395.42877, 227.48579;
  538.39886, 192.51215, 533.95422, 217.23946, 529.4364, 242.13885, 524.72888, 267.05301, 523.17676, 202.55724, 518.72327, 227.15639, 514.15131, 251.98598, 509.70038, 277.02194, 512.83679, 187.74838, 508.13528, 212.27164, 503.66809, 236.9536, 499.12839, 261.88583, 497.77109, 197.60344, 493.18768, 222.06631, 488.60968, 246.68269, 484.09976, 271.77518, 487.58252, 182.97966, 482.86053, 207.37947, 478.18307, 231.98329, 473.72015, 256.59378, 472.62723, 192.82031, 467.96783, 217.11702, 463.43134, 241.57681, 458.827, 266.38498, 462.63803, 178.19577, 457.78262, 202.45151, 453.16541, 226.83745, 448.56131, 251.46838, 447.64453, 187.89334, 443.04727, 212.20175, 438.40222, 236.46552, 433.75888, 261.27368, 437.78442, 173.45061, 433.1207, 197.74153, 428.45743, 221.93205, 423.80237, 246.30501, 423.16824, 183.23195, 418.5267, 207.38419, 413.92371, 231.44124, 409.16693, 256.00064, 413.38324, 169.00237, 408.77548, 193.02773, 404.02057, 216.95226, 399.38321, 241.17023;
  511.33728, 165.87006, 510.25961, 188.38103, 508.98563, 211.03825, 507.56836, 234.40106, 498.78241, 175.96684, 497.53705, 198.22647, 496.16226, 221.27179, 494.58447, 244.85255, 487.6311, 163.61902, 486.28909, 185.799, 484.80426, 208.39861, 483.36172, 231.57164, 475.22519, 173.5321, 473.72156, 195.81064, 472.14352, 218.61813, 470.58948, 241.99719, 464.28781, 161.12059, 462.64334, 183.32169, 461.07422, 205.90831, 459.32443, 228.94661, 451.90942, 170.84544, 450.09695, 193.26686, 448.40958, 216.0121, 446.57437, 239.17354, 441.24673, 158.93102, 439.41489, 181.02306, 437.53137, 203.36046, 435.57379, 226.22897, 428.7533, 168.84138, 426.74078, 190.78996, 424.72083, 213.35921, 422.75781, 236.4567, 418.31598, 156.6947, 416.24582, 178.60995, 414.19601, 200.62585, 412.0675, 223.40771, 406.03604, 166.29201, 403.76489, 188.38313, 401.63583, 210.7189, 399.3996, 233.59804, 395.69604, 154.34247, 393.45801, 176.09903, 391.26437, 198.21533, 389.0285, 220.86812;
  507.72223, 123.66567, 503.18271, 149.37878, 498.62863, 174.34978, 494.15372, 198.69952, 492.17004, 135.16838, 487.67487, 160.41879, 483.26923, 184.96587, 479.04318, 209.14026, 481.09558, 120.86244, 476.60156, 146.38689, 472.46991, 171.13632, 468.36847, 195.40591, 465.61093, 132.35608, 461.62131, 157.35522, 457.51956, 181.83159, 453.71448, 205.8606, 454.70834, 118.05637, 450.69217, 143.46669, 446.77631, 168.02625, 442.92865, 192.25774, 439.55051, 129.56358, 435.88129, 154.28568, 432.16379, 178.6575, 428.56439, 202.61559, 428.60217, 115.43392, 424.97269, 140.44522, 421.51361, 164.95633, 417.77899, 189.08534, 414.0322, 126.60452, 410.32135, 151.44223, 406.99448, 175.58948, 403.68369, 199.38123, 402.98114, 112.56953, 399.55145, 137.6015, 396.30612, 161.99593, 393.05325, 185.90996, 388.64676, 123.8184, 385.40454, 148.39188, 382.34558, 172.47826, 379.246, 196.13097, 377.68927, 109.89983, 374.46948, 134.80984, 371.63303, 158.98412, 368.68262, 182.71182;
  485.49741, 117.07646, 479.08289, 144.85269, 472.99597, 171.05127, 466.9183, 196.02235, 467.4892, 129.89397, 461.50781, 157.01974, 455.87103, 182.31836, 450.24054, 206.96573, 455.61469, 114.57316, 449.82422, 142.39452, 444.43115, 168.6062, 439.15552, 193.69821, 437.90268, 127.48949, 432.74545, 154.40723, 427.7352, 180.11116, 423.01883, 204.74323, 425.77017, 112.17788, 420.68549, 139.86916, 415.94037, 166.23819, 411.52213, 191.50482, 408.45999, 125.02605, 403.87073, 152.04042, 399.62717, 177.73991, 395.64612, 202.43504, 395.944, 109.63691, 391.66241, 137.50296, 387.54788, 163.88184, 383.73865, 188.9989, 379.00888, 122.4549, 375.29724, 149.54161, 371.53564, 175.28645, 368.12961, 199.99037, 366.03247, 107.01575, 362.52103, 134.85236, 359.23108, 161.41428, 356.01178, 186.58133, 349.65729, 119.72512, 346.56271, 146.86617, 343.71646, 172.82907, 340.87485, 197.69014, 336.40546, 104.27254, 333.68027, 132.25591, 331.07901, 158.74681, 328.42953, 184.11623;
  445.85498, 104.45658, 440.68338, 135.84401, 435.67236, 165.38542, 430.81635, 193.13194, 427.47165, 120.41436, 422.79465, 151.12285, 418.14771, 179.88351, 413.86569, 207.23636, 413.92899, 104.64334, 409.54471, 136.25671, 405.32962, 165.92842, 401.27161, 194.30055, 395.63977, 120.78649, 391.62778, 151.43849, 388.02316, 180.83342, 384.41275, 208.60936, 381.39404, 104.65888, 377.69547, 136.52649, 374.22076, 166.62926, 371.05807, 195.36496, 363.1734, 120.9462, 359.96606, 152.17914, 357.11853, 181.58101, 354.28067, 209.71049, 347.8761, 104.74436, 345.11856, 136.98035, 342.6105, 167.40858, 340.06949, 196.30931, 329.69983, 121.15235, 327.27939, 152.74376, 325.3674, 182.4986, 323.42514, 210.7854, 313.73215, 104.62371, 311.80804, 137.36452, 310.05432, 168.18304, 308.57779, 197.29109, 295.48099, 121.05415, 294.23965, 153.21274, 292.99829, 183.37256, 291.93768, 211.98605, 278.64856, 104.43249, 277.63138, 137.54553, 276.94147, 168.76639, 276.24179, 198.40781;
  396.49527, 90.669144, 397.8056, 124.55444, 399.03452, 157.09489, 400.01697, 188.49989, 381.05322, 109.96662, 382.65222, 143.40034, 384.15274, 175.60703, 385.5499, 206.61127, 363.91336, 94.834412, 365.72589, 129.24036, 367.64172, 162.24867, 369.4317, 193.9404, 348.28702, 114.49483, 350.65744, 148.40097, 352.75525, 180.96298, 355.00464, 212.48012, 330.41852, 99.195351, 332.82224, 134.00253, 335.31796, 167.41739, 337.84982, 199.72714, 314.595, 119.1427, 317.33514, 153.4958, 320.28476, 186.5174, 323.08862, 218.46445, 295.53174, 103.61346, 298.86966, 138.93068, 302.0029, 172.77281, 305.21918, 205.46945, 279.37988, 123.93249, 283.12802, 158.6898, 286.60724, 192.25879, 289.99597, 224.54189, 259.43051, 108.10968, 263.5351, 143.9926, 267.48419, 178.44519, 271.28455, 211.58237, 243.30005, 128.76651, 247.73235, 164.01981, 252.02815, 198.07465, 256.27567, 230.79367, 222.25778, 112.66835, 227.07079, 149.13541, 231.99689, 184.19904, 236.67442, 217.67537;
  337.99191, 82.532158, 345.18658, 115.25637, 352.23895, 147.80624, 359.21689, 180.45261, 326.01102, 101.97487, 333.18884, 134.81078, 340.24991, 167.71654, 347.45999, 200.73068, 306.43103, 88.083389, 313.67819, 121.48592, 320.9689, 154.74977, 328.21573, 187.96965, 293.82965, 107.88276, 301.26761, 141.46661, 308.53522, 174.99828, 315.95486, 208.80745, 273.65216, 93.771317, 281.03705, 127.99081, 288.46948, 161.82455, 295.87048, 195.88045, 260.35709, 114.10072, 267.93958, 148.44427, 275.45557, 182.63956, 283.01135, 217.12051, 239.28052, 99.729866, 246.94113, 134.61119, 254.5332, 169.37477, 262.1752, 204.05457, 225.35724, 120.57457, 232.93159, 155.74033, 240.78166, 190.71158, 248.59592, 225.95367, 203.40881, 106.09023, 211.23402, 141.77168, 219.00449, 177.07721, 226.66151, 212.6243, 188.88678, 127.44347, 196.78156, 163.37582, 204.77348, 199.09576, 212.64809, 234.98755, 165.86366, 112.67511, 174.02335, 149.14867, 182.07465, 185.27185, 190.12622, 221.50966;
  315.3588, 76.169121, 323.53531, 107.19458, 331.79883, 139.12071, 340.30688, 172.24524, 302.9942, 95.065353, 310.92139, 126.64931, 319.03159, 159.35925, 327.5159, 193.32806, 282.47986, 82.715584, 290.21075, 114.17616, 297.98682, 146.48271, 306.11111, 180.04636, 269.57794, 101.85416, 277.12903, 133.86971, 284.82339, 166.85298, 292.76523, 201.12636, 248.90297, 89.336136, 256.28906, 121.32098, 263.70941, 154.17783, 271.12241, 187.87393, 235.40198, 108.77637, 242.56035, 141.21269, 249.7988, 174.60696, 257.3082, 209.39697, 214.58243, 96.19075, 221.49582, 128.4928, 228.52434, 161.59846, 235.69237, 195.90912, 200.48573, 115.76426, 207.26988, 148.7121, 214.16183, 182.56236, 221.00189, 217.74704, 179.62016, 103.22542, 186.16589, 135.85942, 192.71992, 169.39806, 199.29938, 204.12549, 165.1499, 123.12578, 171.39703, 156.38071, 177.75514, 190.72694, 184.25188, 226.26932, 144.1752, 110.25902, 150.26921, 143.47327, 156.18658, 177.3409, 162.40195, 212.5779;
  298.92932, 66.468246, 301.29321, 100.92394, 303.74997, 136.35371, 306.15698, 172.81032, 282.30728, 85.529243, 284.44693, 120.34664, 286.75165, 156.21416, 289.08661, 193.12715, 263.63278, 70.195465, 265.75793, 104.74087, 267.6257, 139.97028, 269.78961, 176.2724, 247.02646, 89.212349, 248.96727, 124.05029, 250.71715, 159.61086, 252.49088, 196.18048, 228.72339, 74.041756, 230.42105, 108.4145, 232.05528, 143.4113, 233.53703, 179.53752, 212.08055, 92.959549, 213.62346, 127.57677, 214.96704, 162.95111, 216.31688, 199.36971, 194.04193, 77.628479, 195.3232, 111.9501, 196.7337, 146.8582, 198.02713, 182.62125, 177.29137, 96.501068, 178.50801, 130.9187, 179.59972, 166.2617, 180.51822, 202.53632, 159.69099, 81.361961, 160.69182, 115.54988, 161.54048, 150.25449, 162.4866, 185.89249, 143.23926, 100.21156, 143.92982, 134.5854, 144.54713, 169.57161, 145.3345, 205.58455, 125.91254, 85.163422, 126.48759, 119.17551, 127.00266, 153.55042, 127.7234, 189.08456;
  261.65887, 87.55365, 261.13132, 128.49826, 260.63754, 167.41313, 260.13647, 204.55975, 241.01118, 107.1981, 241.02675, 147.20366, 240.91951, 185.3064, 240.84421, 221.83801, 220.64261, 85.573837, 221.01108, 126.65636, 221.22929, 165.61884, 221.62196, 202.89545, 200.57552, 105.38335, 201.23201, 145.33208, 202.05533, 183.55702, 202.63235, 220.18178, 179.43523, 83.695755, 180.83763, 124.74911, 181.7972, 163.69417, 183.10306, 201.18854, 159.66145, 103.45995, 161.33813, 143.53502, 162.92107, 181.79532, 164.46967, 218.63716, 138.14906, 81.795799, 140.35289, 122.84437, 142.3799, 161.90471, 144.36993, 199.38776, 118.75246, 101.62858, 121.35242, 141.76254, 123.68752, 180.08325, 126.20081, 216.77116, 97.013405, 79.876823, 99.963158, 120.93813, 102.86404, 160.07648, 105.63856, 197.51088, 78.225304, 99.742432, 81.57267, 139.81725, 84.8284, 178.07761, 88.176041, 214.86194, 56.165127, 77.930397, 59.907192, 119.16207, 63.647892, 158.29178, 67.305717, 195.76352;
  258.78018, 109.62296, 258.79706, 148.82155, 258.83936, 185.30435, 258.84903, 219.77818, 238.13055, 129.64603, 238.80673, 167.83813, 239.49164, 203.62192, 239.97787, 237.57034, 216.6879, 109.7075, 217.84361, 149.35786, 219.05185, 186.67123, 220.34674, 221.89783, 195.97372, 130.16287, 197.96095, 168.82271, 199.70203, 205.38707, 201.46535, 240.18605, 172.88353, 109.82067, 175.56001, 150.19023, 178.14946, 188.08356, 180.48906, 223.9456, 152.10085, 130.62961, 155.4368, 170.00566, 158.42482, 207.10101, 161.47133, 242.50606, 127.40267, 109.82336, 131.63411, 151.06877, 135.5183, 189.62886, 139.24622, 225.98863, 106.44448, 130.989, 111.35413, 171.1637, 115.86178, 208.9751, 120.07151, 244.82249, 80.303734, 109.76529, 85.976967, 151.92165, 91.440536, 191.2159, 96.536552, 228.02957, 59.62833, 131.3289, 65.881874, 172.43646, 71.892708, 210.87939, 77.714439, 247.03336, 31.985123, 109.61411, 39.175674, 152.59225, 46.201229, 192.54451, 52.708, 230.32423;
  269.98965, 118.8118, 275.23401, 155.3606, 280.34689, 191.0248, 285.38614, 225.99992, 254.63068, 139.79181, 260.10345, 176.41266, 265.56195, 212.09825, 270.84116, 247.4239, 233.60005, 123.58301, 239.27176, 161.10864, 244.96347, 197.63895, 250.56322, 233.75351, 217.71233, 145.11375, 223.70924, 182.77716, 229.64027, 219.52757, 235.45839, 255.79181, 195.30054, 128.58037, 201.52499, 167.23489, 207.74977, 204.72154, 213.92847, 241.9476, 178.57628, 150.89645, 185.12898, 189.51865, 191.56952, 227.18607, 198.05907, 264.54916, 154.64124, 133.93018, 161.67981, 173.64264, 168.45984, 212.23984, 175.16487, 250.2131, 137.1331, 156.98076, 144.32561, 196.65146, 151.34526, 235.39796, 158.45326, 273.83682, 111.70559, 139.56198, 119.35537, 180.6243, 126.90823, 220.05806, 134.14078, 259.01321, 93.523605, 163.49171, 101.25877, 204.25565, 109.18966, 244.12453, 116.87617, 283.33264, 66.431145, 145.56392, 74.823883, 187.60414, 83.051102, 228.44809, 91.11042, 268.48026;
  281.04276, 131.75343, 290.65305, 164.51512, 300.21503, 198.28308, 309.73288, 232.95932, 269.06366, 151.81165, 278.55014, 185.27963, 287.90436, 219.76443, 297.78433, 255.38472, 247.2924, 138.65155, 256.60205, 172.37061, 265.92679, 206.79361, 275.371, 242.18311, 234.43867, 159.20267, 243.70447, 193.64149, 252.96167, 229.0071, 262.55685, 265.47989, 212.16173, 145.86969, 221.06863, 180.49785, 230.30554, 215.70291, 239.53587, 251.95732, 198.30644, 167.00172, 207.30461, 202.34154, 216.18042, 238.54605, 225.53947, 275.94009, 175.3551, 153.29422, 184.00691, 188.75266, 192.84488, 224.89174, 201.72659, 262.25403, 160.46664, 175.08786, 169.09492, 211.36157, 177.81769, 248.52998, 186.72258, 286.89606, 136.77063, 161.25002, 145.22304, 197.55754, 153.72002, 234.66924, 162.34363, 272.91165, 121.04491, 183.74133, 129.29544, 220.76579, 137.7135, 258.85947, 146.36189, 298.29764, 96.717506, 169.55226, 104.6078, 206.86592, 112.89048, 244.84464, 121.28767, 284.05606;
  323.65137, 151.45543, 327.38846, 185.14743, 331.18875, 220.31027, 335.09686, 257.16019, 308.07074, 169.62856, 311.37219, 204.21014, 314.84525, 240.35878, 318.24152, 278.26035, 288.73169, 154.39357, 291.89865, 188.31253, 294.94379, 223.59334, 298.0827, 260.79529, 272.71265, 172.70016, 275.47748, 207.504, 278.06891, 243.61864, 280.70248, 281.76447, 253.71739, 157.26602, 256.05286, 191.44452, 258.50604, 226.93533, 260.62796, 264.15121, 237.04414, 175.72084, 239.01212, 210.69846, 240.84538, 246.97267, 242.77748, 285.2662, 218.22171, 160.08832, 219.90515, 194.57195, 221.47212, 230.25473, 222.94351, 267.5563, 200.83324, 178.81741, 202.23447, 214.00162, 203.34219, 250.30656, 204.42653, 288.84744, 182.21849, 163.1403, 183.24727, 197.76566, 183.99625, 233.63428, 184.89488, 271.11594, 164.68414, 181.91476, 165.21016, 216.99825, 165.5358, 253.87184, 165.88864, 292.4689, 146.31677, 166.29303, 146.61588, 201.00685, 146.67218, 236.98637, 146.71317, 274.56937;
  369.10648, 161.08524, 364.43411, 196.03807, 359.49515, 231.95705, 354.18332, 268.97177, 349.0675, 176.0267, 344.03534, 211.18381, 338.67056, 247.50537, 333.05603, 284.9902, 334.03632, 156.21957, 328.87497, 190.88863, 323.59189, 226.30206, 317.88315, 263.05521, 314.01801, 170.9193, 308.59341, 205.8644, 302.85684, 241.72241, 296.65497, 278.83228, 299.45923, 151.41388, 293.83014, 185.62662, 288.09619, 220.81795, 282.00504, 257.0517, 279.51178, 165.9718, 273.53067, 200.46918, 267.32706, 235.93471, 260.92236, 272.59967, 265.16754, 146.5703, 259.29507, 180.44745, 252.92134, 215.30696, 246.43201, 251.16135, 245.27158, 160.99825, 238.80714, 195.35219, 232.2269, 230.4828, 225.2775, 266.79205, 231.31062, 141.91455, 225.07634, 175.59242, 218.42252, 209.96112, 211.5596, 245.51317, 211.56535, 156.29315, 204.69086, 190.1424, 197.81856, 224.98267, 190.54417, 260.84622, 198.10992, 137.31053, 191.47314, 170.70886, 184.30624, 204.71629, 176.99944, 240.05191;
  408.29114, 181.37505, 398.47284, 217.44366, 388.70218, 253.08115, 378.92572, 288.57312, 385.26068, 194.46326, 375.68216, 230.2057, 365.8302, 265.83182, 356.18677, 301.16141, 372.29828, 171.46611, 362.66959, 207.44659, 352.97845, 242.98126, 343.36618, 278.40244, 349.60818, 184.5721, 340.03821, 220.28391, 330.45584, 255.66414, 320.93777, 291.14029, 336.60858, 161.66002, 327.03586, 197.43999, 317.62231, 232.94203, 308.08591, 268.35709, 314.06342, 174.79997, 304.64191, 210.26466, 295.13867, 245.54932, 285.91965, 281.05405, 301.16464, 151.96353, 291.67694, 187.54855, 282.39334, 222.9971, 273.07678, 258.29306, 278.76297, 164.96034, 269.51166, 200.37332, 260.09863, 235.73871, 250.91557, 270.94031, 265.96661, 142.39485, 256.56781, 177.88358, 247.36084, 213.05495, 238.07916, 248.27885, 243.90181, 155.22305, 234.6395, 190.64366, 225.48927, 225.67493, 216.29251, 260.90012, 231.10956, 132.67374, 221.90007, 168.11693, 212.80249, 203.30385, 203.65433, 238.37683;
  417.15341, 177.7758, 409.53271, 212.60844, 402.01352, 246.34624, 394.64188, 279.18845, 396.25156, 193.15956, 388.88174, 227.86375, 381.52487, 261.36014, 374.63074, 294.15057, 382.79858, 173.0584, 375.47089, 208.52251, 368.26288, 243.01378, 361.30365, 276.53415, 361.56268, 188.53958, 354.40979, 223.99165, 347.60822, 258.29111, 340.93533, 292.13849, 347.29312, 168.05542, 340.15549, 204.36453, 333.32892, 239.46329, 326.89206, 273.82401, 325.43576, 184.0419, 318.73782, 220.06291, 312.23325, 255.19807, 305.97824, 289.49011, 310.49435, 163.09073, 303.64447, 200.01027, 297.22427, 235.89009, 291.06232, 270.84244, 288.00018, 179.18271, 281.71289, 215.9008, 275.57898, 251.72533, 269.60919, 286.89929, 272.01926, 157.51866, 265.69452, 195.38995, 259.65396, 232.10451, 253.86707, 267.84219, 249.28487, 174.05777, 243.29901, 211.66969, 237.61774, 248.24632, 232.18213, 284.03683, 232.14474, 151.84839, 226.38744, 190.4975, 220.82614, 228.02518, 215.60014, 264.76828;
  358.94913, 134.37292, 363.55771, 166.51617, 368.05533, 198.37198, 372.60162, 230.46442, 346.58426, 152.51884, 351.35205, 184.95793, 355.92096, 217.25021, 360.62793, 249.58478, 329.55774, 137.91693, 334.11902, 171.01712, 338.77197, 203.86113, 343.65335, 236.62488, 316.48657, 156.5054, 321.20901, 189.91858, 326.03513, 223.22659, 331.07739, 256.83069, 298.43784, 141.76239, 303.13345, 175.74269, 307.9852, 209.45796, 312.98227, 243.35689, 284.51233, 161.0029, 289.42526, 195.37909, 294.48529, 229.72908, 299.76297, 264.11539, 265.59979, 145.68373, 270.46841, 180.7672, 275.44583, 215.61166, 280.59875, 250.42664, 250.72113, 165.64955, 255.74309, 201.12787, 260.99307, 236.43768, 266.42999, 272.07016, 230.55846, 150.13564, 235.6884, 186.20007, 240.91084, 222.06157, 246.19077, 258.14444, 214.90718, 170.70532, 220.22525, 207.19081, 225.57381, 243.71249, 231.14812, 280.4256, 193.55168, 154.58316, 198.80888, 191.83102, 204.35489, 228.9397, 209.912, 266.0553;
  315.26016, 122.37663, 325.33496, 149.92284, 335.29727, 177.92101, 345.35229, 206.59109, 306.47467, 140.261, 316.37885, 168.26488, 326.27176, 196.94008, 336.52502, 226.04041, 287.5061, 130.26366, 297.36954, 158.64143, 307.34537, 187.10762, 317.3436, 216.11974, 278.10519, 148.63182, 288.05328, 177.37607, 298.02405, 206.33359, 308.16483, 236.1086, 258.71606, 138.47975, 268.49368, 167.36975, 278.44952, 196.48407, 288.49573, 226.31784, 248.8347, 157.29019, 258.64493, 186.58083, 268.59802, 216.20157, 278.68835, 246.44467, 228.83969, 146.99522, 238.64746, 176.50745, 248.3949, 206.1871, 258.58481, 236.55092, 218.26097, 166.33073, 228.1694, 196.29532, 238.05125, 226.50937, 248.20827, 257.58133, 197.75423, 155.90726, 207.61813, 186.06215, 217.43434, 216.31343, 227.49226, 247.3232, 186.66855, 175.69528, 196.6315, 206.22437, 206.43068, 237.19337, 216.54982, 268.81143, 165.65781, 165.15332, 175.36974, 195.91968, 185.20572, 226.8735, 195.23743, 258.53281;
  299.78482, 126.83845, 305.96292, 151.44319, 312.02081, 176.70758, 318.33212, 202.54102, 289.95908, 141.91115, 295.97031, 166.93742, 301.99524, 192.46187, 308.30444, 218.9055, 274.06964, 132.2513, 279.94769, 157.10878, 285.82471, 182.53247, 291.81927, 208.5802, 263.99554, 147.44435, 269.76633, 172.70064, 275.63229, 198.48857, 281.51669, 225.11842, 247.90659, 137.6411, 253.57245, 162.91217, 259.26608, 188.45587, 264.97101, 214.8027, 237.52776, 153.04605, 242.97643, 178.59543, 248.55646, 204.57089, 254.28526, 231.40958, 221.39439, 143.14357, 226.78307, 168.62358, 232.34721, 194.51569, 237.68648, 221.16322, 210.57838, 158.77678, 215.87338, 184.46893, 221.15752, 210.82693, 226.60332, 237.97612, 194.40549, 148.80289, 199.53978, 174.48987, 204.76086, 200.67073, 209.90483, 227.54541, 183.35016, 164.5748, 188.38048, 190.52919, 193.36792, 217.05322, 198.55151, 244.52074, 167.14609, 154.49353, 171.92731, 180.53044, 176.88573, 206.8804, 181.84776, 233.95691;
  287.48926, 128.7292, 288.60757, 151.37956, 289.73993, 174.53876, 290.73987, 198.48418, 276.12729, 140.42719, 276.97519, 163.35519, 278.0127, 187.04062, 278.88544, 211.37531, 263.53217, 129.48026, 264.55966, 152.27617, 265.27811, 175.65642, 266.08002, 199.63554, 252.07268, 141.2737, 252.67577, 164.50677, 253.35008, 188.0955, 253.98999, 212.54077, 239.47749, 130.25006, 240.2196, 153.2744, 240.6908, 176.71941, 241.14381, 200.76933, 227.5451, 142.24077, 228.03296, 165.36346, 228.44627, 189.2458, 228.70979, 213.68179, 215.03, 131.0574, 215.463, 154.10324, 215.69948, 177.78467, 215.90701, 201.94429, 202.86864, 142.9725, 203.00697, 166.37064, 203.07967, 190.30659, 203.02002, 214.98955, 190.38818, 131.82825, 190.43518, 155.06892, 190.37115, 178.84111, 190.18987, 203.14568, 177.8904, 143.82521, 177.69951, 167.35901, 177.45529, 191.39021, 177.16518, 216.27344, 165.45973, 132.72238, 165.27982, 156.02176, 164.82843, 179.88618, 164.40097, 204.39711;
  290.30365, 141.04462, 284.07834, 162.74779, 277.61765, 184.94083, 270.75491, 207.78427, 275.99442, 148.41158, 269.46838, 170.32506, 262.63184, 192.84586, 255.57494, 216.22664, 267.99146, 134.13983, 261.3576, 155.82881, 254.59383, 178.06068, 247.42639, 200.9579, 253.36038, 141.39436, 246.53793, 163.38959, 239.45688, 185.851, 232.00017, 209.13191, 245.37572, 126.94038, 238.37605, 148.77507, 231.3916, 171.01407, 224.05008, 193.87589, 230.32082, 134.30449, 223.33376, 156.30769, 215.92346, 178.80457, 208.01845, 202.11174, 222.28456, 119.76006, 215.19504, 141.66258, 207.7751, 163.8912, 200.02809, 186.69926, 207.00865, 127.00345, 199.49019, 149.12329, 191.87759, 171.72932, 183.65411, 195.08461, 198.90944, 112.49166, 191.45844, 134.35867, 183.80096, 156.74091, 175.60048, 179.69151, 183.49553, 119.7383, 175.60799, 141.95462, 167.65517, 164.50938, 159.09882, 187.92172, 175.30737, 105.29253, 167.49516, 127.19484, 159.50774, 149.50226, 150.95485, 172.51404;
  309.39307, 158.60735, 296.35046, 177.69536, 282.80981, 197.22174, 268.91183, 217.12372, 293.23883, 161.09317, 279.95099, 180.2726, 265.96628, 200.04774, 251.69003, 220.29387, 290.26343, 144.62917, 276.96753, 163.59886, 263.21326, 183.00267, 248.90424, 203.00098, 273.95987, 147.00569, 260.20294, 166.19244, 246.20108, 185.80975, 231.34674, 206.1001, 270.94806, 130.40897, 257.24332, 149.35481, 243.19035, 168.78735, 228.69243, 188.73053, 254.36063, 132.7175, 240.25082, 151.82558, 225.81795, 171.45871, 210.79424, 191.66299, 251.30968, 116.06489, 237.31064, 134.93898, 222.87158, 154.32535, 207.88013, 174.24017, 234.18712, 118.22796, 219.85628, 137.30435, 205.06302, 156.89803, 189.67111, 177.01193, 231.30505, 101.60138, 216.81841, 120.41875, 202.17271, 139.55098, 186.8761, 159.41704, 214.0416, 103.6033, 199.18387, 122.70559, 184.04631, 142.06664, 168.29591, 162.25154, 210.98692, 86.980072, 196.19154, 105.70314, 181.2258, 124.97624, 165.54103, 144.66591;
  320.52338, 191.64604, 301.43161, 205.63843, 281.94571, 219.83414, 261.47366, 234.3166, 304.35141, 188.70657, 284.96616, 202.66161, 264.93405, 217.03844, 244.16801, 231.7614, 307.42871, 171.83568, 288.10727, 185.63631, 268.164, 199.6349, 247.73929, 214.1301, 291.0712, 168.62874, 271.38834, 182.54797, 251.05957, 196.71596, 230.04564, 211.16302, 294.03729, 151.75751, 274.4245, 165.48247, 254.34697, 179.24753, 233.64386, 193.72179, 277.44504, 148.3983, 257.49084, 162.22525, 236.99727, 176.23135, 215.64226, 190.57306, 280.56659, 131.67419, 260.62338, 145.09537, 240.24821, 158.89105, 219.15305, 172.9601, 263.66797, 128.1925, 243.33615, 141.64574, 222.53087, 155.39597, 200.78682, 169.79062, 266.58932, 111.22256, 246.43602, 124.50742, 225.80858, 138.01093, 204.47009, 151.96919, 249.52646, 107.64446, 228.97784, 120.89771, 207.97868, 134.5666, 185.97391, 148.67416, 252.46454, 90.613708, 232.06172, 103.68008, 211.09322, 117.16948, 189.58127, 131.0573;
  315.36731, 216.49448, 292.53952, 222.43272, 269.13998, 228.44632, 244.9785, 234.59703, 301.49149, 207.8965, 278.33377, 213.78239, 254.52397, 219.73413, 229.89444, 225.79262, 310.40915, 193.40839, 287.41919, 199.09798, 263.8938, 204.91096, 239.60365, 210.83868, 296.46854, 184.58508, 273.11948, 190.26785, 249.20613, 196.07063, 224.44965, 201.96069, 305.47958, 170.13283, 282.21628, 175.66205, 258.57516, 181.23128, 234.08994, 186.995, 291.2648, 161.16949, 267.82364, 166.59227, 243.71968, 172.15002, 218.76794, 177.80952, 300.31863, 146.64677, 276.97998, 151.92946, 253.04866, 157.36072, 228.47931, 162.81322, 286.03549, 137.40645, 262.29349, 142.61897, 237.95625, 147.93504, 212.83995, 153.30785, 295.03864, 122.97195, 271.39993, 128.05231, 247.44228, 133.16353, 222.58879, 138.50247, 280.52802, 113.57458, 256.66034, 118.56419, 232.1508, 123.59796, 206.82489, 128.84967, 289.4964, 99.123741, 265.8526, 104.02842, 241.60661, 108.87475, 216.66704, 113.90512;
  308.49091, 231.98788, 284.68274, 230.325, 260.32651, 228.56801, 235.14397, 226.71091, 297.99454, 219.19287, 273.89163, 217.37373, 249.22368, 215.29338, 223.81728, 213.31012, 311.20203, 208.19853, 287.33859, 206.20224, 262.95322, 204.16679, 237.92383, 202.05161, 300.69763, 195.26309, 276.48203, 193.06056, 251.88063, 190.832, 226.48251, 188.62314, 314.0062, 184.23842, 290.02475, 182.01532, 265.63702, 179.75601, 240.52377, 177.30302, 303.40326, 171.05806, 279.34857, 168.68959, 254.41475, 166.17177, 229.02309, 163.68311, 316.6322, 160.20378, 292.70267, 157.74042, 268.29913, 155.09836, 243.16109, 152.53763, 305.98938, 146.76189, 281.77097, 144.05925, 257.03568, 141.36389, 231.54984, 138.48981, 319.21765, 135.88101, 295.29993, 133.30432, 270.75516, 130.41956, 245.64198, 127.48603, 308.45752, 122.40305, 284.30264, 119.47287, 259.41208, 116.54619, 234.02994, 113.36764, 321.60849, 111.69858, 297.67267, 108.75253, 273.23706, 105.66783, 247.97935, 102.4175;
  298.99457, 243.87888, 276.18143, 236.10931, 252.89198, 228.17636, 229.00067, 219.91933, 291.96365, 228.66257, 268.99591, 220.67043, 245.35437, 212.40601, 221.26558, 204.07318, 307.88135, 221.44653, 284.90735, 213.27217, 261.61603, 205.12811, 237.83426, 196.73294, 300.76392, 205.97018, 277.73212, 197.77318, 254.25264, 189.43042, 230.03877, 180.79472, 316.51083, 198.83098, 293.78928, 190.45589, 270.38501, 181.97356, 246.65471, 173.33385, 309.53479, 183.15926, 286.5809, 174.73689, 262.89459, 166.10713, 238.92645, 157.22643, 325.56622, 176.0148, 302.46201, 167.53673, 279.16531, 158.82266, 255.44984, 149.79198, 318.44086, 160.15233, 295.3801, 151.34352, 271.83395, 142.58067, 247.57849, 133.44551, 334.29333, 153.00623, 311.39108, 144.32082, 287.99826, 135.35757, 264.15387, 126.28935, 327.19385, 137.08241, 304.12659, 128.19637, 280.6311, 119.08176, 256.4617, 109.7558, 342.99652, 129.87288, 320.12314, 120.80049, 296.75259, 111.81583, 272.98578, 102.47211;
  292.90265, 258.04303, 272.08862, 246.97806, 250.88559, 235.63777, 229.29243, 223.82494, 288.87338, 242.44095, 268.02969, 231.19228, 246.63042, 219.44199, 224.50444, 207.25287, 305.45981, 238.13203, 284.89044, 226.67514, 263.84793, 215.08305, 242.13658, 202.91138, 301.5813, 222.36458, 280.82312, 210.57541, 259.57675, 198.68161, 237.5204, 186.21771, 318.36142, 218.12306, 297.73978, 206.15561, 276.71176, 194.30858, 255.01872, 182.02512, 314.46869, 201.94971, 293.79462, 189.93806, 272.54987, 177.70229, 250.54602, 164.94884, 331.27399, 197.95529, 310.62772, 185.74867, 289.69254, 173.3568, 268.09494, 160.71654, 327.58075, 181.43575, 306.84122, 169.08403, 285.65671, 156.49176, 263.65781, 143.5042, 344.35034, 177.32722, 323.76862, 165.00716, 302.83206, 152.31174, 281.3248, 139.32416, 340.60443, 160.7914, 319.92935, 148.15964, 298.69208, 135.29088, 276.83597, 121.79387, 357.1105, 156.64899, 336.85333, 143.93652, 315.95737, 131.12433, 294.55765, 117.74191;
  327.65204, 248.63045, 304.06683, 244.68246, 279.66708, 240.45485, 254.57899, 235.96667, 318.46487, 234.5961, 294.53952, 230.22508, 270.05884, 225.76285, 244.60567, 220.98973, 332.86893, 224.86349, 309.28574, 220.24739, 285.16864, 215.73068, 260.38397, 210.76195, 323.92908, 210.50439, 300.0726, 205.73787, 275.61118, 200.74208, 250.33743, 195.64027, 338.29214, 200.93082, 314.85214, 196.08493, 290.79346, 190.88913, 266.01346, 185.72659, 329.43945, 186.46313, 305.82806, 181.23409, 281.31543, 175.85817, 256.06656, 170.24178, 343.88596, 177.11841, 320.57993, 171.73909, 296.69116, 166.30971, 271.73972, 160.55009, 335.13977, 162.33624, 311.4559, 156.78992, 287.2514, 150.86497, 262.05457, 144.7527, 349.52264, 153.12021, 326.30325, 147.38893, 302.39713, 141.39241, 277.85938, 135.37155, 340.81927, 138.25542, 317.47366, 132.3553, 293.20499, 126.03784, 268.11673, 119.52828, 355.23712, 129.34666, 332.20184, 123.28471, 308.40732, 116.90869, 284.0018, 110.34332;
  353.08224, 206.56584, 329.58417, 212.77049, 305.48245, 219.17708, 280.48544, 225.92203, 338.57339, 197.46559, 314.70914, 203.66034, 290.14651, 210.01057, 264.53052, 216.52101, 347.48367, 182.40344, 323.70856, 188.30055, 299.52045, 194.3195, 274.34204, 200.44365, 332.74884, 173.10915, 308.75864, 178.92232, 284.01611, 184.85429, 258.41837, 190.98407, 341.97702, 158.19966, 317.97073, 163.7713, 293.49319, 169.28522, 268.28421, 175.17928, 327.23947, 148.6032, 302.93851, 153.98077, 278.11505, 159.60979, 252.43578, 165.32506, 336.36392, 133.97514, 312.41229, 139.0508, 287.82437, 144.25259, 262.44641, 149.66487, 321.56085, 124.0087, 297.36224, 129.08295, 272.35788, 134.22928, 246.40979, 139.6907, 330.92175, 109.46783, 306.7934, 114.16392, 282.03946, 119.04212, 256.58328, 124.20863, 316.16113, 99.630745, 291.83572, 104.10979, 266.72815, 109.00607, 240.59589, 113.90923, 325.39603, 85.293243, 301.24878, 89.422623, 276.50284, 93.961777, 250.93755, 98.65094;
  356.17502, 180.03041, 337.50421, 195.91949, 318.33698, 212.15997, 298.58737, 228.86099, 339.04889, 178.10091, 319.9209, 194.03951, 300.32928, 210.4529, 280.31909, 227.40158, 340.75558, 160.46156, 321.63257, 176.12608, 302.20465, 192.27553, 282.25079, 208.86572, 323.48795, 158.40111, 304.0015, 174.09053, 284.18335, 190.29416, 263.65439, 207.08084, 325.33911, 140.73837, 305.93362, 156.18713, 286.0993, 172.03421, 265.76508, 188.36476, 307.84064, 138.34782, 288.03143, 153.90047, 267.89093, 169.8481, 246.8511, 186.517, 309.88177, 120.65131, 290.08768, 135.92952, 269.90466, 151.46748, 249.32159, 167.80675, 292.08966, 118.06886, 272.05219, 133.388, 251.3488, 149.15555, 230.17639, 165.53491, 294.32422, 100.4025, 274.26382, 115.35273, 253.67099, 130.9127, 232.61607, 146.79341, 276.39606, 97.755829, 256.00186, 112.82635, 234.99617, 128.37001, 213.46811, 144.49542, 278.85092, 80.044373, 258.3024, 94.83873, 237.5649, 110.06919, 215.99553, 125.86432;
  344.92847, 160.71896, 336.1185, 183.96495, 327.34244, 207.50479, 318.30695, 231.99086, 328.75897, 167.44417, 319.94046, 190.90616, 310.80887, 215.05928, 301.51065, 239.93201, 321.7312, 151.09294, 312.54935, 174.36716, 303.40479, 198.19228, 294.00742, 222.71931, 305.32202, 157.72693, 296.00891, 181.28708, 286.51843, 205.59993, 276.96219, 230.54372, 298.26382, 141.12355, 288.66925, 164.61856, 279.12021, 188.58089, 269.29974, 213.09047, 281.61725, 147.83347, 271.76953, 171.52232, 261.99701, 195.92119, 251.882, 220.95291, 274.66266, 130.97423, 264.62921, 154.67793, 254.60889, 178.63699, 244.41177, 203.39296, 257.34213, 137.62924, 247.2733, 161.53125, 237.00807, 186.00113, 226.38712, 211.14322, 250.34282, 120.76789, 240.1174, 144.33217, 229.63994, 168.56821, 219.0737, 193.48814, 233.00082, 127.33917, 222.41824, 151.22572, 211.74565, 175.80081, 200.70016, 201.35974, 226.09256, 110.25912, 215.36099, 133.95627, 204.51875, 158.36125, 193.42085, 183.48747;
  320.10458, 121.4716, 321.94507, 146.03992, 323.96826, 170.9749, 326.26154, 196.72755, 308.20847, 134.37677, 310.08337, 159.15709, 312.03943, 184.59686, 314.18088, 210.87273, 294.54984, 122.60051, 296.10181, 147.36398, 298.01782, 172.70857, 299.94333, 198.59125, 282.41928, 135.67935, 283.99597, 160.73586, 285.79068, 186.38536, 287.74545, 212.80515, 268.82361, 123.73351, 270.10162, 148.85921, 271.66037, 174.34062, 273.38516, 200.4514, 256.29153, 136.82358, 257.66513, 162.27615, 259.11755, 188.12027, 260.70587, 214.94102, 242.5452, 124.74631, 243.64058, 150.17726, 244.96471, 175.96844, 246.47183, 202.42731, 229.72441, 138.04996, 230.71817, 163.87288, 232.0985, 190.10124, 233.53316, 217.02182, 216.06956, 126.01802, 216.84451, 151.78119, 217.83701, 177.58601, 219.03636, 204.42325, 203.00726, 139.4865, 203.6656, 165.43961, 204.74203, 191.91241, 205.87396, 219.16209, 189.19443, 127.18201, 189.80801, 153.06207, 190.54718, 179.39635, 191.42189, 206.44119;
  288.05771, 112.0262, 299.85977, 133.76373, 312.02374, 155.83705, 324.66205, 178.61621, 282.49948, 128.75996, 294.43604, 150.82387, 306.77936, 173.31042, 319.59076, 196.34966, 265.20047, 123.7961, 276.92026, 145.78174, 288.9642, 168.202, 301.48419, 190.98798, 259.4382, 140.64168, 271.3714, 163.06441, 283.57111, 185.75352, 296.11978, 209.04723, 241.98192, 135.45345, 253.71693, 157.89731, 265.69861, 180.56413, 278.06104, 203.76137, 236.07997, 152.74982, 247.93727, 175.45253, 260.16858, 198.48715, 272.70328, 222.02568, 218.59346, 147.48856, 230.11891, 170.28564, 242.07715, 193.17741, 254.47946, 216.60661, 212.44073, 164.96207, 224.1869, 188.09201, 236.33458, 211.42018, 248.8549, 235.29738, 194.94885, 159.75764, 206.43318, 182.86256, 218.23157, 206.09871, 230.60953, 229.93529, 188.70465, 177.52596, 200.36404, 200.80072, 212.41722, 224.50204, 224.90915, 248.78856, 170.99429, 172.23317, 182.46637, 195.52507, 194.29964, 219.10617, 206.42522, 243.22508;
  258.54294, 120.65666, 278.58051, 136.18832, 298.89978, 151.78984, 319.61865, 167.8141, 260.44855, 138.6244, 280.48312, 154.20467, 300.97833, 170.07698, 321.99014, 186.22293, 242.23662, 141.00146, 262.28345, 156.70108, 282.59384, 172.42584, 303.39706, 188.59564, 244.14932, 159.10568, 264.33109, 174.88161, 284.79306, 190.78255, 305.69052, 207.08275, 225.90392, 161.43044, 246.03905, 177.23936, 266.4328, 193.27847, 287.05865, 209.4897, 227.73785, 179.72763, 248.00238, 195.6534, 268.46228, 211.86258, 289.35959, 228.30664, 209.44685, 182.01941, 229.5826, 198.16658, 250.14316, 214.26801, 270.75812, 230.6563, 211.27682, 200.61603, 231.68642, 216.76505, 252.01778, 232.94313, 273.08502, 249.57915, 192.99551, 202.91568, 213.23096, 219.1814, 233.56128, 235.47646, 254.41415, 251.92618, 194.93719, 221.49081, 215.18604, 237.88148, 235.79369, 254.41512, 256.75992, 270.9696, 176.56502, 223.87083, 196.82939, 240.31068, 217.15147, 256.78629, 238.01324, 273.37933;
  232.91109, 118.51328, 256.04514, 128.64604, 279.62341, 138.95503, 303.23199, 149.57909, 239.15341, 135.35478, 262.34781, 145.60962, 286.01245, 156.06155, 310.03598, 166.71765, 222.03853, 141.9001, 245.21237, 152.28017, 268.67184, 162.66367, 292.43802, 173.29073, 228.07219, 158.87268, 251.58214, 169.27296, 275.13361, 179.91383, 299.12286, 190.64478, 210.95128, 165.45615, 234.33786, 176.00478, 257.78986, 186.58665, 281.62903, 197.14236, 217.15669, 182.64922, 240.56313, 193.18436, 264.18701, 203.99693, 288.31451, 214.70253, 199.9998, 189.166, 223.34209, 199.95915, 246.84035, 210.60649, 270.80551, 221.38736, 206.09743, 206.62624, 229.66579, 217.31174, 253.34895, 228.00687, 277.45755, 238.93976, 188.97694, 213.16585, 212.3795, 223.96118, 235.98192, 234.69676, 259.98761, 245.71773, 195.1497, 230.61734, 218.71501, 241.48946, 242.42085, 252.34872, 266.49722, 263.32199, 177.94102, 237.22964, 201.39307, 248.20352, 225.12115, 258.97302, 249.00208, 270.02344;
  215.59416, 126.30936, 239.99689, 133.61153, 264.75644, 140.91972, 289.79044, 148.29366, 224.04961, 142.47447, 248.54221, 149.81212, 273.42072, 157.08203, 298.55423, 164.51276, 207.83197, 151.16528, 232.457, 158.54521, 257.26141, 165.87775, 282.11194, 173.22643, 216.35316, 167.36461, 241.05452, 174.61208, 265.89844, 181.99956, 291.0354, 189.50867, 200.17528, 176.21745, 224.89932, 183.45638, 249.58934, 190.88492, 274.63184, 198.37837, 208.77879, 192.2993, 233.55273, 199.80174, 258.229, 207.20355, 283.53146, 214.65173, 192.41412, 201.25768, 217.23688, 208.6557, 242.0136, 215.97958, 267.19983, 223.522, 201.03275, 217.47974, 225.93388, 224.98427, 250.87735, 232.56326, 276.08084, 239.91362, 184.7412, 226.36137, 209.69443, 233.91898, 234.59009, 241.42389, 259.75818, 248.8602, 193.43318, 242.65877, 218.33061, 250.13857, 243.49251, 257.74194, 268.68951, 265.31165, 177.36182, 251.65231, 202.19579, 259.06149, 227.04286, 266.64343, 252.34131, 274.19592;
  207.98929, 123.89705, 232.22563, 130.94849, 256.76242, 138.03313, 281.53448, 145.32671, 216.2917, 139.49033, 240.68871, 146.81596, 265.31497, 153.99185, 290.17828, 161.34499, 200.28499, 148.17326, 224.74545, 155.36215, 249.117, 162.57356, 273.92346, 170.10129, 208.65431, 163.99078, 232.99132, 171.24377, 257.61246, 178.7115, 282.52368, 186.12866, 192.42693, 172.56836, 216.85756, 179.90121, 241.42255, 187.34148, 266.12836, 194.93021, 200.69305, 188.47034, 225.13606, 195.92422, 249.74471, 203.54529, 274.71555, 211.19522, 184.44142, 197.06061, 208.92799, 204.6187, 233.41394, 212.2459, 258.24924, 219.90659, 192.47095, 213.17937, 217.07513, 220.75522, 241.81001, 228.54048, 266.64624, 236.51132, 176.23666, 221.73787, 200.69109, 229.39545, 225.29065, 237.1582, 250.09227, 244.9536, 184.33249, 237.88237, 208.84193, 245.66084, 233.53981, 253.5873, 258.52905, 261.71512, 168.033, 246.27217, 192.50095, 254.30884, 216.99841, 262.26132, 241.93677, 270.26898;
  238.50166, 106.08907, 254.61926, 122.23745, 271.18668, 138.95201, 288.37601, 156.24379, 237.40117, 122.67189, 253.56689, 139.24503, 270.24384, 156.34323, 287.47986, 174.26387, 220.11838, 123.02975, 236.14557, 139.44708, 252.37653, 156.39754, 269.25458, 174.15767, 218.76367, 139.5945, 234.85971, 156.59505, 251.22743, 174.03966, 268.11853, 192.09013, 201.50179, 139.77667, 217.27148, 156.65575, 233.4144, 174.00002, 249.9008, 191.90111, 199.8956, 156.74872, 215.72163, 173.88629, 231.77502, 191.67282, 248.42532, 210.27486, 182.46089, 156.69974, 198.0489, 173.97954, 213.95911, 191.67207, 230.29372, 210.02216, 180.65688, 174.03792, 196.17792, 191.62045, 212.13564, 209.75856, 228.60603, 228.59688, 163.2285, 173.94116, 178.62289, 191.40315, 194.24057, 209.44373, 210.31863, 228.12811, 161.21301, 191.36501, 176.54648, 209.34145, 192.19888, 227.8326, 208.35574, 246.99896, 143.96584, 191.40134, 159.10202, 209.05728, 174.38814, 227.40694, 190.00778, 246.48232;
  262.89645, 136.61749, 270.65082, 153.60965, 278.77295, 171.70085, 287.32443, 190.7881, 255.92021, 149.49846, 263.67075, 167.07048, 271.67996, 185.89871, 280.21301, 205.68831, 241.47131, 145.31793, 248.72133, 162.72238, 256.33636, 181.04849, 264.3927, 200.33914, 234.21304, 158.30637, 241.38243, 176.37796, 248.92838, 195.31204, 256.75946, 215.3309, 219.7737, 153.9767, 226.6424, 171.82298, 233.73099, 190.36578, 241.05455, 210.0173, 212.07449, 167.19795, 218.80397, 185.54959, 225.63484, 204.84277, 232.94873, 225.12111, 197.76811, 162.65088, 204.02335, 180.79993, 210.51318, 199.72961, 217.42818, 219.79906, 189.58797, 176.08199, 195.68787, 194.84467, 202.05492, 214.48405, 208.74329, 235.30226, 175.42104, 171.53291, 181.17252, 190.02371, 187.04337, 209.30998, 193.28195, 229.72342, 166.91101, 185.20236, 172.51288, 204.24702, 178.28406, 224.25491, 184.36179, 245.48009, 152.78438, 180.60976, 158.02335, 199.37712, 163.46745, 218.95662, 169.01453, 239.77301;
  254.49303, 159.2348, 257.00616, 174.94978, 259.71869, 191.8779, 262.45239, 210.16879, 244.55406, 168.82443, 246.71411, 185.09129, 249.15884, 202.73669, 251.73718, 221.79593, 232.31752, 162.57594, 234.14417, 178.53349, 236.18692, 195.69064, 238.12138, 214.1658, 221.95444, 172.22319, 223.54465, 188.90637, 225.05252, 206.65347, 226.82063, 225.69664, 209.86073, 165.97781, 211.05865, 182.17534, 212.3149, 199.54755, 213.50786, 217.88976, 198.89735, 175.67018, 199.7791, 192.50758, 200.53778, 210.43152, 201.35376, 229.77026, 187.15466, 169.05124, 187.49414, 185.63779, 187.97551, 203.18762, 188.43231, 221.8963, 175.50143, 178.9296, 175.55817, 196.09465, 175.5107, 214.36214, 175.57555, 233.98962, 163.8499, 172.3851, 163.53813, 189.18991, 163.27815, 206.85025, 162.88467, 226.0329, 151.88913, 182.34821, 151.12311, 199.71585, 150.30083, 218.21359, 149.4594, 238.26425, 140.4778, 175.87552, 139.39896, 192.7997, 138.19467, 210.80322, 136.97818, 230.06114;
  219.21201, 162.50952, 219.89554, 182.9613, 220.68401, 204.83691, 221.30629, 227.81975, 207.18686, 172.72755, 207.53297, 193.97383, 207.80809, 216.41867, 208.34099, 240.26021, 194.52637, 162.47333, 194.65092, 183.27626, 194.70676, 205.28316, 194.85564, 228.57202, 181.86844, 172.73241, 181.64923, 194.28316, 181.43675, 217.07147, 181.16171, 241.12569, 169.30743, 162.27545, 168.82144, 183.43318, 168.179, 205.74593, 167.44647, 229.22122, 155.98042, 172.65331, 155.01154, 194.50105, 154.0226, 217.54248, 153.04707, 242.03601, 143.31601, 161.9409, 142.00652, 183.43517, 140.73116, 206.02803, 139.2997, 230.03325, 129.23035, 172.46729, 127.49026, 194.67889, 125.75745, 218.10956, 123.94268, 243.07756, 116.53824, 161.66898, 114.55482, 183.42604, 112.47237, 206.4408, 110.24003, 230.78264, 101.86894, 172.3356, 99.358765, 194.90044, 96.771507, 218.72623, 94.024429, 244.13751, 89.125908, 161.4193, 86.406418, 183.50763, 83.49398, 206.76669, 80.413124, 231.58638;
  200.39665, 152.90268, 200.66225, 177.72043, 200.77284, 203.26515, 200.70078, 229.72525, 187.2549, 164.62724, 187.1571, 190.12196, 187.03877, 216.34317, 186.80504, 243.54623, 173.87721, 151.3559, 173.54456, 176.8358, 173.26018, 202.89969, 172.90857, 229.89302, 159.82626, 163.45935, 159.36708, 189.41005, 158.85963, 216.17975, 158.25676, 244.1391, 146.11076, 149.7417, 145.36388, 175.76408, 144.64558, 202.44698, 143.88048, 230.06128, 131.11389, 161.98215, 130.24379, 188.61725, 129.31096, 215.96402, 128.28879, 244.60849, 116.91467, 148.05769, 115.74837, 174.59378, 114.51837, 201.94249, 113.34499, 230.24998, 101.05486, 160.47639, 99.698578, 187.76936, 98.256302, 215.86272, 96.688606, 245.15973, 86.382393, 146.21799, 84.795235, 173.41667, 82.968819, 201.33127, 81.35128, 230.3833, 69.723541, 158.90202, 67.772758, 186.80202, 65.837517, 215.6438, 63.781849, 245.62157, 54.565868, 144.31746, 52.394131, 172.16847, 50.220524, 200.85207, 47.938438, 230.56578;
  201.60434, 139.85287, 199.48988, 167.53578, 197.0845, 194.59683, 194.70705, 221.02986, 186.06201, 153.06686, 183.86076, 180.83043, 181.65059, 207.812, 179.41959, 234.45929, 172.1834, 138.04514, 170.1862, 166.59737, 168.08759, 194.27023, 166.04849, 221.49001, 156.01094, 151.61165, 154.01619, 180.09688, 152.1476, 207.94901, 150.38324, 235.39497, 141.26309, 136.19978, 139.43701, 165.43477, 137.70998, 193.97269, 136.01138, 222.05013, 124.32661, 150.16452, 122.69084, 179.4574, 121.20289, 208.05342, 119.60184, 236.0822, 108.54002, 134.28003, 107.02393, 164.31506, 105.62379, 193.7684, 104.28748, 222.31201, 90.788849, 148.64008, 89.50087, 178.66637, 88.351479, 208.17679, 87.114578, 236.91895, 74.08683, 132.23665, 72.841347, 163.23672, 71.738373, 193.41272, 70.848976, 222.8338, 55.617962, 146.92027, 54.792484, 178.01653, 53.766857, 208.2283, 53.073708, 237.72342, 37.640594, 129.92686, 36.992928, 161.92493, 36.261539, 192.92282, 35.734478, 223.22052;
  200.05119, 145.08783, 196.68645, 171.82362, 193.51018, 196.64427, 190.47278, 219.80814, 182.5802, 158.58998, 179.5816, 184.72696, 176.93509, 209.01337, 174.23062, 231.98659, 167.4335, 144.71283, 165.00899, 171.91484, 162.66675, 197.47446, 160.34846, 221.5547, 149.49324, 158.54909, 147.60179, 185.24487, 145.70184, 210.35826, 143.88828, 234.10736, 133.10339, 144.41365, 131.62086, 172.27217, 130.08644, 198.48363, 128.7048, 223.25185, 114.70831, 158.60544, 113.66629, 185.93095, 112.7688, 211.69876, 111.8287, 236.0407, 96.715508, 144.06128, 96.171593, 172.70558, 95.813469, 199.66414, 95.439049, 224.82986, 77.60865, 158.59897, 77.807777, 186.74243, 77.996681, 213.11559, 78.03511, 237.96355, 57.986725, 143.42799, 58.742603, 173.0014, 59.495186, 200.77504, 60.193459, 226.50186, 38.619564, 158.43318, 40.006607, 187.49063, 41.389614, 214.53676, 42.83186, 239.88728, 17.247688, 142.79512, 19.471962, 173.37245, 21.373457, 201.69519, 23.432364, 228.3972;
  227.99399, 102.80111, 223.39351, 135.23347, 219.06274, 166.12508, 214.69215, 195.73773, 209.12976, 117.88308, 204.93086, 149.97531, 200.81879, 180.83, 196.8591, 210.515, 194.06534, 99.687653, 189.96059, 133.10005, 186.12737, 165.10997, 182.41087, 195.95692, 174.19357, 115.09666, 170.53207, 148.44708, 167.02408, 180.36255, 163.67358, 211.22212, 157.53108, 96.225021, 154.13118, 130.90224, 150.86917, 164.07994, 147.64879, 195.95705, 136.70369, 112.27401, 133.61893, 146.74777, 130.77905, 179.7413, 127.98842, 211.78276, 118.19889, 92.509285, 115.50279, 128.50252, 112.95025, 162.88759, 110.46243, 195.91875, 96.246223, 109.10764, 93.914581, 144.89445, 91.90123, 179.21948, 89.83519, 212.31572, 75.626572, 88.383316, 73.973083, 125.88509, 72.308395, 161.69148, 70.669945, 195.87424, 52.736317, 105.73755, 51.479687, 143.01807, 50.349281, 178.59409, 49.189205, 212.74036, 30.19692, 84.005905, 29.423967, 123.10518, 28.725401, 160.36382, 28.160053, 195.90237;
  236.86761, 70.647667, 236.30331, 103.90877, 235.66953, 136.73723, 234.91681, 169.16118, 220.56873, 86.098785, 220.11372, 119.67741, 219.46228, 152.79732, 218.75955, 185.73972, 204.30418, 67.492012, 203.75803, 102.05355, 203.298, 136.01033, 202.76257, 169.61473, 186.88719, 83.454353, 186.53665, 118.35342, 186.14859, 152.71539, 185.74986, 186.87607, 169.35863, 64.10981, 168.9362, 99.974426, 168.57678, 135.15144, 168.33287, 170.06456, 150.66429, 80.711342, 150.38496, 116.92078, 150.21373, 152.61208, 150.05096, 187.94832, 131.43054, 60.441299, 131.30492, 97.72934, 131.271, 134.34825, 131.11217, 170.50638, 111.30801, 77.670464, 111.41938, 115.3324, 111.39925, 152.45303, 111.4529, 189.27986, 90.614693, 56.612175, 90.751816, 95.448189, 90.740791, 133.49802, 91.008469, 171.09068, 69.093674, 74.548241, 69.367493, 113.65895, 69.768478, 152.18056, 70.119652, 190.4122, 46.620548, 52.457512, 46.958008, 92.872681, 47.400055, 132.52394, 48.003155, 171.66411;
  258.61877, 17.562593, 260.91406, 53.664017, 262.7616, 89.190819, 264.68402, 123.69144, 242.56706, 35.437336, 244.79498, 71.750801, 246.90919, 107.15144, 248.94231, 141.95615, 223.7458, 16.37501, 226.11757, 53.653408, 228.66624, 89.992744, 231.02347, 125.55177, 206.82988, 34.784641, 209.63968, 72.191612, 212.25235, 108.51108, 214.7225, 144.31578, 186.69304, 15.139623, 189.68953, 53.579922, 192.64157, 90.790314, 195.34563, 127.4051, 168.96181, 34.208, 172.15161, 72.531815, 175.24211, 109.86039, 178.25639, 146.68375, 147.42877, 13.904353, 150.93379, 53.30032, 154.34956, 91.655838, 157.67343, 129.29718, 128.77922, 33.439209, 132.58594, 72.903008, 136.13901, 111.44206, 139.76697, 149.21988, 105.80737, 12.645739, 109.92659, 53.23904, 113.94138, 92.836136, 117.81144, 131.52173, 86.499687, 32.725872, 90.729248, 73.418335, 95.01429, 113.11642, 99.140259, 151.90097, 62.045742, 11.430091, 66.618767, 53.303036, 71.199081, 93.943962, 75.743103, 133.8119;
  295.26535, 25.794191, 295.8219, 63.18718, 296.29767, 99.623505, 296.43912, 135.92958, 277.41, 43.94537, 278.04544, 81.069351, 278.56787, 117.69715, 278.96976, 153.93097, 258.61023, 24.081718, 259.41287, 62.139248, 260.11096, 99.300369, 260.74023, 135.96196, 240.45685, 42.468899, 241.33725, 80.444344, 242.07515, 117.62791, 242.71953, 154.52286, 220.6481, 22.334843, 221.8326, 60.924927, 222.95853, 98.862427, 223.75854, 136.22598, 201.74408, 40.994484, 203.02087, 79.653938, 204.27592, 117.52934, 205.33727, 155.08459, 181.30896, 20.343277, 182.86023, 59.770958, 184.28094, 98.357941, 185.50401, 136.35068, 161.99185, 39.468246, 163.38684, 78.758553, 164.91991, 117.37128, 166.4037, 155.60143, 140.47342, 18.633867, 142.20818, 58.566216, 144.11299, 97.867607, 145.78719, 136.52261, 120.70378, 37.997383, 122.5312, 77.973518, 124.43891, 117.26383, 126.2677, 155.97423, 98.350395, 16.708984, 100.53424, 57.55135, 102.68324, 97.401421, 104.59665, 136.72202]
