image_Width 1280
image_Height 720
board_Width 5
board_Height 6
square_Size 25.5
Camera_Matrix[987.2120913896881, 0, 654.6130514094123;
  0, 983.0499437444264, 342.1760421409996;
  0, 0, 1]
Distortion_Coefficients[0.007505461067136356;
  0.01635234574520412;
  0;
  0;
  -0.07095644742219152]
Avg_Reprojection_Error 0.293598
Per_View_Reprojection_Errors[0.16817202;
  0.196675;
  0.22755069;
  0.29509827;
  0.22967751;
  0.25303376;
  0.2058537;
  0.22881158;
  0.20046303;
  0.31275398;
  0.18307282;
  0.14872797;
  0.22709028;
  0.24334837;
  0.3435007;
  0.33374414;
  0.22115158;
  0.50331354;
  0.55284607;
  0.33957636;
  0.29130581;
  0.36429155;
  0.29098469;
  0.34573191;
  0.24270463]
Extrinsic_Parameters[2.158004574113702, -2.210896199284646, -0.03156095746088719, 61.41591326224243, 43.81534372358294, 423.9357814299486;
  2.181537054260283, -2.225771010841513, 0.006734471417819942, 58.51212618842394, 39.03343225056556, 432.0660070395572;
  -2.087032663652485, 2.194777189706445, -0.1637265451091289, 54.90671820876841, 32.74269598094347, 454.5558000509606;
  -2.030404104522242, 2.169830144654612, -0.2497527110390201, 54.21561504474824, 18.93712929352347, 460.5059435762372;
  -2.001117798264115, 2.149113612609535, -0.2350550017797082, 64.78716757601006, -7.3907608132906, 454.96489257693;
  -2.027291285846492, 2.1629683492387, -0.2056166608985734, 84.07170462063927, -19.37606860013532, 449.3792504876337;
  -2.032351747125546, 2.120162984089238, -0.2107335108215819, 135.5101328580089, -25.53521722331834, 455.9093110276086;
  -2.004838144296047, 2.111464303984298, -0.21678699544325, 139.8786603916948, -25.27687190787997, 455.1085733134185;
  -2.011704123775932, 2.130485249758131, -0.1950294799012714, 165.007308952544, -26.65770018759774, 448.2384607386211;
  1.926457415198531, -1.919421571580776, -0.3109427198350879, -23.15261080945033, 114.3503576582309, 345.6255449964339;
  -1.950714817187012, 2.208354416045617, -0.301285869530599, -118.2957183470737, 95.86200776408239, 436.5652753080261;
  -1.943659695235341, 2.198747806722497, -0.4159052697535365, -110.556226622941, 66.2858597416205, 441.2511025933858;
  -1.905114796996714, 2.20110353321722, -0.4771189191106914, -101.5990977838986, 31.70019994927687, 420.8093790790718;
  -1.829141899868357, 2.173126738049809, -0.5528311188371627, -98.47272598796026, 17.40430485568752, 419.0565226711332;
  -1.969817709443446, 2.322723249786921, -0.3439095288927919, -2.214177419356467, -23.06604744731563, 394.7123054248412;
  1.948697914840342, -2.155487264680118, -0.4097525807963274, 66.80605766535918, -3.244394434979939, 363.6171947279519;
  2.084207869984374, -2.22760234625185, -0.1643914256337409, 77.72342843829307, 1.635092495809391, 377.3707337451474;
  2.069296457030596, -2.108508033469433, -0.4006767829814102, 159.2817007983918, 38.08734269560215, 338.3951457151487;
  -1.703830159242321, 2.344112901786801, -0.04960818970296355, -14.45474447808505, 23.46625984145621, 379.4152498433985;
  2.162463729854153, -1.928846759425353, 0.05636659499958131, -1.366847149871125, 54.66281969547517, 370.4750965428731;
  -1.844136513650396, 2.219671423998885, 0.01621094542297201, 69.2468289323089, 85.37716259975669, 395.6051349980539;
  2.433778567309825, -1.933960128076952, -0.3315775805359011, 147.622258259294, 95.09321265377257, 410.3723973579521;
  -2.189592818202418, 2.172770945979944, 0.3567612158137426, 54.00970034626113, 33.01892979141295, 389.8697310249678;
  -1.839655932636636, 2.336452654956876, -0.3389467225796658, -46.23099345069362, 39.25396719392025, 412.2024690055004;
  2.233285930145411, -2.114327778709258, -0.3308284109929525, 135.0522087810084, 58.56131722937828, 402.6227642691138]
Image_points[797.6106, 444.10989, 795.95758, 384.5054, 794.34283, 325.47415, 792.94611, 266.71704, 791.45374, 207.87225, 738, 445, 736.46307, 385.86365, 734.9613, 327.13474, 733.65985, 268.60663, 732.07654, 209.9449, 678.90308, 446.17044, 677.3717, 387.14856, 676.00598, 328.52219, 674.5979, 270.22144, 673.21387, 211.82973, 620.31989, 447.26294, 618.88586, 388.4639, 617.5578, 330.20898, 616.25159, 271.66785, 614.92157, 213.74287, 561.75018, 448.37497, 560.48639, 389.71231, 558.98883, 331.69864, 557.99298, 273.56833, 556.66241, 215.49313, 503.36404, 449.50018, 502.1749, 391.02695, 500.94858, 333.14859, 499.84534, 275.15604, 498.65225, 217.34018;
  788.24847, 431.05096, 786.94171, 372.8819, 785.66125, 314.83142, 784.60095, 257.23773, 783.37451, 199.39644, 729.90259, 432.11877, 728.65729, 373.88666, 727.30347, 316.18115, 726.1723, 258.87363, 725.17181, 200.99689, 671.70215, 433.13232, 670.54126, 375.04724, 669.37555, 317.51291, 668.1955, 259.99615, 667.12598, 202.21986, 613.80151, 434.34302, 612.79321, 376.27319, 611.56659, 318.70731, 610.49268, 261.10876, 609.49121, 203.70244, 555.71118, 435.40158, 554.67651, 377.41736, 553.67316, 319.81882, 552.60693, 262.33463, 551.50745, 205.01248, 497.46301, 436.47125, 496.59, 378.50082, 495.58215, 321.00723, 494.6853, 263.53467, 493.66693, 206.21684;
  773.98511, 413.03, 771.04315, 357.7438, 768.29205, 302.55585, 765.64069, 247.64102, 763.18958, 192.50458, 719.66644, 416.28885, 716.81677, 360.56601, 714.02423, 305.1235, 711.37225, 249.69633, 708.80334, 194.07103, 664.67798, 419.83133, 661.85205, 363.55475, 659.07373, 307.63602, 656.27405, 251.72404, 653.58655, 195.58629, 608.8656, 423.53183, 606.00085, 366.92471, 603.14618, 310.12683, 600.44788, 253.78465, 597.55811, 197.29433, 551.58887, 426.91614, 548.71136, 369.7724, 545.8844, 312.68259, 543.2041, 255.87517, 540.18451, 198.86926, 493.23929, 430.86154, 490.3779, 372.97653, 487.55225, 315.41135, 484.67142, 257.93478, 481.68936, 200.43164;
  770.96863, 382.4017, 767.05444, 327.97211, 763.60223, 273.73666, 760.09277, 219.80078, 756.82947, 165.40564, 718.43073, 386.48727, 714.67035, 331.46899, 711.026, 276.65787, 707.52338, 221.74632, 704.24274, 166.82765, 665.02881, 390.81467, 661.24072, 335.00073, 657.57404, 279.32376, 653.8725, 223.91212, 650.33105, 167.97826, 610.20355, 395.17654, 606.46069, 338.55875, 602.59979, 282.20105, 598.7771, 225.86618, 595.1073, 169.37181, 553.45966, 399.6553, 549.51166, 342.25027, 545.60583, 285.14429, 541.90411, 227.8717, 538.06018, 170.69904, 495.00031, 404.30551, 490.98782, 346.11438, 487.03116, 288.17517, 483.12704, 230.2509, 479.1304, 171.95786;
  795.25323, 326.01923, 791.69098, 271.026, 788.28333, 215.64928, 784.8775, 160.39122, 781.86401, 104.57298, 742.86664, 330.09949, 739.06799, 274.28894, 735.41724, 218.01453, 732.15375, 161.94156, 728.75232, 105.34006, 689.30609, 334.15097, 685.55243, 277.25403, 681.73816, 220.60049, 677.91974, 163.42065, 674.30688, 106.15207, 634.24292, 338.14444, 630.35699, 280.53952, 626.32648, 223.01666, 622.42249, 165.04538, 618.33264, 107.06863, 577.16705, 342.2959, 572.99188, 283.9411, 568.95984, 225.54384, 564.7099, 166.73711, 560.6145, 107.66624, 518.44531, 346.88211, 513.97217, 287.47647, 509.61487, 228.07303, 505.19888, 168.55214, 500.74579, 108.52147;
  839.48035, 299.85593, 836.04199, 243.95697, 833.03705, 187.99736, 830.11523, 131.71153, 827.28931, 74.912064, 786.17712, 303.22421, 782.75214, 246.51579, 779.50653, 189.94336, 776.53247, 132.97333, 773.38202, 75.47802, 732.10181, 306.40454, 728.59491, 249.12442, 725.18323, 191.64302, 721.69244, 134.14494, 718.30133, 76.102791, 676.71021, 309.66727, 673.09882, 251.71843, 669.46594, 193.66992, 665.75171, 135.36241, 662.09296, 76.744049, 619.57367, 313.0141, 615.68793, 254.34384, 611.91309, 195.66568, 608.08429, 136.60248, 604.36029, 77.114426, 560.90643, 316.4455, 556.92053, 257.0889, 552.82642, 197.49339, 548.7478, 137.89017, 544.64154, 77.463791;
  948.49408, 287.26178, 946.87781, 231.86192, 945.64429, 176.18666, 944.37213, 120.5773, 943.36737, 64.316589, 897.62164, 289.06827, 895.95557, 233.06152, 894.55286, 176.78891, 893.23163, 120.1796, 892.10614, 63.352604, 845.98468, 290.85742, 844.24078, 234.17659, 842.70068, 177.10266, 841.13818, 119.86086, 839.5675, 62.244427, 793.08392, 292.76639, 791.35889, 235.25835, 789.48901, 177.44711, 787.66632, 119.53848, 785.76904, 61.254349, 738.31854, 294.77319, 736.21808, 236.39362, 734.28894, 177.90088, 732.4021, 119.04535, 730.37305, 59.862659, 682.0871, 296.9368, 679.79718, 237.57506, 677.58044, 178.17868, 675.37299, 118.63699, 673.15979, 58.59145;
  958.5686, 287.57718, 956.76233, 231.95007, 955.41895, 176.3069, 954.02582, 120.33604, 952.87952, 63.766769, 908.29742, 290.21619, 906.51819, 233.85184, 904.88586, 177.15985, 903.4903, 120.36092, 902.15247, 62.960995, 857.18079, 292.78516, 855.2771, 235.45897, 853.46429, 178.11037, 851.68799, 120.42123, 850.0174, 62.316391, 804.84613, 295.25266, 802.67688, 237.01547, 800.59515, 178.9828, 798.46436, 120.45604, 796.34808, 61.593842, 750.22833, 297.81876, 747.84741, 238.94621, 745.56812, 179.9649, 743.36981, 120.35415, 741.23688, 60.497238, 694.14124, 300.56189, 691.4444, 240.61876, 688.89795, 180.69325, 686.44293, 120.58526, 683.94653, 59.482811;
  1018.6561, 283.75204, 1016.7958, 227.40588, 1015.1539, 170.75465, 1013.6887, 113.88115, 1012.2212, 56.325592, 967.80219, 286.5589, 965.82947, 229.40758, 963.99994, 172.09055, 962.44232, 114.40556, 960.85474, 56.175865, 916.14307, 289.40179, 914.15247, 231.52972, 912.19904, 173.32721, 910.20386, 115.01614, 908.17816, 55.990604, 863.31702, 292.19305, 861.23541, 233.51886, 858.72247, 174.79535, 856.50183, 115.48856, 854.08289, 55.733006, 808.43359, 295.18756, 805.83624, 235.85246, 803.3819, 176.11456, 801.02576, 116.00516, 798.59448, 55.253712, 752.24805, 298.28021, 749.37207, 237.96727, 746.54669, 177.54321, 744.0293, 116.64058, 741.01758, 55.076225;
  588.51556, 667.73199, 591.3653, 593.30969, 594.06378, 520.44897, 596.62891, 448.93216, 599.2243, 378.41302, 527.18616, 659.38812, 530.55676, 587.21063, 533.73627, 516.62122, 536.43231, 447.43277, 539.28583, 378.83862, 468.82077, 651.73041, 472.47174, 581.76636, 475.85168, 513.23621, 479.396, 445.87698, 482.92181, 379.45493, 413.76733, 644.67706, 417.69333, 576.63263, 421.79977, 509.99152, 425.90512, 444.60394, 430.15582, 379.92941, 362.02725, 637.68066, 366.52628, 571.62378, 370.74362, 506.80685, 375.17368, 443.11847, 379.46158, 380.36221, 312.90604, 631.13739, 317.61264, 567.03754, 322.57434, 503.74426, 327.47, 441.94073, 332.1113, 381.01797;
  386.96796, 558.36719, 379.84134, 501.17401, 372.76221, 444.02908, 365.83838, 387.11505, 358.42578, 330.1207, 326.49838, 568.70447, 319.23108, 510.58072, 311.92599, 452.64859, 304.98831, 394.93799, 297.41559, 336.92545, 264.01233, 579.55945, 256.73352, 520.42749, 249.13771, 461.61304, 241.96489, 402.93488, 234.32295, 343.97015, 199.69043, 590.6438, 192.05347, 530.73413, 184.54596, 470.69031, 177.1348, 411.02365, 169.56277, 351.20441, 133.17326, 601.98621, 125.49752, 541.00061, 117.6485, 480.33386, 110.27885, 419.56223, 102.45094, 358.50751, 64.920868, 613.49109, 56.777847, 551.64752, 49.020782, 489.72565, 41.496254, 428.09567, 33.954582, 366.311;
  407.11942, 490.0881, 400.33307, 433.27039, 393.6846, 377.17706, 387.21262, 321.32391, 380.5675, 265.64154, 347.55197, 499.05447, 340.92734, 441.39102, 334.36868, 384.05746, 327.75623, 327.17697, 321.06641, 270.44089, 285.7941, 508.58218, 278.96176, 449.60379, 272.57718, 391.10446, 265.99628, 333.09647, 259.51935, 275.24176, 221.60297, 518.34509, 214.94505, 458.32043, 208.43451, 398.59604, 202.04556, 339.50098, 195.54317, 280.51935, 154.6974, 528.46588, 148.20003, 467.13522, 141.52434, 406.26749, 135.04518, 345.784, 128.86583, 285.85846, 85.16848, 538.92395, 78.643661, 476.19611, 72.271881, 414.25888, 66.105484, 352.67807, 60.045147, 291.46143;
  415.87045, 416.32623, 407.56192, 357.20752, 399.42331, 299.0596, 391.42419, 241.12798, 383.08984, 183.55986, 354.02264, 425.44089, 345.76904, 365.25671, 337.54208, 305.51239, 329.64026, 246.28342, 321.39725, 187.31227, 289.38571, 435.06842, 280.9472, 373.30594, 272.66547, 312.11954, 264.85135, 251.59868, 256.6647, 191.13007, 221.54184, 445.04605, 213.23857, 381.63412, 205.30659, 319.02209, 197.47339, 256.99277, 189.43018, 195.48389, 150.10591, 455.51379, 142.03311, 390.65942, 134.24229, 326.20966, 126.36898, 262.97833, 118.46066, 199.71054, 75.266212, 466.47864, 67.334358, 399.85706, 59.769035, 334.11954, 52.192955, 269.26456, 44.984413, 204.71358;
  422.68918, 383.29108, 412.25873, 324.25873, 402.13788, 265.91071, 392.13983, 208.05833, 381.98938, 150.15628, 361.19009, 393.19214, 350.8414, 332.63828, 340.52737, 272.54239, 330.42398, 212.95641, 320.23026, 153.55026, 296.51379, 403.45123, 285.97415, 341.1257, 275.61707, 279.362, 265.42438, 218.0992, 255.42441, 157.42189, 228.34932, 414.52353, 217.64009, 350.09079, 207.23253, 286.40103, 196.90631, 223.55864, 186.86421, 161.05725, 155.40732, 426.08774, 144.97289, 359.80569, 134.34499, 294.23355, 124.26865, 229.45584, 114.12844, 165.11638, 78.410126, 438.32242, 67.73365, 369.97455, 57.529449, 302.63559, 47.500004, 235.96085, 37.827034, 169.58981;
  649.47913, 285.28586, 638.20471, 223.26657, 627.51404, 162.03009, 616.85858, 101.55836, 606.1908, 41.376034, 586.72333, 294.12433, 575.7887, 231.34319, 565.10608, 169.27299, 554.68402, 107.68158, 544.1756, 46.847557, 522.47717, 302.98337, 511.74393, 239.15758, 501.35583, 176.2372, 490.97601, 114.0705, 480.48816, 52.297436, 456.46103, 312.004, 445.82492, 247.03908, 435.78308, 183.42793, 425.54288, 120.43142, 415.5224, 58.158485, 388.0965, 321.43793, 378.00705, 255.82857, 367.88464, 191.0143, 358.02359, 127.01866, 348.04361, 63.7052, 317.50751, 331.06659, 307.55115, 264.32474, 298.03665, 198.71809, 288.51141, 134.02029, 278.76288, 69.754852;
  836.05768, 333.79678, 829.2608, 264.80716, 821.87189, 195.63879, 814.84332, 126.23022, 807.27039, 56.586571, 768.74005, 339.79736, 761.784, 272.45532, 754.68292, 205.07254, 747.45856, 137.43925, 740.1308, 69.181152, 704.27863, 345.72342, 697.2204, 279.84613, 690.05945, 214.02927, 683.1828, 147.84245, 675.96832, 81.521393, 642.68469, 351.4191, 635.75629, 287.01135, 628.76794, 222.58128, 621.80121, 158.09406, 614.97186, 93.208923, 583.45831, 356.73273, 576.70056, 293.78403, 569.76599, 230.80649, 563.00305, 167.76414, 555.85602, 104.11593, 526.46454, 361.76944, 519.6059, 300.07816, 513.12408, 238.59389, 506.43036, 176.86116, 499.51447, 114.78469;
  857.68835, 346.47281, 853.3924, 279.95209, 849.19446, 213.56261, 845.1004, 147.16479, 840.8302, 79.994286, 790.76697, 350.74155, 786.2782, 284.92148, 781.93909, 219.18684, 777.67816, 153.31615, 773.52289, 86.962906, 724.71808, 354.82718, 720.27716, 289.59564, 716.01495, 224.58917, 711.75641, 159.39656, 707.24945, 93.661201, 660.28418, 359.12903, 655.86707, 294.35663, 651.44507, 229.85236, 647.07159, 165.13437, 642.9104, 100.2379, 596.50305, 363.14816, 592.19958, 298.96649, 587.75153, 234.93338, 583.35199, 170.89195, 578.94141, 106.63301, 533.55505, 367.07251, 529.27667, 303.56784, 524.80505, 240.00546, 520.62738, 176.6779, 516.34772, 112.90779;
  1119.2356, 452.73798, 1119.9994, 378.73221, 1120.6632, 304.06342, 1121.3796, 228.80199, 1122.1704, 152.27794, 1039.6017, 450.99887, 1039.6145, 378.59134, 1039.7028, 305.71838, 1040.0491, 232.06468, 1040.1238, 157.25133, 963.21954, 449.40869, 962.78149, 378.68631, 962.65247, 307.14731, 962.31946, 235.22629, 962.09277, 162.18399, 890.21826, 447.95297, 889.44708, 378.57462, 888.6261, 308.62823, 888.28491, 238.17606, 887.50818, 166.80717, 820.11395, 445.78006, 819.14355, 378.12845, 818.03607, 309.88943, 817.02985, 241.19748, 815.84314, 171.35051, 753.25745, 443.98712, 751.65601, 377.78677, 750.36847, 311.08276, 749.0343, 243.83447, 747.51715, 175.61121;
  616.28284, 402.68475, 596.79126, 340.31818, 576.89618, 276.52753, 556.39606, 211.1982, 535.03412, 143.90031, 553.34717, 424.97458, 532.8161, 362.08173, 511.59506, 297.8515, 490.06015, 232.05913, 467.59418, 164.23599, 489.09589, 447.79755, 467.1532, 384.45377, 445.01083, 319.71796, 422.12616, 253.47513, 398.47037, 185.06339, 422.93692, 471.03769, 400.1947, 407.39099, 376.82736, 342.01001, 352.86404, 275.12726, 327.90399, 206.30472, 355.08231, 494.27023, 331.27524, 430.07373, 306.67062, 364.52594, 281.6239, 297.38547, 255.34959, 228.09171, 285.5769, 518.04034, 260.53464, 453.67136, 234.9854, 387.66553, 208.5946, 320.13995, 181.4135, 250.51617;
  651.44708, 487.48563, 659.50909, 420.50095, 667.54517, 355.08667, 675.72717, 291.74069, 683.4054, 229.48232, 585.4278, 479.54929, 594.51807, 413.0936, 603.10504, 348.74805, 611.85175, 285.78363, 620.15668, 224.25949, 520.59741, 471.48175, 530.15045, 405.78369, 539.8924, 342.13223, 549.13104, 279.86154, 558.45782, 219.23686, 456.88342, 463.68375, 467.40356, 398.84036, 477.92212, 335.79047, 487.96933, 274.46344, 498.32187, 214.54501, 394.61041, 456.10413, 405.96024, 392.01279, 416.81424, 329.56747, 427.85828, 268.80844, 438.66907, 209.60135, 333.38696, 448.6167, 345.29666, 385.18848, 357.39548, 323.59818, 369.16797, 263.69388, 380.57266, 205.19606;
  827.4859, 554.85754, 819.03546, 495.47028, 810.724, 434.43817, 802.10199, 372.06708, 793.0733, 307.70325, 766.61615, 568.99786, 757.31824, 509.27875, 747.9306, 448.1373, 738.39417, 385.41248, 728.54321, 320.56992, 705.13226, 583.99664, 694.9129, 524.0376, 684.87469, 462.28644, 673.89673, 399.25214, 662.74347, 333.90094, 642.5188, 599.60706, 631.47229, 538.9364, 619.93933, 476.96439, 608.30774, 413.14392, 596.01068, 347.09531, 578.03119, 615.02771, 565.99524, 554.08655, 553.68835, 491.46893, 540.92798, 427.40643, 527.35114, 361.05029, 512.21796, 631.09991, 499.10159, 569.71191, 485.44495, 506.73566, 471.509, 441.83203, 456.93228, 374.95837;
  1010.6689, 570.04724, 1027.025, 512.78717, 1043.869, 454.55725, 1061.0739, 395.20541, 1078.4773, 334.51126, 948.67572, 553.63605, 964.59552, 496.65173, 980.55798, 438.83435, 997.04822, 379.78732, 1013.6099, 319.75034, 888.13391, 537.95306, 903.00348, 481.19492, 918.47668, 423.54617, 934.06238, 364.99011, 950.00195, 305.03867, 828.69818, 522.68469, 843.05127, 466.21432, 857.63654, 408.58945, 872.54352, 350.45499, 887.659, 290.73474, 769.88086, 506.97021, 783.3562, 450.8743, 797.55615, 393.79782, 811.88306, 335.82666, 826.21356, 276.60565, 711.98273, 491.77338, 725.0329, 435.79205, 738.44666, 378.99051, 752.08191, 321.56, 766.14301, 262.62451;
  791.00763, 425.22931, 792.4325, 362.4028, 794.05927, 297.87305, 795.83197, 231.59125, 797.43237, 163.60318, 726.51788, 423.49142, 727.02454, 361.04526, 727.72382, 297.03076, 728.56818, 231.44542, 729.3512, 164.07405, 663.11218, 421.63177, 662.84192, 359.69354, 662.54407, 296.28055, 662.48584, 231.36751, 662.54755, 164.3582, 600.92712, 419.5614, 600.00244, 358.44244, 598.83655, 295.45154, 598.04236, 231.05864, 597.31049, 164.7359, 539.87836, 417.5159, 537.83276, 356.59201, 535.96277, 294.40018, 534.28064, 230.83478, 532.45929, 164.98509, 479.65317, 415.5076, 476.86264, 355.27008, 474.25436, 293.43091, 471.87357, 230.39665, 468.98245, 165.22981;
  543.51794, 435.44998, 529.48151, 376.44635, 515.45819, 317.62341, 501.43207, 259.30621, 487.37164, 200.39775, 483.60645, 450.97592, 469.25058, 390.81116, 454.93896, 330.95462, 440.71341, 271.39166, 426.44559, 211.68076, 421.59988, 466.90558, 406.71732, 405.93787, 392.28162, 344.81198, 377.71503, 284.21344, 363.42477, 223.32582, 357.1705, 483.43671, 342.33371, 421.01361, 327.4238, 358.94385, 312.82785, 297.39865, 298.26984, 235.51755, 290.26181, 500.42566, 275.18201, 437.13269, 260.18484, 374.08878, 245.22598, 311.26456, 230.41501, 248.07748, 221.05142, 518.24377, 205.80261, 453.71246, 190.67441, 389.61194, 175.72731, 325.6922, 160.52129, 261.61868;
  985.91553, 485.10678, 991.43555, 423.85071, 996.84308, 361.74741, 1002.2848, 298.88757, 1007.7935, 234.67764, 921.7851, 479.68597, 926.2619, 419.19891, 930.99371, 357.68414, 936.09875, 295.22809, 940.8316, 231.93494, 858.32898, 474.44067, 862.66864, 414.37527, 867.03003, 353.54074, 871.2821, 291.96216, 875.58093, 229.22388, 796.73224, 469.26022, 800.59363, 409.74918, 804.41223, 349.54346, 808.31866, 288.46304, 811.96039, 226.56842, 736.51184, 463.43265, 739.87207, 404.59567, 742.96027, 345.33997, 746.38055, 285.24704, 749.68756, 223.97079, 677.54163, 457.88702, 680.27747, 399.84442, 683.03131, 341.35507, 685.97083, 281.80063, 688.70844, 221.47784]
