image_Width 1280
image_Height 720
board_Width 5
board_Height 6
square_Size 25.5
Camera_Matrix[1008.889324424423, 0, 656.8952442931849;
  0, 1006.394202056847, 343.3711342604976;
  0, 0, 1]
Distortion_Coefficients[0.02741140719529927;
  0.008396795930684951;
  0;
  0;
  -0.1101037997041486]
Avg_Reprojection_Error 0.24038
Per_View_Reprojection_Errors[0.26456618;
  0.27906486;
  0.2700066;
  0.28696048;
  0.28113592;
  0.43794271;
  0.16109584;
  0.20028649;
  0.20638369;
  0.21093529;
  0.19657815;
  0.1775749;
  0.16908883;
  0.18604174;
  0.1854144;
  0.19059081;
  0.2213756;
  0.27036619;
  0.2588169;
  0.29126495;
  0.3472054;
  0.41655138;
  0.40432534;
  0.34993416;
  0.38054311;
  0.44412896;
  0.34771198;
  0.27036774;
  0.22751619;
  0.15096457;
  0.30063057;
  0.25184077;
  0.19938913;
  0.21408489;
  0.21290748;
  0.28668219;
  0.2589393;
  0.2493262;
  0.20730071;
  0.21907355;
  0.23862904;
  0.14278112;
  0.1437083;
  0.21866177;
  0.22562057;
  0.1775524;
  0.19575717;
  0.1809098;
  0.24405688;
  0.20938283;
  0.19771816;
  0.17669305;
  0.16496411;
  0.15389992;
  0.14577194;
  0.15107372;
  0.13749701;
  0.22879277;
  0.22336388;
  0.18174073;
  0.20455566;
  0.221003;
  0.15060483;
  0.23955028;
  0.21928203;
  0.17719324;
  0.14408384;
  0.15576932;
  0.15547948;
  0.2183125;
  0.23974331;
  0.23357978;
  0.24731974;
  0.14262579;
  0.2609272]
Extrinsic_Parameters[2.241273754571282, -2.195199823231699, 0.04506131104255166, 31.94752282354328, 56.07187205512611, 371.2822050276017;
  2.23681118352208, -2.193709433671035, 0.0552344185420605, 32.12792627681275, 55.90406621943163, 370.829355313225;
  -2.244798882889844, 2.202368180261987, -0.05481586698497398, 32.62856628904333, 56.17334918722238, 370.7794131465322;
  2.238537249327421, -2.199021723299436, 0.05372362855100199, 32.7887936615449, 56.09092145410373, 370.9268536139905;
  2.240923544163014, -2.193526313892717, 0.05671262838975966, 33.59772583819235, 53.92155352664064, 373.7125043167757;
  2.117802004994205, -2.19720538490491, -0.007125683265340022, 16.30070767037696, 48.78023251421563, 423.9437165483379;
  -1.836554723068624, 2.127084146867566, -0.5050010628795579, 3.738986267153347, 51.74978266070082, 463.1718407885736;
  -1.973859479805289, 2.098818414027612, -0.4794889703778424, 8.348474605615483, 56.17302086995993, 479.0335484939561;
  -1.992924566552548, 2.096622240680578, -0.4776691491876515, 10.39546052160262, 58.25446112086861, 481.5403518815022;
  -2.081704823363151, 2.078784677212478, -0.4644226500545904, 16.13969853663312, 66.64085312566563, 489.5505569562376;
  -2.142123370624237, 2.06932277230921, -0.4273322512059262, 20.16105819658312, 68.75322128760125, 493.22126535366;
  -2.206163246618583, 2.050659697646893, -0.3978637876285593, 20.5647840278201, 67.84347537948449, 494.5592137241136;
  -2.240409148619479, 2.030371824655342, -0.3828548065172653, 18.85710020672838, 67.38100501810536, 494.0630999850523;
  -2.277166722987849, 2.003843160622123, -0.3719929934986434, 15.91109071552607, 67.379623793633, 492.7428973690284;
  -2.276960649460668, 2.003679003622226, -0.3718995499127026, 15.91012502778966, 67.38026801304716, 492.7580852349057;
  -2.442420510756961, 1.868491571203741, -0.3471299538864475, 1.544876784076024, 67.47499798942221, 480.3640077334472;
  -2.498962263434769, 1.811742602128153, -0.3456629717385338, -2.297023815193308, 66.74177221084284, 475.6861154681934;
  -2.592446086752392, 1.700774712029635, -0.3213252022199029, -8.407313814550815, 70.72784597213897, 467.7421331940291;
  -2.692255842752016, 1.594051959897946, -0.3189558465711468, -14.86096540485793, 69.82811805129808, 460.654036264763;
  2.704813949946125, -1.543985965737735, 0.3221675627277819, -17.40772462496984, 68.38611575273328, 459.0479483464363;
  2.778881226667872, -1.400014915768053, 0.3090608649381478, -26.45288729517139, 65.58247884292793, 453.7843274687735;
  2.88998839424365, -1.208005255761327, 0.238883168901117, -40.37820592024595, 70.01098073574703, 448.6153651502462;
  2.915021689506817, -1.155810549813941, 0.2309719464822089, -44.60687682227422, 71.54952823241509, 447.4235682985394;
  -0.06583279701794421, 3.02914823535373, 0.002094254073384211, -3.133542625112765, -71.95321324841066, 453.6710414851325;
  -0.4891627368586538, 3.048931319578527, 0.0004340194942971149, 25.31808887655951, -59.04567220854822, 463.4892855933709;
  -0.5704240778071302, 3.019930496533771, -0.0133455456139178, 36.23406447289585, -56.69394077209703, 469.0202921925175;
  2.156766885644801, -1.820427200332257, -0.586605467413808, 335.5641700411755, -40.92756205340332, 647.2835665046071;
  2.160199105773343, -1.969551039625373, -0.2358063331671451, 312.5286935280356, 73.19465087886711, 572.6423868992641;
  2.142815223749336, -2.014092437980691, -0.1895865048734762, 307.0144150908728, 84.41308784852451, 567.4624306362607;
  -2.106734531846211, 2.251647849286967, -0.3200917663522421, 144.1096150755369, 178.5746443823428, 527.3058154353623;
  -2.067389674368566, 2.226616713422761, -0.5284176025406474, 1.202127199708561, 158.3644253105038, 541.1097602614174;
  -2.083955726891545, 2.213282068375369, -0.6043942656142596, -19.02612715098826, 139.4075892849791, 549.9222347622942;
  -2.090320787024855, 2.192921583719277, -0.6447548235667697, -38.26554240889686, 132.8434165422762, 553.0919651725075;
  -2.096611068781807, 2.16883305169581, -0.6150703117034023, -73.834590197727, 140.8116422966035, 550.9369239043245;
  -2.100289757883417, 2.155469591278258, -0.5959076670958577, -86.94554042286934, 148.6130468184682, 551.3726295972917;
  -2.100408650715509, 2.146817659828475, -0.5782433685646369, -109.338825415943, 159.6849724416305, 555.6559242972063;
  -2.095873890278567, 2.156101702925331, -0.565270218247222, -125.0848441566555, 167.9995510361163, 558.4068700772991;
  -2.101300687916035, 2.129358470132628, -0.5800696027543855, -157.2887060678648, 183.1741333514026, 564.4293355930549;
  -2.104458346336576, 2.130676979734291, -0.5884850652004482, -195.9777223135071, 189.5778445714718, 576.7381016191451;
  2.115722992308212, -2.227269653027911, 0.4019906742806063, -290.2704329065569, 63.32190560839391, 786.5010756273673;
  -2.069634409479119, 1.992132206528185, -0.1394446564383041, -279.2498030384115, 16.20477031240794, 825.1164316794871;
  -2.174867023286116, 1.46488565182269, -0.2389560633474495, -235.0941949577788, -66.31697256675854, 773.1582704617994;
  -2.217579299115495, 1.498583990380275, -0.3143387347049086, -232.8107135850848, -75.77463263591174, 774.02072856682;
  -2.09820475656158, 1.6822037472813, -0.4423139953246375, -301.6041088717032, -88.49994503899691, 767.4009193452243;
  -2.097177066228262, 1.712897978978258, -0.4411883412659612, -309.130772529156, -87.8702703051067, 766.4621109676872;
  -2.025406655050327, 2.056807780952901, -0.3824794731056017, -313.3259597678402, -105.0580655259207, 743.5710188406928;
  -2.074479723998261, 2.060137941239923, -0.3203570564233813, -297.6315109314554, -105.8212346306252, 729.8055317518256;
  -2.202893781878832, 2.063831549502737, -0.1007590267453252, -242.3166093512009, -97.95548299538181, 690.3936460782758;
  -2.188396884857768, 2.093113040700491, 0.1309142890198219, -168.4406168360343, -85.01656786836566, 756.0009956910565;
  -1.959277400978717, 2.30400387150745, 0.4809863462699429, -80.53445011761856, -100.5496585546719, 746.3457948248046;
  2.172478980726974, -2.082535925462921, 0.5050339904893187, 2.176824746873489, -56.17402838194235, 721.3603311803418;
  -1.977984536053829, 2.282225291692819, -0.7546181140316269, 27.74550611419011, -54.07410066772255, 719.1040543943228;
  -1.890531954224592, 2.318905876745661, -0.6885064795991698, 27.09695682118426, -65.28969835641479, 716.6645953954745;
  -1.824474758298864, 2.323459050325195, -0.5676803188717404, 34.42432694759005, -69.67217916837673, 713.8444515562596;
  -1.817863861210975, 2.317888848289872, -0.5416260227642427, 38.47329396183844, -68.43821078411976, 712.436299227562;
  -1.812914724100956, 2.305494113476176, -0.4444722945882227, 57.79985437903773, -62.26804130865381, 708.3256963140755;
  -1.842273322104922, 2.310003691342964, -0.2695930319505185, 91.80414221233041, -53.47589290758296, 699.6832852100602;
  2.335424396919982, -2.046161366560528, -0.06809498482396292, 199.3288787631765, 4.986342748471712, 743.4226035251141;
  -2.25449818925911, 2.091402415546039, 0.02840451450551786, 181.326585373471, -29.9629820698841, 770.0927052180905;
  -2.191796328968823, 2.100987517626436, -0.05337662238711303, 172.1665599842629, -54.48189565868481, 776.2122016107322;
  -2.183503415339262, 2.164513937036185, -0.1726422284705929, 239.4873184505906, -73.9400914596617, 789.2387704102308;
  -1.842408929136554, 1.817485481401219, -0.5384082916053299, 298.0086276427929, -100.0991295733838, 895.6760967692379;
  2.170158789474312, -2.066329809079404, -0.04603827200031425, 294.193554764703, -89.86409632351052, 794.6780446723367;
  1.917610814871135, -1.70599361977137, -0.3182877813552352, 373.4742216987114, -92.54195682949668, 792.3333027750888;
  2.022685071896831, -1.758389358916864, -0.2847671442790771, 432.3211631060492, -88.54464210106848, 785.6670661001186;
  2.315716841324199, -1.869550773541757, -0.686072268875865, 416.7925732760197, -67.18276181927219, 766.5626538051157;
  -2.30368489607643, 2.008304905929441, 0.5111672845273658, 392.2725838956778, -46.2507752917839, 748.421621198618;
  2.022537143262682, -2.271626134116773, 0.4404930923922725, 20.75535658865457, 54.13743805259612, 592.46307268977;
  -1.924558033907373, 2.116358731345085, -0.351334676811454, 14.38692409629181, 92.23327482737122, 560.4421400112103;
  1.960568565089802, -2.329194880110546, 0.5500797648124689, 19.8032409407386, 74.0723442792485, 556.044267518276;
  -2.01813685709283, 2.003929741615388, -0.518893736085345, -62.21768883646182, 60.04418934920483, 536.698945605246;
  -1.957298418079257, 1.992528279998518, -0.6069186843662695, -44.98333354364863, 62.50421776234376, 541.8058887142967;
  -1.887650831376326, 1.993743506582335, -0.7146683648620967, 5.447864122802525, 65.2707799782939, 559.5145710341566;
  2.238877740633757, -2.106529239831207, 0.06632675072962339, 127.6527183722501, 45.43734358055187, 564.8339635290589;
  2.247557085745845, -2.051278056637647, -0.4727980095830457, 88.67910543113864, 63.17352063235595, 542.4095420645515]
Image_points[743.95959, 495.00491, 745.159, 425.91772, 746.6781, 357.21225, 747.9975, 288.54465, 749.25165, 219.84578, 674.49713, 493.7565, 675.90308, 424.81491, 677.18372, 355.85278, 678.76007, 287.15131, 680.06989, 218.08144, 604.80182, 492.81982, 606.47504, 423.39523, 607.83246, 354.32599, 609.26373, 285.35699, 610.81366, 216.48849, 535.43323, 491.52396, 537.00769, 421.94693, 538.75537, 353.13223, 540.14923, 283.98492, 541.83423, 214.96704, 465.32968, 490.50055, 467.09128, 420.78409, 469.03125, 351.47986, 470.81738, 282.4108, 472.33652, 213.30043, 394.92386, 489.12598, 396.95825, 419.34827, 398.91647, 350.08109, 401.0491, 280.92596, 402.7825, 211.64903;
  744.54706, 494.70053, 745.80237, 425.48932, 746.93408, 356.92499, 748.16718, 288.22943, 749.29932, 219.52646, 675.06842, 493.66522, 676.29651, 424.26013, 677.58496, 355.53918, 678.92932, 286.85928, 680.14612, 217.84959, 605.27948, 492.73828, 606.57294, 422.9968, 608.01642, 354.16519, 609.59515, 285.17538, 610.98126, 216.38472, 535.62238, 491.61066, 537.24109, 421.91562, 538.92731, 352.96201, 540.44647, 283.7298, 542.02374, 214.88106, 465.33347, 490.46051, 467.36374, 420.67297, 469.30737, 351.36761, 470.9075, 282.31476, 472.52075, 213.24457, 395.04813, 489.42398, 397.08035, 419.54703, 399.04599, 350.09631, 401.04504, 280.96906, 402.87457, 211.73491;
  745.91602, 495.45486, 746.93591, 426.07025, 748.28534, 357.71622, 749.52124, 288.87997, 750.63922, 219.9696, 676.33411, 494.47742, 677.58289, 425.19879, 678.9151, 356.30838, 680.17218, 287.24329, 681.51849, 218.49753, 606.60614, 493.49005, 608.01508, 423.96146, 609.37463, 354.86771, 610.80542, 285.918, 612.18964, 216.89526, 536.9364, 492.62265, 538.50696, 422.86017, 539.9834, 353.76398, 541.57007, 284.40192, 543.09644, 215.29228, 466.62552, 491.42734, 468.38223, 421.69852, 470.34717, 352.27869, 471.91611, 283.04172, 473.73859, 213.81392, 396.13971, 490.49484, 398.02737, 420.59924, 399.96411, 351.034, 401.84494, 281.61884, 403.76859, 212.31181;
  746.36993, 495.22824, 747.50262, 426.01968, 748.57141, 357.30725, 749.72955, 288.74457, 750.79779, 219.94225, 676.86066, 494.17407, 677.94183, 424.99872, 679.08502, 356.01984, 680.39618, 287.29401, 681.51086, 218.42123, 607.15106, 493.30508, 608.30499, 423.9848, 609.67194, 354.89957, 611.00055, 285.96924, 612.0827, 216.87683, 537.35345, 492.45862, 538.77362, 422.87076, 540.39978, 353.6192, 541.84668, 284.3938, 543.18402, 215.46388, 467.25818, 491.53201, 468.88104, 421.69855, 470.50531, 352.36752, 472.19965, 283.1503, 473.53824, 214.05894, 396.66028, 490.63181, 398.39502, 420.56784, 400.31061, 351.16626, 402.1254, 281.85205, 403.76065, 212.6403;
  747.9281, 488.138, 748.96234, 419.53802, 750.44525, 351.62585, 751.83643, 283.29544, 753.08624, 215.16849, 678.97052, 487.02682, 680.36346, 418.18729, 681.6452, 349.78485, 683.15302, 281.54257, 684.4715, 213.30228, 609.59088, 485.95007, 611.09515, 417.02142, 612.69641, 348.50589, 614.35016, 280.14017, 615.88049, 211.63762, 540.42169, 484.56702, 542.14337, 415.78946, 543.97144, 347.10208, 545.7179, 278.56149, 547.15527, 209.88718, 470.84869, 483.38342, 472.86081, 414.28546, 474.75497, 345.47162, 476.53372, 276.9202, 478.36337, 208.34329, 400.86267, 482.35983, 403.00241, 413.04428, 404.96664, 343.96664, 407.15591, 275.2594, 409.1091, 206.61115;
  696.10468, 458.92743, 693.9917, 398.5, 692, 338.72797, 689.7157, 278.78104, 687.50928, 219.3699, 635.13263, 460.84506, 633.33905, 400.63135, 631.40033, 340.97833, 629.46899, 281.57947, 627.40955, 222.08627, 574.79193, 462.55316, 573.20654, 402.57483, 571.33795, 343.38458, 569.70923, 283.96259, 567.87921, 224.91185, 515.48889, 464.54263, 513.99579, 404.79959, 512.46338, 345.62064, 510.88104, 286.62997, 509.24112, 227.75204, 456.29138, 466.15329, 455.09363, 406.69009, 453.85156, 347.75409, 452.44302, 289.13773, 450.92111, 230.51215, 397.84845, 468.13434, 396.7356, 408.94415, 395.44156, 350.13959, 394.4697, 291.65274, 393.15439, 233.48409;
  664.89252, 455.73697, 656.61426, 400.93735, 648.48584, 346.37158, 640.41608, 291.7879, 632.16333, 236.97498, 614.72418, 465.86398, 606.19751, 409.68652, 597.71594, 353.70822, 589.34827, 297.61813, 580.99982, 241.41264, 561.5946, 476.50284, 553.1936, 418.88162, 544.52338, 361.35577, 535.94684, 303.88629, 527.22021, 246.274, 505.91016, 487.72916, 497.0946, 428.40326, 488.38046, 369.27277, 479.59305, 310.45609, 470.61615, 251.32541, 446.98837, 499.59433, 437.92438, 438.61389, 429.06931, 378.1492, 419.9823, 317.4783, 411.00989, 256.70752, 384.42664, 512.06586, 375.32889, 449.31961, 366.37241, 387.11661, 356.88037, 324.67712, 347.43442, 262.42682;
  674.30835, 461.50473, 670.5379, 408.05145, 666.39154, 354.80652, 662.81793, 301.99356, 658.83514, 249.13875, 624.11194, 466.50525, 620.26459, 411.65344, 616.35754, 357.39526, 612.61414, 303.45599, 608.79742, 249.5968, 571.76782, 471.37497, 567.89154, 415.63055, 564.28485, 360.21634, 560.48456, 305.00143, 556.58258, 250.02904, 517.27423, 476.78949, 513.479, 419.66983, 509.82568, 363.00665, 505.96796, 306.7785, 502.32599, 250.49112, 459.97418, 482.20871, 456.42346, 423.82416, 452.68994, 365.97089, 449.06171, 308.39859, 445.44019, 251.18521, 400.25174, 487.98477, 396.54333, 428.41141, 393.37515, 369.10422, 389.71295, 310.28189, 385.98965, 251.78099;
  678.54822, 465.34192, 675.11731, 412.1326, 671.7464, 359.07278, 668.42853, 306.48401, 664.97058, 253.93584, 628.52362, 469.42453, 625.03912, 415.06662, 621.8786, 361.22784, 618.54822, 307.59299, 615.29565, 253.98004, 576.27142, 473.92236, 573.01392, 418.44949, 569.86218, 363.34351, 566.59528, 308.57486, 563.3092, 254.0607, 522.11133, 478.50461, 518.97699, 421.7999, 515.91821, 365.54333, 512.66248, 309.81381, 509.49536, 254.06503, 465.17331, 483.23865, 462.31961, 425.4295, 459.33951, 367.96323, 456.41272, 310.94772, 453.25116, 254.20615, 405.74756, 488.55704, 403.24854, 429.00641, 400.22165, 370.49326, 397.5105, 312.10791, 394.44864, 254.26862;
  690.03882, 480.60721, 689.05066, 427.9194, 688.14117, 376.07394, 687.35858, 324.33603, 686.31244, 273.13779, 640.2016, 481.85403, 639.51105, 428.45792, 638.56348, 375.46091, 637.98749, 323.0672, 637.16974, 270.92508, 588.54321, 483.27908, 588.04114, 428.82779, 587.57281, 374.88773, 587.02216, 321.67645, 586.40027, 268.59998, 535.15137, 484.70227, 534.94714, 429.24673, 534.8017, 374.41232, 534.42578, 320.24683, 534.12598, 266.27899, 479.52585, 486.29071, 479.67352, 429.88007, 479.75644, 373.97543, 479.69833, 318.89529, 479.60318, 263.97107, 421.57761, 487.7941, 422.08554, 430.2406, 422.64862, 373.46655, 422.85275, 317.27136, 422.98788, 261.47046;
  698.02435, 483.76596, 698.70282, 431.46268, 699.57733, 380.133, 700.37524, 329.08115, 700.94427, 278.16867, 648.138, 483.18207, 649.16461, 430.26276, 650.08636, 377.92368, 651.20245, 326.27301, 652.06622, 274.75211, 596.5246, 482.68021, 597.93774, 428.83908, 599.13068, 375.86777, 600.49066, 323.09122, 601.66077, 270.95511, 543.5415, 482.15323, 545.20996, 427.59457, 546.90936, 373.64554, 548.24127, 320.26852, 549.78204, 267.23389, 488.48459, 481.66492, 490.6181, 426.16843, 492.54794, 371.46304, 494.35684, 317.23959, 496.12164, 263.46594, 431.58383, 481.04419, 434.05612, 424.71106, 436.47232, 369.13315, 438.63342, 314.02246, 440.63403, 259.46426;
  698.70532, 481.29782, 701.52509, 429.58945, 704.12787, 378.29358, 706.96631, 327.70584, 709.41144, 277.23523, 648.63147, 478.72928, 651.63757, 426.14285, 654.62805, 374.1875, 657.73016, 322.94522, 660.53845, 272.05005, 596.97742, 476.00552, 600.45703, 422.52823, 603.83295, 370.03363, 607.04187, 318.2384, 610.27539, 266.4632, 544.02484, 473.03778, 547.97968, 419.15656, 551.79694, 365.84918, 555.28937, 313.14377, 558.85553, 261.08807, 489.34998, 470.18967, 493.71509, 415.40729, 497.94373, 361.52615, 501.84714, 308.17551, 505.74994, 255.29102, 432.96765, 467.2352, 437.94061, 411.71613, 442.46552, 357.00366, 446.90521, 303.073, 451.15839, 249.6192;
  695.31775, 480.6438, 699.38922, 428.82553, 703.42908, 377.5676, 707.41943, 326.92261, 711.2724, 276.83694, 644.91284, 476.50732, 649.40912, 424.03632, 653.76978, 372.23541, 658.15338, 321.00134, 662.28296, 270.19556, 593.2514, 472.33636, 598.22363, 419.03473, 602.93591, 366.75458, 607.62054, 315.01132, 611.90302, 263.54733, 540.28516, 468.10263, 545.74048, 414.2908, 550.85474, 361.21011, 555.81781, 308.75696, 560.66205, 256.90994, 485.67587, 463.70386, 491.54617, 409.22995, 497.28073, 355.62427, 502.54517, 302.51434, 507.84491, 250.0446, 429.48163, 459.16815, 435.83691, 404.04672, 441.93188, 349.69479, 447.88019, 296.05017, 453.46078, 242.90746;
  689.3858, 480.99231, 695.0329, 429.19351, 700.58728, 378.02774, 706.06677, 327.49243, 711.38867, 277.24158, 638.93707, 475.2868, 644.96075, 422.92694, 650.85883, 371.18048, 656.73792, 319.96274, 662.33746, 269.3783, 586.98999, 469.31454, 593.66882, 416.46582, 599.90027, 364.02457, 606.20599, 312.52258, 612.05835, 261.30151, 534.0293, 463.53314, 541.03815, 410.00031, 547.8457, 357.12549, 554.43195, 304.84198, 560.93286, 253.16788, 479.45602, 457.57495, 486.99881, 403.24899, 494.19147, 349.83896, 501.35413, 296.92789, 508.2211, 244.75815, 423.24164, 451.35663, 431.40689, 396.46997, 439.14703, 342.59189, 446.80283, 289.11249, 454.03668, 236.16505;
  689.3858, 480.99231, 695.0329, 429.19351, 700.58728, 378.02774, 706.06677, 327.49243, 711.36395, 277.25171, 638.93707, 475.2868, 644.96075, 422.92694, 650.85883, 371.18048, 656.73792, 319.96274, 662.37384, 269.34222, 586.98999, 469.31454, 593.66882, 416.46582, 599.90027, 364.02457, 606.20599, 312.52258, 612.05835, 261.30151, 534.0293, 463.53314, 541.03815, 410.00031, 547.8457, 357.12549, 554.43195, 304.84198, 560.93286, 253.16788, 479.48837, 457.59351, 486.98938, 403.28076, 494.19147, 349.83896, 501.35413, 296.92789, 508.2211, 244.75815, 423.24164, 451.35663, 431.41013, 396.47537, 439.14703, 342.59189, 446.80283, 289.11249, 454.03668, 236.16505;
  660.01196, 484.88193, 673.15906, 432.85699, 686.04938, 382.05975, 698.68402, 331.85309, 711.20923, 281.86438, 608.9082, 471.54956, 622.63727, 419.22031, 635.8844, 368.03339, 649.05798, 317.284, 662.08105, 267.07352, 556.73267, 457.854, 571.08356, 405.23743, 584.91003, 353.56473, 598.52869, 302.59552, 611.92487, 252.20485, 503.8317, 444.15005, 518.58337, 391.18668, 533.02496, 339.12781, 547.12958, 287.70853, 561.03857, 237.08368, 449.33261, 430.18851, 464.78961, 376.64203, 479.88794, 324.41251, 494.53351, 272.63916, 508.93277, 221.5379, 393.86423, 415.83096, 409.79453, 361.97995, 425.47205, 309.17166, 440.78271, 257.20618, 455.72034, 205.83357;
  651.9046, 484.84531, 667.79346, 433.14502, 683.58167, 382.59305, 698.86005, 332.65509, 713.89215, 283.26849, 601.02734, 468.50894, 617.45007, 416.62363, 633.64734, 365.69034, 649.4873, 315.48587, 665.14288, 265.79358, 549.1167, 451.66608, 566.17786, 399.78516, 582.84033, 348.49036, 599.21924, 297.98456, 615.18726, 248.12045, 496.33704, 435.17261, 514.11237, 382.68637, 531.43512, 331.24011, 548.20544, 280.44345, 564.87433, 230.11279, 442.38376, 418.23413, 460.63068, 365.33783, 478.64325, 313.65549, 496.16812, 262.55429, 513.35016, 212.21057, 387.49063, 400.88602, 406.41501, 347.71432, 424.99603, 295.63336, 443.01843, 244.20625, 460.789, 193.75572;
  638.61304, 495.90851, 659.79382, 445.00784, 680.5589, 395.26221, 700.91742, 346.12872, 721.00244, 297.53171, 588.42163, 474.34915, 610.19501, 423.40778, 631.46228, 373.44754, 652.4278, 324.08859, 672.87982, 275.27887, 537.4613, 452.75311, 559.79156, 401.52737, 581.64307, 351.26718, 602.92651, 301.82828, 623.95758, 252.86467, 485.75928, 430.84497, 508.81284, 379.45148, 531.20825, 329.16522, 553.0791, 279.47253, 574.6192, 230.45758, 433.14566, 408.42554, 456.64746, 357.03128, 479.74527, 306.61813, 502.23755, 256.74088, 524.38782, 207.60957, 379.40106, 386.06424, 403.78094, 334.21075, 427.31793, 283.56924, 450.59604, 233.64598, 473.0372, 184.48962;
  624.1651, 496.10944, 650.36877, 446.80927, 676.06183, 398.64355, 701.17169, 351.15076, 725.7901, 304.31274, 575.36914, 469.48242, 602.19965, 420.35657, 628.32562, 371.78326, 653.96973, 324.50961, 679.20129, 277.61716, 525.89618, 442.58801, 553.33783, 393.50885, 580.10339, 345.17642, 606.18762, 297.53406, 632.06079, 250.78659, 475.98239, 415.65201, 503.92865, 366.39142, 531.28693, 318.10538, 558.16779, 270.65915, 584.40369, 223.85104, 425.17743, 388.36096, 453.80798, 339.07922, 481.85919, 290.96429, 509.22189, 243.28717, 535.93597, 196.33769, 373.63977, 360.76498, 402.87216, 311.49484, 431.6423, 263.12131, 459.60422, 215.65605, 487.05539, 168.98125;
  618.43097, 493.43021, 646.25928, 445.03934, 673.51587, 397.58398, 700.21948, 350.88, 726.23413, 304.57202, 570.3158, 465.13889, 598.82404, 416.67627, 626.55164, 369.35178, 653.75781, 322.57333, 680.6308, 276.5174, 521.62646, 436.57361, 550.71375, 387.98648, 579.07355, 340.89142, 606.82916, 294.13147, 634.1037, 248.28101, 472.4183, 407.92151, 502.19415, 359.58926, 531.11163, 312.2496, 559.51337, 265.612, 587.28436, 219.79008, 422.47189, 378.90189, 452.78442, 330.54263, 482.53241, 283.36694, 511.35541, 236.72733, 539.65594, 191.06046, 371.82156, 349.71112, 402.76038, 301.3772, 433.11438, 254.1185, 462.68347, 207.63887, 491.59097, 161.90288;
  597.95392, 489.20428, 631.22571, 443.3176, 663.69836, 398.36984, 695.56628, 354.3295, 726.85889, 310.6012, 552.29889, 455.46973, 586.19794, 410.12271, 619.22357, 364.90042, 651.50037, 320.79486, 683.25677, 277.48322, 506.46136, 421.5343, 540.76996, 376.0195, 574.33575, 331.31668, 607.23828, 287.43924, 639.52338, 244.34171, 460.20825, 387.58514, 495.08435, 342.06125, 529.26508, 297.82959, 562.58258, 253.97482, 595.34656, 210.90352, 413.16177, 353.0929, 448.80603, 307.88367, 483.44254, 263.71948, 517.46222, 220.21779, 550.74384, 177.2444, 365.68295, 318.54147, 401.93002, 273.53439, 437.19571, 229.37617, 471.7001, 185.94682, 505.65994, 143.45819;
  566.00061, 501.13327, 606.09796, 459.86819, 645.56207, 418.82736, 684.3725, 378.76733, 722.67487, 338.88885, 525.07336, 460.8465, 565.71893, 419.60336, 605.60535, 379.03543, 644.89917, 339.00473, 683.41296, 299.2865, 483.93274, 420.44974, 524.95062, 379.19604, 565.2193, 338.85211, 604.85846, 299.00458, 643.73724, 259.39883, 442.37714, 379.80664, 483.92325, 338.84329, 524.80469, 298.74442, 564.73718, 259.14548, 603.96454, 219.96245, 400.39587, 338.95624, 442.39447, 298.23047, 483.71564, 258.34784, 524.09869, 218.98087, 563.8219, 180.10602, 357.91629, 297.9241, 400.52829, 257.37662, 442.14127, 217.79915, 483.0321, 178.57475, 523.3855, 139.8392;
  556.11102, 505.08267, 598.07428, 464.93542, 639.18823, 425.48773, 679.57568, 386.54263, 719.52374, 347.88947, 516.65631, 463.25983, 559.05548, 423.27225, 600.5448, 384.03714, 641.26935, 345.08704, 681.42041, 307.082, 476.87311, 421.07886, 519.62976, 381.32239, 561.54608, 342.2442, 602.65454, 303.73322, 643.30518, 265.5687, 436.69751, 378.96381, 479.97144, 339.47131, 522.40588, 300.72678, 563.92163, 262.37421, 604.83203, 224.41455, 396.17438, 336.69876, 439.8588, 297.24585, 482.66724, 258.74164, 524.69928, 220.54095, 566.08276, 182.96005, 355.32034, 293.84033, 399.3696, 254.78279, 442.69019, 216.37927, 485.02191, 178.60452, 526.88477, 141.18243;
  649.38702, 183.4883, 592.81207, 179.94669, 535.49976, 176.36978, 477.33685, 172.6945, 418.14792, 168.96077, 647.10919, 240.05853, 590.56696, 236.97227, 533.20984, 233.90726, 475.1377, 230.5826, 416.06512, 227.11693, 644.79352, 296.71353, 588.21631, 294.06656, 530.90936, 291.06918, 472.81628, 288.23178, 413.57806, 285.13794, 642.44025, 353.21298, 585.85492, 350.82925, 528.51794, 348.33963, 470.30206, 345.94131, 411.14316, 343.48047, 639.80084, 409.97571, 583.14484, 407.96948, 525.8205, 406.0484, 467.64572, 403.82053, 408.52469, 401.82388, 637.02539, 466.8071, 580.37366, 465.1774, 523.09222, 463.49149, 464.845, 461.64792, 405.69305, 459.97452;
  711.39703, 215.06697, 658.97412, 197.34641, 606.23798, 179.23203, 553.18372, 161.11932, 499.65463, 142.70222, 694.27673, 267.65244, 641.66846, 250.0291, 588.91492, 232.24858, 535.69757, 214.17432, 481.99731, 196.08537, 676.99377, 320.32648, 624.38214, 302.97, 571.46179, 285.24445, 518.21649, 267.51682, 464.39243, 249.63364, 659.78571, 372.9635, 606.99127, 355.5386, 553.97028, 338.22232, 500.60217, 320.7037, 446.72482, 303.06476, 642.38458, 425.81689, 589.48468, 408.70126, 536.47858, 391.34616, 482.89124, 374.14682, 428.9953, 356.69897, 624.81055, 478.93604, 571.72913, 461.85141, 518.79254, 444.88348, 465.25339, 427.59412, 411.16071, 410.47516;
  734.39972, 221.53473, 683.63037, 200.78851, 632.6109, 180.33157, 581.25378, 159.40926, 529.61182, 138.20914, 714.46381, 272.35013, 663.672, 252.01759, 612.46948, 231.54921, 561.05231, 211.0041, 509.078, 189.98094, 694.57788, 323.38226, 643.65704, 303.35519, 592.34821, 283.0798, 540.78131, 262.54388, 488.60287, 241.91721, 674.72076, 374.69061, 623.5719, 354.57797, 572.20087, 334.54147, 520.42767, 314.19943, 468.09259, 293.79251, 654.61804, 426.1171, 603.38336, 406.17911, 551.70685, 386.29565, 500.013, 366.1882, 447.35001, 346.12292, 634.42261, 477.82565, 582.97821, 458.13116, 531.31158, 438.33301, 479.08801, 418.50372, 426.72543, 398.3085;
  1183.8271, 279.77197, 1191.731, 239.91052, 1200.0956, 199.67442, 1208.3113, 159.07129, 1216.498, 117.93596, 1139.5331, 273.71426, 1147.3643, 234.38963, 1155.0669, 194.89569, 1163.3281, 154.98718, 1171.2698, 114.79972, 1097.045, 267.53427, 1104.287, 229.21275, 1112.208, 190.30814, 1119.8579, 151.06709, 1127.5031, 111.49456, 1056.1381, 261.75702, 1063.4688, 224.06871, 1070.7101, 185.97238, 1078.0479, 147.44267, 1085.4355, 108.31003, 1016.6762, 256.21786, 1023.7116, 219.07114, 1030.5317, 181.59673, 1037.8054, 143.84604, 1045.0048, 105.57106, 978.72772, 250.96092, 985.22821, 214.28055, 991.98566, 177.72263, 998.90588, 140.37547, 1005.7925, 102.83121;
  1210.9174, 473.26514, 1214.6044, 428.09366, 1218.4396, 383.05215, 1222.1682, 338.16599, 1225.8708, 293.0239, 1161.4026, 467.69412, 1164.9523, 423.25201, 1168.5573, 378.58157, 1172.4043, 334.33517, 1176.1957, 289.95526, 1112.6067, 462.22641, 1116.4224, 418.27005, 1120.1906, 374.37903, 1123.9343, 330.68265, 1127.6974, 286.79355, 1065.6285, 457.26627, 1069.2086, 413.58093, 1072.9552, 370.44327, 1076.6901, 327.00793, 1080.5463, 283.96277, 1019.3859, 451.99649, 1023.1424, 409.21765, 1026.8961, 366.26102, 1030.6295, 323.63483, 1034.3114, 280.98413, 974.47772, 447.07529, 978.08539, 404.6543, 981.77979, 362.41342, 985.54779, 320.21411, 989.4201, 278.31293;
  1206.199, 494.24561, 1208.0913, 448.56421, 1210.1351, 403.147, 1212.3616, 357.76913, 1214.2891, 312.4267, 1156.3073, 490.14371, 1158.3907, 444.89569, 1160.4286, 399.8175, 1162.4163, 355.13101, 1164.5571, 310.26004, 1107.5129, 486.00125, 1109.6693, 441.39682, 1111.8779, 396.78485, 1113.9438, 352.44992, 1116.2087, 308.2865, 1060.037, 482.04251, 1062.1252, 437.87189, 1064.4242, 393.7124, 1066.5343, 350.13034, 1068.6566, 306.35428, 1013.3519, 478.07736, 1015.5106, 434.44702, 1017.7688, 390.97208, 1020.1014, 347.62735, 1022.4066, 304.17148, 967.59564, 474.1098, 969.88678, 430.68988, 972.11096, 388.18921, 974.63788, 345.12897, 977, 302.57153;
  934.02307, 685.76849, 928.63458, 635.34131, 923.2572, 585.81403, 918.07068, 536.92664, 912.83783, 488.54837, 887.82404, 691.36798, 882.49701, 640.63507, 877.40686, 590.58716, 872.52344, 541.2594, 867.54266, 492.41742, 840.64227, 697.25641, 835.70764, 645.92242, 830.93048, 595.3692, 826.19568, 545.64581, 821.32849, 496.3399, 792.79822, 702.96613, 788.24615, 651.27161, 783.79431, 600.25549, 779.22034, 550.07184, 774.75006, 500.25229, 744.09094, 709.03931, 739.86371, 656.69019, 735.53625, 605.24756, 731.28394, 554.41913, 727.03619, 504.36313, 694.23468, 714.81683, 690.54401, 662.41754, 686.68085, 610.3158, 682.62128, 559.09601, 678.74689, 508.48834;
  659.10071, 637.94, 654.38586, 589.56989, 649.65039, 541.8869, 645.13159, 495.31754, 640.60046, 449.26889, 613.2395, 644.36853, 608.70978, 594.98016, 604.35138, 546.68671, 600.17004, 499.33951, 596.04236, 452.50034, 565.48926, 650.81805, 561.53894, 600.74084, 557.53076, 551.47961, 553.67236, 503.48938, 550.04352, 455.92548, 516.67157, 657.67572, 513.14703, 606.5849, 509.54309, 556.61554, 506.2066, 507.54224, 502.70981, 459.57532, 465.95273, 664.59497, 462.86496, 612.6731, 459.94852, 561.78442, 457.09937, 512.01215, 454.06741, 463.16455, 413.72525, 671.55267, 411.16553, 619.05219, 408.63519, 567.2005, 406.2305, 516.8031, 403.74384, 467.02307;
  621.8797, 598.52252, 617.77283, 551.12006, 613.74335, 504.78406, 610.15363, 459.51782, 606.38593, 415.05017, 576.27209, 603.34363, 572.69684, 555.15137, 569.01239, 508.09442, 565.83673, 462.08438, 562.49426, 416.79944, 529.03656, 608.33032, 525.93945, 559.15967, 522.98462, 511.22488, 520.11395, 464.5, 517.18744, 418.75259, 480.60522, 613.52313, 477.99603, 563.57129, 475.60403, 514.8811, 473.2074, 467.35043, 470.67654, 420.6149, 430.27429, 618.92786, 428.19608, 568.05377, 426.34039, 518.66589, 424.48813, 470.26379, 422.55673, 422.76825, 378.16846, 624.25732, 376.73395, 572.67358, 375.46765, 522.39136, 374.10849, 473.27841, 372.75793, 424.96262;
  586.8988, 585.21484, 583.67096, 538.29938, 580.4743, 492.22275, 577.33099, 447.46893, 574.33521, 403.50214, 541.30145, 589.08508, 538.46796, 541.19623, 535.6557, 494.71967, 533.12079, 449.0766, 530.54138, 404.50439, 493.87534, 593.26196, 491.59872, 544.45844, 489.48459, 497.07745, 487.3363, 450.69388, 485.32227, 405.41766, 445.02066, 597.62244, 443.40875, 548.12244, 441.91187, 499.75983, 440.40906, 452.5719, 438.77225, 406.5199, 394.34183, 602.09711, 393.4537, 551.66101, 392.41653, 502.54617, 391.53067, 454.54169, 390.65488, 407.73734, 341.93259, 606.71698, 341.70279, 555.29102, 341.3653, 505.29263, 341.16971, 456.31406, 340.80298, 408.88736;
  521.47443, 601.0556, 519.5448, 553.43091, 517.82874, 506.8009, 515.93512, 461.4501, 514.03333, 416.7009, 474.32626, 604.76123, 472.96906, 556.28046, 471.56329, 509.03961, 470.28055, 462.71826, 469.03918, 417.22675, 425.58099, 608.75385, 424.68005, 559.3985, 423.98611, 511.33649, 423.28473, 464.11334, 422.46323, 417.95242, 375.40369, 612.95953, 375.18604, 562.7724, 374.98187, 513.87665, 374.84995, 465.9343, 374.57059, 419.02222, 323.43317, 617.26947, 323.77682, 566.17468, 324.19653, 516.28815, 324.68814, 467.7171, 324.97299, 419.98758, 269.55951, 621.56964, 270.65677, 569.50525, 271.84003, 518.89679, 272.86758, 469.47055, 273.89645, 421.04889;
  497.45871, 615.24841, 496.15802, 567.31012, 494.97385, 520.62976, 493.82501, 474.67892, 492.68347, 429.73792, 449.99005, 619.08716, 449.20303, 570.39612, 448.3782, 522.75549, 447.59909, 476.15439, 447.08606, 430.42914, 400.74521, 623.00854, 400.52142, 573.39209, 400.4393, 525.02856, 400.23007, 477.78162, 399.81271, 431.03436, 350.27426, 627.138, 350.69193, 576.79974, 350.97836, 527.55328, 351.39133, 479.34723, 351.75131, 432.1846, 297.87173, 631.20416, 298.8631, 579.83893, 299.76093, 530.04474, 300.84143, 481.05524, 301.59024, 432.99033, 243.90852, 635.60034, 245.38751, 583.48102, 246.94876, 532.59314, 248.61163, 482.7532, 250.08669, 433.96802;
  457.68063, 633.29358, 457.02478, 585.62366, 456.49567, 538.81531, 456.04459, 493.1749, 455.43402, 448.0368, 409.77383, 637.3175, 409.67584, 588.52295, 409.5546, 541.36444, 409.483, 494.7774, 409.46097, 448.93005, 360.36642, 641.55713, 360.72415, 592.29529, 361.17645, 544.01569, 361.62936, 496.52985, 361.9451, 449.94022, 309.67551, 645.66614, 310.65161, 595.78522, 311.48416, 546.54565, 312.44589, 498.3913, 313.24393, 451.15002, 257.18277, 650.16608, 258.57388, 599.18439, 260.06409, 549.31226, 261.50558, 500.42609, 262.88715, 452.25522, 202.84178, 654.78217, 204.99182, 602.90149, 206.94891, 552.12134, 208.96014, 502.3241, 210.91068, 453.55789;
  430.03989, 647.02649, 429.39438, 599.57037, 428.91397, 552.89746, 428.26736, 506.95764, 427.68958, 461.99884, 381.81299, 651.56146, 381.67392, 603.18921, 381.5578, 556.00037, 381.41968, 509.40396, 381.298, 463.41397, 332.24344, 656.26605, 332.6394, 607.2348, 332.95569, 558.99475, 333.28201, 511.57147, 333.63062, 465.0574, 281.47641, 660.90826, 282.26163, 611.19165, 283.14023, 562.1416, 283.93692, 514.08282, 284.69492, 466.64029, 228.98, 665.89081, 230.19705, 615.06061, 231.58792, 565.27496, 232.86754, 516.39178, 233.91899, 468.31293, 174.95216, 670.76727, 176.51035, 619.32025, 178.27994, 568.66162, 180.14642, 518.99188, 181.8857, 470.02054;
  374.2709, 671.17737, 374.72769, 623.88727, 375.5415, 577.41504, 376.09177, 531.86047, 376.65454, 486.85519, 325.89859, 675.50543, 326.97369, 627.39685, 327.94226, 580.21405, 328.99109, 533.97644, 330.0466, 488.10556, 276.06656, 679.87073, 277.42114, 631.16931, 278.93964, 583.13232, 280.3056, 536.03552, 281.78668, 489.42145, 224.72911, 684.37262, 226.77914, 634.8031, 228.58258, 586.07782, 230.54282, 538.14587, 232.38454, 490.81989, 171.96205, 688.7561, 174.27739, 638.39319, 176.68513, 589.03784, 178.96063, 540.25781, 181.35799, 492.289, 117.85133, 693.01733, 120.39252, 642.16504, 123.21462, 591.84052, 125.91518, 542.44751, 128.76506, 493.50375;
  312.32562, 675.75665, 313.45139, 629.36365, 314.66739, 583.97833, 315.79315, 539.3009, 316.97049, 495.03516, 264.02783, 679.82135, 265.5289, 632.85297, 267.15256, 586.63867, 268.67572, 541.06268, 270.14764, 496.35748, 214.13782, 683.74878, 216.23659, 636.1748, 218.17804, 589.37457, 220.11723, 543.23334, 222.05133, 497.72522, 163.36302, 687.83929, 165.81114, 639.58447, 168.12321, 592.04187, 170.51521, 545.21265, 172.84328, 498.97464, 111.26912, 691.93579, 113.98252, 642.89215, 116.63177, 594.80206, 119.3911, 547.20184, 122.05568, 500.35214, 57.617599, 695.85175, 60.836388, 646.20166, 63.99305, 597.39288, 67.172264, 549.16199, 70.310104, 501.75806;
  283.48035, 424.76669, 283.81442, 392.4982, 284.15762, 360.70908, 284.34433, 329.2345, 284.56134, 297.92151, 248.39171, 426.14627, 249.01216, 393.72397, 249.60425, 362.02859, 250.20015, 330.09659, 250.62506, 298.86649, 213.06271, 427.82803, 214.02136, 395.31165, 214.90581, 363.05173, 215.50354, 331.229, 216.34956, 299.48029, 177.62936, 429.29373, 178.85495, 396.5654, 179.88406, 364.25027, 181.01636, 332.35806, 181.79861, 300.60352, 141.91705, 430.83545, 143.27882, 398.14679, 144.68588, 365.59167, 145.96935, 333.40527, 147.07829, 301.53006, 106.1273, 432.47092, 107.51681, 399.38593, 109.08385, 366.86896, 110.58932, 334.55368, 112.18862, 302.42334;
  314.85062, 363.27002, 315.22339, 332.23688, 315.65027, 300.8035, 315.98282, 269.73999, 316.28397, 237.79047, 280.85785, 362.54352, 281.29147, 331.44962, 281.73987, 299.89597, 282, 268.08795, 282.09644, 236.22101, 246.93568, 362.2569, 247.12141, 330.51123, 247.19081, 298.88062, 247.42226, 266.81082, 247.54588, 234.76912, 212.07512, 361.39041, 212.45537, 329.55682, 212.43907, 297.71359, 212.51393, 265.58466, 212.80171, 233.13828, 177.17229, 360.76318, 177.23186, 328.98004, 177.21811, 296.6683, 177.17229, 264.13501, 177.2571, 231.33498, 141.56537, 360.2666, 141.44672, 328.01245, 141.46196, 295.52209, 141.33525, 262.75183, 140.89505, 229.87363;
  349.39371, 256.7872, 361.52264, 226.20311, 374.00525, 195.28767, 386.34595, 164.44087, 398.86298, 132.37598, 316.30072, 245.38591, 328.56607, 214.11601, 341.00897, 182.65314, 353.5535, 150.95627, 366.07904, 118.72255, 281.93427, 233.63005, 294.33203, 201.60406, 306.70099, 169.55194, 319.34973, 137.29451, 332.01355, 104.37062, 246.54289, 221.36986, 258.99719, 188.84378, 271.5838, 156.11868, 284.29904, 122.9978, 296.99731, 89.728714, 210.02762, 208.60532, 222.51634, 175.44843, 235.08759, 142.08028, 247.76633, 108.42731, 260.61322, 74.343719, 172.02016, 195.51787, 184.48759, 161.55235, 197.30315, 127.79143, 210.09221, 93.286278, 223.00201, 58.50098;
  352.70871, 244.69185, 365.01392, 213.71968, 377.34735, 182.77866, 389.55264, 151.55264, 402.09091, 120.33764, 319.87006, 232.31413, 332.35696, 200.82976, 344.61322, 169.51054, 357.26831, 137.82158, 369.77451, 106.06837, 285.7262, 219.59766, 298.17175, 187.58055, 311.10693, 155.51498, 323.49808, 123.21253, 336.3898, 90.873177, 250.65862, 206.72661, 263.53418, 174.11012, 276.15088, 141.36797, 289.04169, 108.55287, 301.97794, 75.623474, 214.28534, 192.93178, 227.23584, 159.92479, 240.18906, 126.78773, 253.33868, 93.251236, 266.30649, 59.63435, 176.76506, 179.01833, 189.72377, 145.29515, 203.04774, 111.58088, 216.078, 77.484077, 229.45694, 43.237328;
  258.58829, 226.78508, 266.05438, 193.89702, 273.20996, 161.04597, 280.36328, 128.10059, 287.37268, 95.187157, 222.82239, 218.47987, 230.06889, 184.86127, 237.49928, 151.49991, 244.6496, 118.01167, 252.13307, 84.531548, 185.45793, 209.77164, 193.07466, 175.79482, 200.5695, 141.55557, 207.8837, 107.65721, 215.50656, 73.475517, 146.91344, 201.04201, 154.70016, 166.08955, 162.30927, 131.42374, 170.10583, 97.055054, 177.74072, 62.057091, 107.25273, 191.84261, 115.12708, 156.35823, 122.86244, 120.95732, 130.83353, 85.688133, 138.82503, 50.558796, 65.902565, 182.23003, 74.137772, 146.18445, 82.385574, 110.31496, 90.348427, 74.507568, 98.676552, 38.549816;
  248.19437, 227.38132, 254.99847, 194.21861, 261.4454, 161.29588, 268.05829, 128.44408, 274.66888, 95.323051, 211.85071, 219.50195, 218.52342, 185.92584, 225.43304, 152.37997, 231.9454, 118.99296, 238.93231, 85.225731, 174.15247, 211.53691, 181.13548, 177.24182, 188.04236, 142.98709, 194.99229, 108.92126, 201.94711, 74.737549, 135.4516, 203.15527, 142.61705, 168.237, 149.68823, 133.38882, 156.73207, 98.771873, 163.82768, 63.905968, 95.452545, 194.6411, 102.58743, 159.02563, 109.8439, 123.67239, 117.22292, 88.443993, 124.57391, 52.872566, 53.891254, 185.82883, 61.402554, 149.65942, 69.020294, 113.55186, 76.567383, 77.704666, 84.184135, 41.763668;
  229.82426, 200.5061, 229.19951, 165.80095, 229.01611, 131.49808, 228.4621, 96.835373, 228.02791, 62.261189, 191.23944, 198.99121, 190.88754, 164.06572, 190.40407, 129.18846, 190.09088, 94.232117, 189.79063, 59.232231, 151.81601, 197.64328, 151.46896, 162.32088, 151.24513, 126.89057, 150.78992, 91.624817, 150.61118, 56.34713, 111.86964, 196.16124, 111.64393, 160.32747, 111.39504, 124.76009, 111.23241, 89.200897, 110.78362, 53.239681, 71.021645, 194.71985, 70.830727, 158.65919, 70.838402, 122.61663, 70.731682, 86.58506, 70.399773, 50.331665, 29.430285, 193.4601, 29.421049, 157.04172, 29.350752, 120.50394, 29.291351, 84.012115, 29.259113, 47.412823;
  243.79736, 196.77649, 244.0226, 161.54985, 244.25378, 126.35742, 244.56029, 91.170746, 244.64864, 55.540588, 204.70279, 194.67145, 205.10799, 159.24774, 205.24768, 123.68026, 205.64926, 88.00383, 206.02048, 52.28783, 165.07318, 192.98593, 165.25954, 156.76236, 165.84003, 120.8423, 166.14461, 85.067383, 166.54524, 48.948589, 124.82165, 190.7251, 125.27987, 154.54913, 125.82309, 118.1879, 126.28624, 81.990318, 126.7567, 45.592564, 84.046204, 188.91916, 84.399147, 152.23856, 85.133217, 115.79345, 85.673157, 79.087845, 86.317993, 42.312634, 42.640892, 187.20499, 43.101257, 150.08109, 43.645897, 113.07955, 44.385788, 76.339615, 45.153667, 39.090248;
  301.78726, 200.02364, 303.74298, 162.66258, 305.59122, 125.08324, 307.62454, 87.339355, 309.44907, 49.429352, 262.2789, 196.82532, 264.22427, 159.22075, 266.15161, 121.51997, 268.05878, 83.634712, 269.88354, 45.260471, 222.51538, 193.57033, 224.23671, 155.72729, 226.31691, 117.94264, 228.20729, 79.719856, 230.04158, 41.373463, 182.54774, 190.45822, 184.46814, 152.41022, 186.18362, 114.27209, 188.3199, 75.864769, 190.2193, 37.49337, 142.2471, 187.15727, 144.11087, 149.04466, 146.07094, 110.64774, 147.93414, 72.28582, 149.9776, 33.541157, 101.65641, 184.21176, 103.49022, 145.67964, 105.35368, 107.08074, 107.41019, 68.565315, 109.64078, 29.791481;
  432.2756, 230.07819, 432.58313, 195.63242, 432.8837, 161.00381, 433.4223, 126.00629, 433.52176, 90.377312, 397.4386, 228.49947, 397.69232, 194.00986, 397.81836, 159.29829, 398.12372, 124.1237, 398.32156, 88.634323, 362.74194, 226.65015, 362.89932, 192.22696, 362.98178, 157.49118, 362.83847, 122.59554, 363.03015, 86.75499, 328.30133, 225.06633, 328.27203, 190.58987, 328.01523, 155.72377, 328.04361, 120.45824, 327.92575, 85.075485, 293.60837, 223.44051, 293.466, 188.94551, 293.39029, 154.10738, 293.10669, 118.78157, 292.93481, 83.358871, 259.08228, 221.86954, 258.87256, 187.26199, 258.5, 152.5, 258.15067, 117.25766, 257.64688, 81.496353;
  548.26764, 207.61971, 540.98199, 173.18242, 533.54797, 138.7155, 525.99921, 103.09418, 518.26385, 66.805977, 515.1178, 212.99739, 507.58481, 179.14798, 499.9639, 144.5694, 492.12845, 109.27457, 484.02014, 73.35128, 482.72137, 218.33853, 474.87848, 184.55655, 467.05679, 150.39168, 458.93954, 115.45412, 450.50848, 79.748711, 450.75714, 223.60373, 442.87054, 190.095, 434.70285, 156.20331, 426.33469, 121.37807, 417.85104, 85.897781, 419.18701, 228.86885, 411.00284, 195.5191, 402.75433, 161.95074, 394.03741, 127.31625, 385.23721, 92.184647, 388.31149, 233.9077, 379.79333, 201.0266, 371.00409, 167.5175, 362.3266, 133.21611, 353.41177, 98.131088;
  660.07611, 265.36588, 660.50635, 232.45845, 661.01318, 200.18036, 661.55884, 168.38315, 662.07587, 137.44049, 624.70673, 262.06641, 625.42493, 229.22531, 626.4201, 197.05586, 627.25171, 165.16499, 628.15356, 133.82883, 588.89478, 259.23773, 590.11554, 226.07576, 590.99908, 193.57904, 592.5061, 161.71811, 593.58691, 130.33678, 552.78076, 256.18054, 554.40558, 222.96635, 555.95642, 190.48552, 557.53821, 158.3699, 559.086, 127.01972, 516.28448, 253.1812, 518.2395, 219.96654, 520.17401, 187.22232, 522.15179, 155.13374, 524.00482, 123.42879, 479.23746, 250.2419, 481.54581, 216.77715, 483.79782, 183.96194, 486.30154, 151.7697, 488.5282, 120.05021;
  695.89917, 267.87463, 688.49213, 235.41188, 681.40094, 203.66118, 674.71472, 172.51468, 668.0235, 141.64548, 662.80292, 269.25803, 655.90533, 236.53339, 648.87177, 204.45361, 642.28265, 172.79288, 635.97052, 141.46921, 628.91376, 271.01657, 622.19049, 237.73375, 615.58234, 205.2399, 609.15765, 173.10155, 602.89771, 141.51613, 594.3045, 272.79773, 587.66644, 239.00627, 581.38013, 205.77332, 575.18329, 173.54431, 569.11493, 141.56203, 558.36359, 274.65549, 552.05554, 240.3206, 545.98505, 207.03636, 539.97272, 173.95512, 534.33417, 141.65845, 521.39551, 276.62827, 515.46582, 241.83542, 509.86545, 208.06416, 504.01852, 174.58472, 498.50269, 141.78387;
  695.04504, 251.70818, 686.0946, 218.82951, 677.41437, 186.58565, 668.84845, 154.68497, 660.63983, 122.93478, 662.31714, 255.55496, 653.53955, 222.12071, 644.99573, 189.42783, 636.66608, 157.15524, 628.42664, 124.98789, 628.78107, 259.28198, 620.14185, 225.38094, 611.63721, 192.30528, 603.36206, 159.53307, 595.23431, 126.93936, 594.26837, 263.58527, 585.68048, 229.16249, 577.50665, 195.52098, 569.35303, 162.15205, 561.36121, 129.14409, 558.68555, 267.86975, 550.41333, 232.96756, 542.14532, 198.60608, 534.09711, 164.8933, 526.18512, 131.36612, 521.73553, 272.42038, 513.86621, 236.96671, 505.88181, 201.99222, 497.94937, 167.64551, 490.18048, 133.81062;
  705.55377, 245.20467, 696, 211.5, 686.67426, 177.80086, 677.36932, 144.38885, 668.10315, 111.24467, 673.19916, 250.77968, 663.50372, 216.57257, 654.05707, 182.58864, 644.88293, 148.7117, 635.64435, 115.10055, 639.56244, 256.63348, 630.22119, 222.36418, 620.76447, 187.52344, 611.4892, 153.42311, 602.33539, 119.17127, 605.44073, 263.06415, 595.98981, 227.6496, 586.57751, 192.57748, 577.3869, 157.94476, 568.00983, 123.35648, 570.08014, 269.47098, 560.69427, 233.59631, 551.28217, 198.2039, 542.12347, 162.85248, 532.7168, 127.60718, 533.78595, 276.06461, 524.35181, 239.54095, 515.02271, 203.645, 505.80255, 167.78419, 496.67307, 132.29248;
  711.25885, 246.82054, 701.97369, 212.50557, 692.59692, 178.77592, 683.29034, 145.03209, 674.16132, 111.32217, 678.93829, 252.61513, 669.33087, 218.12065, 660.06482, 183.8069, 650.88293, 149.7117, 641.6026, 115.50919, 645.53326, 258.96152, 636.08881, 223.87601, 626.61151, 189.06628, 617.41455, 154.31651, 608.30634, 120.08672, 611.23572, 265.3858, 601.92035, 229.72507, 592.42603, 194.44081, 583.01288, 159.3385, 573.80951, 124.34589, 576.04077, 271.86816, 566.5257, 235.82069, 557.11218, 200.16641, 547.76465, 164.44626, 538.4502, 128.93373, 539.63727, 278.99457, 530.19238, 242.04848, 520.88354, 205.76117, 511.62613, 169.98369, 502.15601, 133.61588;
  739.1723, 254.78641, 730.2644, 219.95784, 721.36768, 185.19067, 712.64258, 150.48143, 703.82477, 115.65154, 706.56195, 261.59204, 697.48712, 226.4995, 688.52698, 191.09645, 679.45496, 156.0067, 670.53381, 120.44007, 673.03595, 268.51102, 663.92181, 232.85287, 654.93994, 197.08478, 645.85052, 161.48375, 636.86407, 125.72902, 638.81848, 275.62006, 629.62225, 239.42813, 620.58899, 203.27048, 611.42236, 167.12981, 602.25421, 131.12529, 603.46844, 282.95789, 594.20416, 246.02795, 585.14618, 209.67725, 575.81458, 173.24126, 566.77307, 136.53355, 567.26483, 290.349, 558.04871, 253.11304, 548.84283, 216.179, 539.62341, 179.30173, 530.20416, 142.02795;
  789.35767, 266.2933, 781.41547, 230.6803, 773.54028, 194.62714, 765.63312, 158.52769, 757.45123, 122.09801, 755.5238, 273.90857, 747.33472, 237.60147, 739.32788, 201.439, 731.33429, 164.98602, 723.14636, 128.18175, 721.02765, 281.29922, 712.81439, 244.72945, 704.59302, 208.14433, 696.38611, 171.4333, 688.26764, 134.67162, 686.02075, 288.89911, 677.65973, 252.17177, 669.45984, 215.28687, 661.03796, 178.24193, 652.79651, 140.86768, 650.3172, 296.6619, 641.74506, 259.46097, 633.45313, 222.39964, 625.02313, 185.1366, 616.35815, 147.35577, 613.91656, 304.71249, 605.32336, 267.18716, 596.82971, 229.46051, 588.23358, 192.01248, 579.62616, 153.8658;
  927.99896, 349.59308, 932.51257, 315.59106, 937.10492, 281.69049, 942.06427, 247.49692, 946.84357, 213.03815, 893.10919, 345.27155, 897.78137, 311.2146, 902.30402, 277.08896, 907.07379, 242.96872, 911.96283, 208.62602, 858.36328, 340.98996, 863.05634, 306.69415, 867.59955, 272.7522, 872.25464, 238.63705, 876.94733, 204.2997, 823.91895, 336.46515, 828.49561, 302.3996, 833.18402, 268.42102, 837.6377, 234.18198, 842.52582, 200.09969, 789.55017, 332.04877, 794.01685, 298.10818, 798.44275, 264.00345, 803.11389, 229.95622, 807.75427, 195.72774, 755.01147, 327.79248, 759.45026, 293.82156, 764.10022, 259.57785, 768.6192, 225.7764, 773.36224, 191.61975;
  894.66736, 303.82785, 897.72601, 270.65674, 900.86938, 237.12535, 904.00073, 203.79419, 906.9137, 170.15776, 861.70288, 301.32559, 864.83685, 268.14777, 867.68054, 234.67581, 870.77826, 201.14882, 873.90613, 167.20793, 828.62286, 298.97516, 831.44922, 265.78036, 834.2981, 232.12506, 837.29437, 198.46803, 840.29602, 164.57268, 795.25763, 296.63434, 798.04657, 263.12952, 800.97784, 229.55942, 803.83691, 195.69038, 806.93756, 161.85202, 761.87817, 294.07599, 764.58466, 260.62076, 767.02496, 226.98097, 770.1355, 193.1813, 773.00397, 159.03241, 728.09845, 291.73511, 730.91589, 258.00345, 733.62439, 224.4724, 736.336, 190.51872, 739.20087, 156.32423;
  880.87555, 272.33853, 882.73511, 239.29044, 884.65601, 206.08469, 886.77362, 172.69719, 888.69788, 139.05812, 848.66876, 270.93912, 850.323, 237.85629, 852.18677, 204.3683, 853.92731, 170.92018, 856.31738, 137.1918, 815.92834, 269.56729, 817.63049, 236, 819.57983, 202.76584, 821.35992, 169.07378, 823.02283, 135.00372, 783.40704, 268.02585, 785.04224, 234.27864, 786.81494, 200.80644, 788.43909, 167.12062, 790.1109, 133.14163, 750.19263, 266.39523, 751.82831, 232.82056, 753.47748, 199.09421, 755.02582, 165.0943, 756.82196, 131.03711, 716.85211, 264.97186, 718.42542, 231.12172, 719.90143, 197.2453, 721.58136, 163.15828, 723.22443, 128.95482;
  963.66937, 248.91267, 963.67438, 216.45805, 963.69824, 184.26929, 963.7215, 151.76703, 963.92798, 119.03555, 932.38312, 248.19264, 931.9928, 215.66882, 932.31348, 183.15701, 932.328, 150.47353, 932.4704, 118.02026, 900.63715, 247.46037, 900.73572, 214.70058, 900.70728, 182.07603, 900.68286, 149.4201, 900.64044, 116.86216, 869.06897, 246.64958, 868.9101, 213.84151, 868.95557, 181.31923, 868.875, 148.48595, 868.82184, 115.78381, 836.91034, 245.90887, 836.8266, 212.99457, 836.79523, 180.39041, 836.6933, 147.56236, 836.72876, 114.6335, 804.56287, 245.07855, 804.46625, 212.0154, 804.53558, 179.24083, 804.41278, 146.50319, 804.4281, 113.39762;
  993.16986, 230.53374, 994.99213, 201.49712, 996.78076, 172.64575, 998.67279, 143.37616, 1000.4963, 113.97163, 975.80603, 229.01054, 977.46075, 199.41165, 979.2254, 169.875, 981.00226, 140.21004, 982.79211, 110.15514, 957.54736, 227.03258, 959.12457, 197.12822, 960.79865, 167.20953, 962.42017, 136.88226, 964.35388, 106.6851, 938.66034, 225.53162, 940.20441, 194.90179, 941.88702, 164.21074, 943.38257, 133.51822, 945.06213, 102.62795, 918.88037, 223.74454, 920.38904, 192.34673, 921.79675, 161.28778, 923.43524, 130.10782, 924.966, 98.62442, 898.18463, 221.73503, 899.67682, 190.11818, 901.38904, 158.34673, 902.85394, 126.4705, 904.20795, 94.263168;
  1031.8792, 229.29398, 1032.7585, 197.40225, 1033.7332, 165.54858, 1034.6714, 133.82233, 1035.432, 101.94245, 998.07916, 228.27359, 998.96393, 196.42192, 999.88184, 164.87851, 1001.0131, 133.19908, 1001.8348, 101.69137, 964.55615, 227.33812, 965.63635, 195.65367, 966.6582, 164.13922, 967.73596, 132.63518, 968.82196, 101.37908, 931.62152, 226.37953, 932.60913, 194.78752, 933.79218, 163.63991, 934.85144, 132.35318, 935.94818, 101.03375, 898.67737, 225.47736, 899.89758, 194.0435, 901.00598, 163.05362, 902.09985, 131.92654, 903.3728, 101.08736, 866.01306, 224.5661, 867.35858, 193.351, 868.67487, 162.45833, 869.80206, 131.5938, 871, 100.5;
  1135.3947, 225.48392, 1138.1307, 194.7085, 1140.8138, 164.31775, 1143.3744, 133.99992, 1145.8623, 104.03291, 1099.5989, 225.85567, 1102.5981, 195.62418, 1105.3936, 165.86369, 1108.2816, 136.29305, 1111.0084, 106.67207, 1065.5309, 226.28822, 1068.4814, 196.69287, 1071.425, 167.35223, 1074.5347, 138.1873, 1077.2573, 109.3435, 1032.4471, 226.82504, 1035.7488, 197.79008, 1038.7556, 168.95772, 1042, 140.5, 1045.1183, 111.91728, 1000.5098, 227.41298, 1004.0261, 198.76755, 1007.2867, 170.59616, 1010.6227, 142.48448, 1013.851, 114.6118, 969.94043, 227.98283, 973.39551, 199.83075, 976.80835, 172.28462, 980.0614, 144.51494, 983.48303, 117.00703;
  1215.5093, 229.60208, 1218.8419, 198.18121, 1221.8361, 166.71194, 1225.0414, 135.71965, 1227.6975, 104.69785, 1178.4287, 228.10338, 1181.7621, 197.02968, 1185.1005, 166.18802, 1188.2404, 135.71208, 1191.4515, 105.10026, 1142.3822, 226.46652, 1145.7917, 196.02061, 1149.3346, 165.68872, 1152.5276, 135.67696, 1155.7836, 105.8273, 1107.4148, 225.328, 1110.9652, 195.22368, 1114.6722, 165.41035, 1118.0033, 135.7319, 1121.4108, 106.20554, 1073.4529, 224.10435, 1077.0386, 194.57552, 1080.8328, 165.09985, 1084.464, 136.06613, 1087.8207, 106.97925, 1040.5, 223, 1044.124, 193.80186, 1048.0645, 164.98984, 1051.7405, 136.20651, 1055.3251, 107.53858;
  1208.767, 254.58247, 1219.13, 221.66943, 1229.7239, 188.10585, 1240.5844, 153.92587, 1251.4995, 118.74113, 1172.2454, 247.461, 1182.1744, 214.83073, 1192.5118, 181.35164, 1202.7986, 147.43547, 1213.2301, 112.67842, 1136.4098, 240.25986, 1146.0055, 208.00856, 1155.931, 174.83835, 1165.9312, 141.16745, 1175.8224, 106.7216, 1101.4537, 233.36548, 1110.6899, 201.27118, 1120.1477, 168.62207, 1129.6279, 135.08676, 1139.2344, 100.94756, 1067.2729, 226.61124, 1076.0957, 194.75656, 1084.8622, 162.5065, 1093.6437, 129.14442, 1103.2703, 95.337296, 1033.6968, 220.04527, 1041.9113, 188.72238, 1050.4952, 156.39493, 1059.2383, 123.56447, 1068.1855, 89.987381;
  1188.7461, 280.68781, 1197.5598, 246.88019, 1206.2838, 212.49992, 1215.5562, 177.34773, 1224.6788, 141.3938, 1152.0626, 275.78796, 1160.3444, 241.91772, 1168.8073, 207.66833, 1177.6782, 172.67986, 1186.3807, 137.10132, 1115.5194, 270.85342, 1123.5271, 237.23381, 1131.7649, 202.97966, 1140.0955, 168.13684, 1148.5431, 132.54503, 1079.8998, 265.97293, 1087.3018, 232.57472, 1095.1187, 198.54047, 1102.9249, 163.8488, 1111.2307, 128.43959, 1044.5118, 261.01068, 1051.6458, 227.90518, 1058.6802, 194.09685, 1066.296, 159.56967, 1074.0928, 124.1844, 1009.3102, 256.26401, 1016.275, 223.0359, 1023.1957, 189.58791, 1030.2933, 155.2764, 1037.4906, 120.10127;
  692.22021, 435.26709, 686.22699, 393.1904, 680.37994, 351.86792, 674.42004, 311.43243, 668.6756, 271.57114, 649.60522, 439.91467, 643.96722, 397.54092, 638.41803, 355.97485, 632.73431, 315.31384, 627.52649, 275.07928, 606.08936, 444.83142, 600.9599, 402.04535, 595.6969, 360.04688, 590.89429, 318.7764, 585.8009, 278.41455, 562.40424, 449.74203, 557.53186, 406.57797, 552.83398, 364.29272, 548.25183, 322.45639, 543.72626, 281.82932, 517.61603, 454.83209, 513.2323, 411.28232, 509.02023, 368.42963, 504.75574, 326.4942, 500.63525, 285.54044, 472.05927, 460.11758, 468.25406, 415.99753, 464.4491, 372.96933, 460.7377, 330.77991, 456.93814, 289.12216;
  682.80261, 508.91434, 678.50177, 463.43323, 674.62152, 418.06894, 670.6283, 372.6412, 666.46429, 326.67432, 639.7793, 516.06549, 635.46313, 469.76581, 631.2403, 423.60031, 627.01038, 377.3754, 622.90735, 330.72696, 595.19489, 523.44183, 590.85229, 476.43033, 586.28204, 429.29654, 582.0824, 382.32196, 577.7406, 335.03442, 549.27008, 531.13116, 544.75366, 483.27591, 540.24536, 435.37317, 535.67841, 387.53384, 531.21783, 339.19986, 501.61813, 538.87683, 496.92819, 490.32312, 492.20795, 441.59314, 487.62411, 392.76654, 483.04477, 343.78186, 451.93155, 546.96204, 447.21179, 497.51349, 442.52139, 447.91006, 437.67975, 398.39456, 432.9986, 348.43271;
  692.78351, 477.2883, 683.37445, 433.00906, 674.18591, 389.10547, 665.48938, 346.68295, 656.82715, 304.8403, 648.20471, 485.12173, 639.19214, 440.0137, 630.5249, 395.9704, 622.04004, 352.5957, 613.68951, 310.21378, 602.58844, 492.96564, 594.04028, 447.26202, 585.77551, 402.6109, 577.72266, 358.81039, 569.68079, 315.91428, 555.97101, 500.93112, 547.98212, 454.70618, 540.1723, 409.30164, 532.46198, 365.21268, 524.89752, 321.54333, 508.25223, 509.40854, 500.62238, 462.56055, 493.30835, 416.69284, 486.10861, 371.73941, 478.9129, 327.53784, 459.04962, 517.88684, 452.16104, 470.36691, 445.29465, 423.9071, 438.53625, 378.4765, 431.88779, 333.83426;
  539.88245, 456.04321, 539.79761, 408.27582, 539.9436, 360.80988, 539.98022, 313.59796, 540.01947, 266.24258, 492.90726, 457.2641, 492.99231, 408.50674, 493.17697, 359.91165, 493.35883, 311.63745, 493.59445, 263.39624, 444.13712, 458.35831, 444.31573, 408.57675, 444.64621, 359.01266, 445.035, 309.73706, 445.26324, 260.6214, 393.32364, 459.73053, 393.76401, 408.83789, 394.26355, 358.37741, 394.58344, 307.73169, 395.01413, 257.83371, 340.0444, 461.1813, 340.56851, 408.96555, 341.25604, 357.33667, 341.85571, 306.00766, 342.43924, 254.69388, 284.33823, 462.46033, 285.22699, 409.36478, 286.03308, 356.45398, 286.77448, 303.8067, 287.56046, 251.46968;
  572.88373, 459.47452, 571.40961, 412.28052, 569.90027, 365.24307, 568.61523, 318.61691, 567.22974, 272.06448, 528.53735, 461.65591, 527.01117, 413.37054, 525.65436, 365.41254, 524.41309, 317.61032, 523.11127, 270.05908, 481.65436, 464.28549, 480.48792, 414.60208, 479.16962, 365.46426, 478.07333, 316.50604, 476.65692, 267.80005, 432.89267, 466.91846, 431.73895, 416.07434, 430.68823, 365.50632, 429.56067, 315.48251, 428.36957, 265.66232, 381.38654, 469.73581, 380.46011, 417.40015, 379.31567, 365.80032, 378.50192, 314.32675, 377.63138, 263.23401, 327.01398, 472.48428, 326.32932, 418.90311, 325.66714, 365.82922, 324.61673, 313.28195, 323.97406, 260.8725;
  666.38257, 460.7821, 662.29999, 415.10651, 658.48871, 369.99799, 654.69226, 325.15573, 650.85889, 280.58813, 627.35986, 464.2562, 623.25085, 417.48923, 619.42944, 371.14896, 615.64606, 325.19989, 611.86273, 279.39731, 586.10449, 467.92252, 582.15308, 419.83038, 578.43445, 372.33618, 574.59241, 325.09204, 570.77087, 278.16641, 542.78784, 471.73489, 538.98285, 422.30573, 535.14807, 373.62555, 531.44354, 325.14868, 527.83258, 277.0614, 496.78439, 475.93863, 492.95465, 425.21494, 489.38217, 374.99075, 485.69876, 325.15686, 482.17441, 275.80045, 447.96243, 480.32718, 444.49487, 428.11557, 441.06201, 376.50162, 437.51404, 325.35049, 434.03485, 274.61649;
  885.13696, 424.61487, 887.39709, 379.12885, 889.40149, 333.87469, 891.26459, 289.27811, 893.1181, 244.59793, 839.27643, 421.64999, 841.69995, 376.28864, 843.86749, 331.18448, 845.8396, 286.65958, 847.86914, 242.08554, 793.75806, 418.67035, 796.13324, 373.35263, 798.31958, 328.64581, 800.67944, 283.87146, 802.91125, 239.50984, 748.41394, 415.97968, 750.96844, 370.81827, 753.29755, 325.8634, 755.80817, 281.29132, 758.14313, 236.86821, 702.96826, 413.13971, 705.62384, 367.98813, 708.1795, 323.2366, 710.85455, 278.65213, 713.23187, 234.24657, 657.55859, 410.39636, 660.23895, 365.13837, 663.05792, 320.69058, 665.9939, 276.14941, 668.59155, 231.85449;
  822.33374, 460.51846, 826.67041, 414.59824, 831.68134, 368.16788, 836.5, 320.7261, 841.27704, 272.41876, 774.66382, 454.04388, 778.90576, 408.70541, 783.29291, 362.69464, 787.60736, 315.6358, 791.91882, 267.66962, 728.56201, 447.47577, 732.33295, 402.91547, 736.11163, 357.27161, 740.01013, 310.73108, 743.94922, 263.54739, 683.78699, 441.30164, 687.16077, 397.02643, 690.49664, 351.88574, 693.89868, 306.07245, 697.4765, 259.17392, 639.94336, 434.99667, 643.02087, 391.24066, 646.01678, 346.68948, 648.86206, 301.32242, 652.02484, 254.73677, 597.47839, 429.06625, 599.82306, 385.64804, 602.46936, 341.60425, 605.07947, 296.79272, 607.71167, 250.82899]
