image_Width 1280
image_Height 720
board_Width 4
board_Height 11
square_Size 24.8
FixAspectRatio 1 
flagValue 14 
Camera_Matrix[986.8256054829485, 0, 651.5665164274109;
  0, 987.5542540580631, 337.4997195736265;
  0, 0, 1]
Distortion_Coefficients[0.01560563707921233;
  -0.09152589514372617;
  0;
  0;
  0.0775743653172595]
Avg_Reprojection_Error 0.254819
Per_View_Reprojection_Errors[0.24318311;
  0.15098256;
  0.29521438;
  0.2388234;
  0.1749661;
  0.14324285;
  0.19218262;
  0.17296609;
  0.13310879;
  0.18605934;
  0.18438676;
  0.17979854;
  0.19078828;
  0.15911371;
  0.17289945;
  0.21657322;
  0.17580627;
  0.17161711;
  0.23885252;
  0.19748676;
  0.20902306;
  0.15838987;
  0.1540027;
  0.15631728;
  0.19475676;
  0.13185802;
  0.15713371;
  0.14755005;
  0.15498699;
  0.1579186;
  0.1378811;
  0.18652028;
  0.16549525;
  0.15456617;
  0.14118659;
  0.11273827;
  0.14350449;
  0.18250361;
  0.33446074;
  0.44444177;
  0.51016176;
  0.29285568;
  0.25046739;
  0.42344302;
  0.32026231;
  0.24322979;
  0.24062489;
  0.29413357;
  0.39046216;
  0.25965467;
  0.3434836;
  0.40946358;
  0.27820647;
  0.66055131;
  0.54362839;
  0.38712507;
  0.22784586;
  0.19380626;
  0.20812379;
  0.31498384;
  0.1620871;
  0.1832836;
  0.2318787;
  0.18628642;
  0.26334986;
  0.19492634;
  0.15837909;
  0.17636605;
  0.23170769;
  0.20213147;
  0.20658395;
  0.23441896;
  0.17872198;
  0.34930849;
  0.30771878]
Extrinsic_Parameters[-0.03212520788885152, -0.02898201784296583, 1.586209272995234, 109.2706885330689, -63.65231969763227, 704.1623702364162;
  -0.02990380189894456, -0.02493058010330556, 1.587069517882572, 104.6521599969925, -69.28224447019753, 716.3987910916143;
  -0.005188790179561613, 0.05716732998681265, 1.564362695477579, 65.07428679912037, -83.50988839850332, 787.7946874808321;
  0.009578778097502294, 0.1430328375664134, 1.525346041004449, -9.109125237710652, -90.83633882811968, 876.7364337162726;
  -0.08557444885594515, -0.4870260647644102, 1.534773135338542, -63.01243835748109, -104.2831739843119, 838.3840649480421;
  -0.3965393745722222, -0.4361476421052106, 1.439102664507408, -64.69591160442491, -91.67107729230003, 880.6412963378562;
  -0.1330423256477422, 0.2204230115809227, 1.523131907392404, 8.145033829432785, -82.1496730649145, 927.7108655753249;
  0.1112686221710524, 0.5991898458714292, 1.623170569350147, 100.7449277076025, -35.25704760377528, 956.3153517224238;
  0.1256285987362356, 0.5226676385939015, 1.702201507485013, 243.2263915116524, -48.16928268695149, 1064.040202886199;
  0.2838228945687844, 0.03731498749629673, 1.738547150458505, 160.9676743034133, -116.3978673267578, 1066.905087890446;
  0.1861729599446803, -0.5593358150155918, 1.709842882399673, 41.92491603007331, -154.6749008078447, 993.863392809901;
  -0.1244745261055312, -0.7682224938392106, 1.45959252775438, -61.48745811351353, -177.7319830794854, 969.715638757057;
  -0.478316762887643, -0.7008397035231693, 1.324459493043782, -201.8186332027823, -201.2311053285355, 988.9161698395792;
  -0.6480307678241206, -0.5064124280611616, 1.225225619105888, -315.5157870397587, -205.9792526592206, 1034.698332810651;
  -0.4181219039426201, 0.02260260611659723, 1.35877732660721, -245.6704339089579, -252.1638180801137, 1157.792264005691;
  -0.2313511930654383, 0.4599753343181821, 1.533641353700656, -132.6733083830434, -154.7201360922193, 1074.016070170509;
  0.1917122843094332, -0.1150360905154443, 1.561075640306349, -212.1429275537598, -92.60839112032205, 923.7149603179333;
  0.2159060593431965, -0.1724684318013325, 1.618569990066817, -249.4708157607228, -17.62966715381272, 865.6189571511521;
  -0.3326339387188454, -0.1337168326053537, 1.514185505929721, -252.4039831159633, -1.65859089924257, 951.615908089621;
  -0.2849286899073739, 0.2671638501436824, 1.521634991933955, -133.3145354836788, 64.36032689223679, 985.4580837196148;
  -0.210948667377192, 0.591885918098811, 1.649315487322192, 27.6668929802621, 76.63932590353159, 1022.315776690858;
  0.2877280526949474, -0.3047246037795913, 1.669500576772659, 78.92629710963549, 77.8434408687007, 963.5266793385149;
  -0.07068032067723258, -0.6350923004155081, 1.53249857683097, 159.9202635646242, 73.98005612337501, 1024.836087836869;
  -0.5377585011893047, -0.2138775999613715, 1.431313317378364, 223.823757552835, 39.29459785819307, 1151.341938771739;
  -0.2216464050085013, 0.4217321059336061, 1.669900367114893, 369.0038683550976, 75.52920222691853, 1106.933390166589;
  0.2722533576795989, -0.01272293171878297, 1.700999556023117, 444.6758433992842, 119.1734960453396, 1031.872734998947;
  0.1078915615821536, -0.254515342997393, 1.586497645229233, 560.582938310575, 111.3376947888962, 1037.013575674212;
  -0.2590509023786037, 0.0350898498354427, 1.531531836064046, 578.4162065812159, 75.20901954781802, 1116.252529619871;
  0.02065496269426636, 0.3601306033150539, 1.65048647116775, 625.7881785225475, 91.51209232479053, 1051.928875363321;
  0.01281670379611925, 0.6736076894517326, 1.655879373114133, 591.1374774150158, 33.84701907428804, 1037.357824163744;
  0.4444901701160828, 0.1263932398872398, 1.628427175939518, 546.2990387781949, -90.90144587062763, 985.202164972879;
  0.4276877337121138, -0.3346740797266641, 1.524795419648662, 519.9238350219689, -128.6995548187275, 989.6193060644598;
  0.3278362070423167, 0.2304135556292402, 1.539007222131057, 474.4918473841938, -182.9654070643621, 1020.799827973651;
  0.5123452911070401, 0.5577528215090402, 1.563733829956663, 428.9695508578297, -265.4638120977285, 958.9826980792561;
  0.1265935140110691, 0.3907156432255346, 1.649186404022298, 466.5352121532376, -256.7689501880496, 1051.137297407208;
  0.03052005624748446, 0.3346826531162948, 1.589356074341971, 532.7898160421247, -295.0615728520128, 1294.851715506563;
  0.2215337303334244, 0.3709693107349676, 1.634708074118816, 700.8551133112231, -337.9583020157098, 1260.233336022394;
  -0.1185249393178139, -0.03890569153093113, 1.399257259579029, 584.7013788779171, -362.8942006896933, 1140.911332546076;
  -0.07065406953458329, -0.2912101841044902, 1.329561269467214, 356.5538125388642, -315.2735347087759, 1057.013006711815;
  0.05644894307956971, -0.1925784483431597, 1.832375962045515, 237.2642722751021, -174.7811875454023, 950.795258417325;
  -0.1941174278187127, -0.04467114811296385, 1.443086380002812, 19.11953983901051, -256.6583585676935, 939.2648363609649;
  -0.1926348952524086, -0.193119717257433, 0.9546830220758491, -128.1519913021716, -81.93241292699659, 922.2252766100964;
  -0.2590499570134766, -0.182048727739434, 0.7760692787231712, -167.460532637848, -69.46102895578929, 945.2706272298341;
  -0.2004889793786882, -0.1993959178422945, 0.349041768638511, -196.0799750901253, -77.8324493470775, 938.8140625698811;
  -0.100919801229504, -0.2454581266304271, -0.0735702968303724, -216.4080136359727, -57.43856998796694, 934.7917951716386;
  -0.1145862207438167, -0.2714615700700543, -0.365655852816104, -239.243600303273, -48.76254052480043, 956.912654226233;
  -0.149259568032123, -0.2004192720996468, -0.5227171927134791, -254.2942281287751, -32.90537411178801, 987.6277038629397;
  -0.1170494884190074, -0.1771427770900284, -0.01093296388069589, -246.6528037473573, -96.01727933500244, 956.9483156534843;
  -0.2107519552275138, 0.01585743476155615, 0.7805306836307243, -172.3878429892252, -149.9664605541012, 992.3773037723071;
  -0.3654390403734855, -0.0259970727773178, 1.520169726812412, -172.0944803577888, -101.5602292633441, 997.1903410908242;
  -0.4366345959683762, 0.03334389981760017, 2.309847303024967, -117.3003567964168, 40.11062964187432, 971.3091759206936;
  -0.4552800134011821, 0.1880264424176896, 3.087108074457701, -78.63176759311162, 131.2513256936228, 969.6489666030653;
  0.3222516178835777, -0.170989974436714, -2.666601333339321, -68.39570877118189, 164.1459095598936, 976.3919362951889;
  0.3407723560362974, -0.1732010671884363, -2.806617985675973, -56.43306783246822, 147.5801028312748, 972.1257064532983;
  -0.3762694481430103, -0.08295855597403114, 2.57204898590478, -104.375709470382, 37.91696902104871, 960.6818158311336;
  -0.2275308207857217, -0.5878258113923955, 2.009598171608781, -148.1709990730616, -20.38165903573031, 898.2004175997464;
  -0.7125386472996685, -0.2891936914296854, 1.487683320917427, -282.1231581618125, -156.7369506172038, 954.5895516823545;
  -0.7084582665406309, 0.004811238740835683, 1.380922769081239, -248.9223646201439, -298.3033722145983, 1005.025993708852;
  0.2163397602691087, -0.5027733112480208, 1.671892035273009, -150.3130391226667, -135.2283604259685, 859.7667110404811;
  -0.2098162912245338, -0.1544292701421586, 1.697533450904149, -213.2625003978869, -56.03275087154442, 900.1977854348114;
  -0.7365003428765331, -0.1574856471363031, 1.338375720787215, -240.599265120255, 18.856972517297, 962.0262599087055;
  -0.3962395781667233, -0.2854750648187096, 1.473470272495967, -131.005746552323, 60.22505555985233, 913.8560793427133;
  0.2326923558718587, -0.5381440674697243, 1.802711351896492, -24.69580030101109, 143.7429869937029, 843.8237363318225;
  -0.4413202722185242, 0.02109380986375842, 1.372987876190576, 88.20565221753401, 119.4916906551855, 993.5155693914575;
  -0.2297899919851619, 0.02019280714718667, 1.906450091350423, 157.8824996212681, 126.0572762988661, 990.4734717681898;
  0.1523561913858213, -0.5356968109943929, 1.825455967381137, 187.9062561739134, 153.4841551799662, 966.3419703220212;
  -0.2251617243800521, -0.2991002952771897, 1.480957822568442, 287.9366661183655, 152.3154554405753, 1043.190010157146;
  -0.2288824546397241, 0.1998909809337708, 1.567819855714826, 407.5887996777784, 139.5491214812286, 1062.087736392815;
  0.1598960674825919, 0.4271867635916312, 1.832830648116652, 383.7847637419503, 182.5810410200333, 985.7783053518023;
  0.3741868012296369, -0.1812575601572853, 1.955726283211295, 346.0580274268815, 112.2516419451339, 1046.883231485655;
  0.04226246186574289, -0.4860245043855, 1.778285341121498, 152.7996793496422, -11.7619641171365, 1074.70716783578;
  -0.3582304445100286, -0.6840944330372608, 1.523899999302775, -75.86150629488525, -43.20239149025126, 1060.636718941745;
  -0.6078426612178088, -0.3339613035516182, 1.306126021014068, -139.2996363684632, -75.72834923934283, 933.8270512054457;
  -0.3322462051726376, -0.08924578889007312, 1.426277236230159, -19.51431243185744, -94.54421832005808, 738.4714315494143;
  0.04797750449824395, 0.188889979326903, 1.52624946745948, 50.93113992884793, -72.98836908369124, 604.1671662861709]
Image_points[804.55981, 247.85811, 803.67633, 317.77921, 802.62848, 387.32523, 801.28979, 457.05045, 769.43274, 282.25626, 768.42944, 352.07449, 767.30469, 421.73483, 766.03485, 491.79797, 735.42334, 246.6003, 734.32501, 316.65555, 733.2514, 386.36273, 732.15619, 456.32288, 700.18677, 281.0553, 699.08936, 350.97406, 698.0025, 420.90546, 696.8197, 491.29999, 665.9325, 245.19228, 664.83411, 315.47513, 663.68207, 385.43643, 662.6192, 455.61667, 630.43646, 279.75571, 629.31158, 349.91019, 628.24469, 419.94046, 627.11707, 490.57364, 595.85712, 243.83458, 594.85803, 314.27713, 593.74542, 384.43735, 592.66052, 454.80695, 560.08807, 278.51096, 558.96588, 348.92639, 557.961, 419.16531, 556.85675, 489.83737, 525.4176, 242.49959, 524.35431, 313.18585, 523.27783, 383.50107, 522.22272, 453.96457, 489.65475, 277.24933, 488.56131, 347.80481, 487.56674, 418.24622, 486.4892, 489.06763, 454.81918, 241.07796, 453.77353, 311.96048, 452.72464, 382.44424, 451.58594, 453.2764;
  795.71136, 241.85387, 794.71899, 310.3446, 793.70013, 378.58597, 792.3891, 447.16513, 761.06635, 275.58139, 760.0462, 344.03189, 758.88623, 412.39911, 757.64807, 481.21536, 727.64331, 240.54428, 726.47858, 309.21423, 725.38403, 377.7334, 724.20325, 446.27264, 692.96307, 274.26511, 691.85114, 342.89633, 690.76471, 411.48914, 689.59778, 480.55164, 659.26733, 239.0867, 658.11139, 307.97235, 657.00458, 376.56885, 655.8512, 445.48325, 624.35071, 272.95197, 623.20056, 341.72311, 622.1474, 410.5159, 620.87604, 479.81494, 590.49591, 237.67342, 589.3717, 306.76135, 588.26709, 375.51428, 587.09326, 444.64899, 555.23151, 271.69122, 554.07764, 340.5546, 552.98004, 409.50085, 551.79749, 478.91959, 521.24371, 236.3383, 520.11493, 305.64255, 518.96313, 374.60214, 517.83478, 443.66644, 486.08377, 270.38968, 484.92078, 339.50232, 483.80005, 408.53024, 482.62692, 478.09692, 451.88882, 234.92628, 450.79507, 304.31903, 449.67538, 373.54166, 448.48282, 442.8587;
  733.18781, 232.59091, 733.48492, 294.70322, 733.91107, 356.97598, 734.14606, 419.62778, 702.19019, 264.06506, 702.39069, 326.1199, 702.91534, 388.24942, 702.85333, 451.33102, 671.2132, 233.2739, 671.41266, 295.31796, 671.61279, 357.31876, 671.79614, 420.12094, 640.45117, 264.48276, 640.46942, 326.64282, 640.60553, 388.81259, 640.81116, 451.80121, 609.36536, 233.78828, 609.4989, 295.85495, 609.55426, 357.86273, 609.68359, 420.34958, 578.54572, 265.08572, 578.5033, 327.1156, 578.62134, 389.27982, 578.71399, 452.07071, 547.68976, 234.33156, 547.72369, 296.3125, 547.71417, 358.34433, 547.66351, 420.74362, 516.76062, 265.72208, 516.74207, 327.60818, 516.65656, 389.69608, 516.67694, 452.31775, 486.10727, 234.99387, 486.00449, 296.83487, 485.8208, 358.7337, 485.8139, 421.10345, 455.45486, 266.22565, 455.09885, 327.99341, 455.01556, 390.00366, 454.97287, 452.70032, 424.85742, 235.53398, 424.65002, 297.37289, 424.45673, 359.16043, 424.13263, 421.56631;
  641.83081, 235.06081, 643.52917, 290.52609, 645.44067, 346.46268, 647.29083, 402.71906, 614.8808, 264.3739, 616.604, 319.86465, 618.30688, 375.75449, 620.1535, 432.56464, 586.48169, 238.19785, 588.198, 293.59094, 589.79883, 349.07791, 591.48779, 405.16147, 559.88074, 267.41513, 561.57904, 322.55441, 562.98291, 378.28995, 564.52551, 434.61014, 531.74774, 241.2422, 533.34839, 296.42136, 534.83563, 351.53699, 536.24591, 407.53574, 505.24695, 270.27557, 506.73322, 325.37177, 508.26761, 380.65555, 509.44043, 436.82458, 477.50714, 244.25937, 478.84912, 299.27502, 480.20709, 354.29968, 481.58911, 409.69305, 451.01987, 273.21814, 452.29431, 328.02185, 453.53943, 383.24442, 454.91757, 438.97842, 423.80469, 247.49025, 424.99344, 302.09116, 426.05502, 356.80087, 427.18298, 412.10596, 397.9487, 276.16202, 398.82944, 330.66946, 399.74771, 385.63364, 400.90555, 441.12405, 370.97305, 250.58125, 371.85318, 304.87592, 372.69128, 359.34384, 373.62695, 414.27982;
  577.22687, 214.48033, 576.29395, 272.31827, 575.25964, 328.05084, 573.84961, 382.15289, 548.52679, 244.2009, 547.93195, 301.56116, 547.08643, 357.06549, 546.19623, 411.01627, 519.93671, 215.1256, 519.71118, 274.0058, 519.5307, 330.92447, 519.08545, 386.16016, 490.5899, 245.48024, 490.75259, 303.82629, 490.90775, 360.47467, 490.73917, 415.77252, 460.29227, 215.82211, 460.85278, 275.71741, 461.52557, 333.88907, 462.0575, 390.40521, 429.83005, 246.79993, 431.0426, 306.3765, 432.05801, 364.18454, 433.04352, 420.67764, 397.77747, 216.42664, 399.41595, 277.75922, 401.07925, 336.98654, 402.36679, 394.59305, 366.19965, 248.05598, 368.45892, 308.95685, 370.47675, 367.93481, 372.31726, 425.60193, 332.15649, 216.94344, 334.93143, 279.75113, 337.52301, 340.31827, 339.98419, 399.13501, 300.13229, 249.24457, 303.42303, 311.67474, 306.46576, 371.94409, 309.49384, 430.59866, 263.86594, 217.3895, 267.7962, 281.71579, 271.55658, 343.63266, 275.08823, 403.79199;
  578.84094, 234.44507, 583.76709, 290.22891, 588.3894, 345.28601, 592.75977, 400.29221, 556.10126, 264.03809, 561.08337, 320.20343, 565.71606, 375.99966, 570.19641, 431.78644, 527.92432, 236.82365, 532.80267, 294.16046, 537.76251, 350.91354, 542.46039, 407.53687, 503.77753, 267.23947, 508.79971, 325.04172, 513.86957, 382.40952, 518.94183, 439.98859, 473.76398, 239.35741, 478.90747, 298.45773, 484.15286, 356.74637, 489.37167, 415.00705, 448.14136, 270.65054, 453.37268, 330.28134, 458.7381, 389.42044, 464.09103, 448.65326, 416.29565, 241.815, 421.66708, 302.79861, 427.25446, 363.0379, 432.56998, 423.04053, 388.71387, 274.24304, 394.48679, 335.73621, 400.01602, 396.71259, 405.53568, 457.74799, 354.65802, 244.62935, 360.62842, 307.46094, 366.46353, 369.64056, 372.13046, 431.59045, 325.5285, 278.15695, 331.67365, 341.72748, 337.68311, 404.61755, 343.53256, 467.51935, 289.09995, 247.63922, 295.47311, 312.49963, 301.81595, 376.74744, 307.99573, 440.5856;
  660.15784, 250.25476, 662.15149, 300.9903, 664.17706, 353.10986, 666.29694, 406.92355, 634.54401, 276.86465, 636.28778, 328.07504, 637.97156, 380.95923, 639.74133, 435.56503, 607.49237, 252.8772, 608.85742, 303.58682, 610.20636, 355.5159, 611.72241, 409.23502, 581.98199, 279.41962, 583.08191, 330.72858, 583.97681, 383.38882, 584.8609, 437.66669, 555.25623, 255.2606, 555.92389, 306.04492, 556.72211, 358.03735, 557.4325, 411.39694, 529.56091, 281.90015, 529.87219, 333.10703, 530.0827, 385.65558, 530.29004, 439.86588, 503.22852, 257.79471, 503.39023, 308.50879, 503.45355, 360.31784, 503.3916, 413.64691, 477.25208, 284.39044, 477.03278, 335.52133, 476.64182, 387.89282, 476.15613, 442.14526, 451.65958, 260.56271, 451.03644, 311.12332, 450.35699, 362.72485, 449.6673, 415.87286, 425.56149, 287.1015, 424.69833, 337.93042, 423.66928, 390.30045, 422.48669, 444.31772, 400.40219, 263.25168, 399.29398, 313.67642, 397.97775, 365.18448, 396.53802, 418.21982;
  755.60156, 301.15277, 748.63477, 349.75888, 741.87335, 399.95898, 735.10107, 451.93973, 728.05914, 324.99808, 721.01373, 373.6481, 713.91882, 424.18329, 706.66162, 476.37991, 708.30688, 300.94199, 701.07178, 348.47952, 693.71912, 397.35751, 686.19128, 448.08051, 681.76941, 324.12668, 674.19958, 371.81891, 666.52209, 420.87738, 658.56714, 471.76718, 663.02271, 300.32974, 655.43378, 347.03479, 647.63165, 394.87396, 639.43042, 444.16742, 637.336, 323.05777, 629.38776, 369.75427, 621.09668, 417.80206, 612.59326, 467.41656, 619.71875, 299.99524, 611.60443, 345.70667, 603.36243, 392.40674, 594.89014, 440.58835, 594.60822, 322.284, 586.27606, 367.89978, 577.68164, 414.88278, 568.69922, 463.42731, 578.27515, 299.7128, 569.86365, 344.51044, 561.09344, 390.03232, 552.29163, 437.22861, 554.12518, 321.64539, 545.26202, 366.1658, 536.28186, 412.13382, 527.15668, 459.62994, 538.74133, 299.6333, 529.97644, 343.28302, 520.86969, 388.01712, 511.61871, 434.05276;
  877.33118, 292.85397, 869.64154, 336.75534, 862.24286, 381.6076, 854.6203, 427.45105, 850.68512, 312.56329, 842.95984, 356.3511, 835.29669, 401.25159, 827.24945, 447.25827, 832.19788, 288.86191, 824.25366, 331.98077, 816.43207, 375.83743, 808.55054, 420.65488, 806.22156, 308.14047, 798.32404, 351.28452, 790.29718, 395.03006, 781.94843, 440.14572, 788.60822, 284.73367, 780.67407, 327.24591, 772.51111, 370.27679, 764.20746, 414.22287, 763.36688, 303.67523, 755.21472, 346.08289, 746.92346, 389.06049, 738.38953, 433.16998, 746.5321, 280.96964, 738.39026, 322.49432, 730.06238, 364.67584, 721.54749, 407.88696, 721.97937, 299.63287, 713.52533, 341.07562, 705.08319, 383.35092, 696.30615, 426.69339, 706.07355, 277.21252, 697.68396, 318.14743, 689.07153, 359.50165, 680.36072, 401.87384, 682.24988, 295.72787, 673.55206, 336.40408, 664.87665, 377.84711, 655.98895, 420.53244, 667.26752, 273.72302, 658.57037, 313.83499, 649.71307, 354.55942, 640.85944, 396.06693;
  801.02521, 229.54541, 792.37354, 274.86142, 783.87579, 319.35278, 775.59802, 363.05313, 773.93445, 248.4463, 765.58173, 293.09644, 757.36664, 336.93121, 749.48621, 380.31943, 755.61151, 221.83195, 747.51611, 266.82193, 739.51672, 310.89279, 731.55762, 354.41223, 729.37671, 240.65129, 721.51837, 285.04984, 713.65717, 328.664, 706.19006, 371.69476, 710.96393, 214.39366, 703.37012, 258.99716, 695.91296, 302.84604, 688.38269, 346.02441, 685.26349, 233.13075, 677.8866, 277.05646, 670.70972, 320.35614, 663.49573, 363.08957, 667.24866, 206.97832, 659.97449, 251.27945, 653.01605, 294.71674, 645.93958, 337.51938, 642.02759, 225.53162, 635.06384, 269.26898, 628.2865, 312.09497, 621.6189, 354.59711, 624.14081, 199.64426, 617.45831, 243.64694, 610.75916, 286.83514, 604.25146, 329.32779, 599.85748, 218.16528, 593.22778, 261.46268, 586.82477, 304.1875, 580.6369, 346.28503, 582.11768, 192.50002, 575.77008, 236.17502, 569.48236, 279.06384, 563.40662, 321.22205;
  693.24347, 183.31644, 681.71313, 229.38507, 670.69904, 273.14917, 659.84766, 315.21274, 664.03333, 202.79706, 653.21741, 248.0704, 642.62683, 291.36777, 632.43988, 332.97131, 645.95172, 175.64906, 635.04578, 222.25499, 624.99194, 266.78052, 614.96106, 309.582, 616.58386, 195.34521, 606.56519, 241.27377, 596.80914, 285.22232, 587.50031, 327.66272, 597.41638, 167.78543, 587.37103, 215.05556, 578.07672, 260.09656, 569.00763, 303.55682, 567.82794, 187.71617, 558.70465, 234.172, 549.78967, 278.80188, 541.19318, 321.91476, 547.55029, 159.64101, 538.54114, 207.71649, 530.01477, 253.42386, 521.69263, 297.23938, 517.65717, 179.80258, 509.59735, 227.14508, 501.51041, 272.33472, 493.75378, 315.90137, 496.29205, 150.93166, 488.36182, 199.77136, 480.69873, 246.36958, 473.36716, 290.95462, 466.37787, 171.47081, 459.2912, 219.65355, 452.1171, 265.56036, 445.42926, 309.6358, 443.65677, 141.811, 436.7955, 191.69354, 430.18524, 239.103, 423.8533, 284.54373;
  588.75885, 156.27654, 586.51495, 205.26186, 584.05414, 252.50679, 581.64343, 297.56372, 565.2041, 182.87086, 563.30573, 231.57101, 561.39606, 278.23169, 559.29895, 323.40048, 543.53796, 159.23882, 541.77661, 209.49376, 540.28955, 257.61795, 538.76477, 304.22241, 519.18756, 186.49605, 518.08875, 236.34608, 516.97003, 284.19348, 515.94684, 330.64743, 495.66953, 162.37962, 494.79575, 213.96057, 494.13733, 263.26971, 493.50095, 310.90985, 470.53949, 190.33643, 470.28537, 241.4113, 470.06735, 290.38312, 469.82025, 337.93942, 445.26007, 165.6011, 445.30759, 218.59439, 445.59851, 269.20685, 445.73132, 317.80927, 419.0112, 194.455, 419.80875, 246.94618, 420.36661, 297.09473, 421.04129, 345.46521, 391.42752, 168.97369, 392.81213, 223.5318, 394.09991, 275.30585, 395.19351, 325.27454, 364.33054, 198.6826, 366.44766, 252.46667, 368.2171, 304.08289, 369.90479, 353.61066, 334.49353, 172.40424, 337.07346, 228.42862, 339.70715, 281.7973, 342.16223, 333.13077;
  449.62195, 136.39693, 456.48682, 186.34027, 462.72311, 235.07686, 468.64798, 283.20801, 431.74634, 163.47348, 438.78387, 213.60197, 445.26138, 262.86603, 451.44287, 311.43637, 406.47455, 139.41042, 413.54117, 191.06258, 420.59464, 241.47649, 427.3067, 291.22809, 387.51364, 167.42375, 394.87891, 219.34375, 402.08188, 270.28757, 409.20801, 320.57187, 360.23199, 142.63379, 367.88028, 196.17484, 375.47833, 248.2874, 382.96674, 299.78867, 339.80685, 171.70901, 347.74316, 225.46881, 355.63321, 278.15179, 363.41986, 330.15558, 310.48331, 146.08759, 318.80365, 201.63589, 327.09119, 255.63196, 335.06781, 308.966, 288.27829, 176.44571, 297.07758, 232.25748, 305.57715, 286.88705, 313.97415, 340.6333, 256.60489, 149.91592, 265.76532, 207.5385, 274.77029, 263.67108, 283.57306, 318.86597, 232.92865, 181.4297, 242.75197, 239.40916, 252.03613, 296.01471, 261.12616, 351.77209, 198.25629, 154.10213, 208.66801, 213.81999, 218.66249, 272.12802, 228.42743, 329.31348;
  350.16617, 140.80484, 363.46393, 186.3877, 376.35272, 231.98982, 388.99838, 277.62692, 335.10352, 165.6521, 348.55856, 212.00572, 361.52933, 258.26837, 374.46841, 304.93582, 306.21356, 143.9343, 319.65598, 191.27475, 333.05115, 238.22974, 346.36197, 285.46136, 289.88623, 169.67522, 303.60144, 217.69441, 317.15173, 265.51678, 330.78317, 313.66919, 259.17627, 147.20663, 273.04535, 196.37532, 286.77194, 244.94862, 300.7233, 293.80939, 241.46117, 174.05106, 255.46477, 223.79471, 269.46558, 273.31805, 283.66415, 323.23654, 208.71419, 150.72301, 223.03448, 201.70453, 237.24677, 252.22876, 251.46716, 302.76373, 189.20798, 178.72493, 203.76736, 230.25256, 218.27507, 281.77731, 232.77322, 333.47021, 154.38246, 154.74745, 169.09784, 207.63496, 183.90714, 260.01834, 198.61441, 312.55313, 133.16936, 183.97607, 148.32623, 237.45911, 163.28537, 290.79694, 178.35237, 344.55829, 95.829353, 159.33299, 111.22298, 214.02747, 126.59699, 268.34122, 141.77773, 322.86935;
  442.05716, 122.22542, 449.32452, 160.01332, 456.74112, 198.69424, 464.25482, 238.72694, 424.05112, 143.15395, 431.21744, 181.54919, 438.33066, 221.16064, 445.81494, 261.95215, 398.74542, 126.12733, 405.70151, 164.53546, 412.61914, 203.7066, 419.74808, 243.97372, 380.15347, 147.2562, 386.98279, 186.40053, 393.71686, 226.16576, 400.57407, 267.32101, 354.52396, 129.93176, 361.0192, 168.93115, 367.59671, 208.66086, 374.07098, 249.37367, 335.12805, 151.45869, 341.44019, 191.03087, 347.69693, 231.40356, 354.2012, 273.07037, 309.1893, 133.73849, 315.33627, 173.436, 321.34839, 213.60777, 327.483, 254.8744, 289.04272, 155.69681, 294.82254, 195.81007, 300.63751, 236.80324, 306.71713, 279.07169, 262.90851, 137.97894, 268.51074, 178.05003, 273.98029, 218.76366, 279.76355, 260.76862, 242.26524, 160.26688, 247.40948, 200.8504, 252.80716, 242.37398, 258.28149, 285.33719, 215.80885, 142.40945, 220.83331, 182.94821, 225.87643, 224.15067, 231.04443, 266.61508;
  529.48438, 195.40974, 525.60443, 234.1866, 521.89655, 274.93466, 518.20569, 317.76181, 505.35626, 216.03348, 501.09134, 255.62024, 496.96234, 297.25433, 492.63876, 341.02142, 485.57892, 198.05154, 481.10544, 236.80122, 476.37985, 277.2431, 471.61285, 319.76611, 461.46954, 218.50652, 456.37317, 258.0202, 451.2963, 299.2529, 445.84695, 342.60562, 442.19641, 200.58333, 436.7977, 239.36443, 431.37433, 279.54495, 425.55344, 321.64642, 417.78918, 220.83604, 411.91229, 260.26321, 405.82346, 301.23361, 399.38507, 344.36319, 399.16714, 202.81647, 393.06418, 241.51126, 386.63538, 281.5589, 379.92163, 323.50607, 374.51627, 223.17201, 367.86768, 262.41116, 360.94214, 303.31845, 353.62332, 346.30661, 356.7149, 205.22627, 349.66455, 243.84991, 342.38977, 283.66272, 335.04755, 325.45959, 332.06458, 225.59781, 324.55237, 264.63693, 316.61816, 305.39752, 308.66592, 348.23721, 314.87662, 207.90105, 307.12189, 246.1911, 299.00659, 285.78876, 290.7789, 327.50125;
  424.77142, 238.47255, 427.28183, 291.02429, 430.06992, 342.30396, 432.94623, 392.62918, 400.12106, 265.01221, 402.96036, 316.9007, 405.95334, 367.65344, 409.06982, 417.49896, 372.70877, 238.68452, 375.82779, 291.06262, 379.04565, 342.29483, 382.38751, 392.58313, 348.52243, 265.1106, 351.87018, 316.82367, 355.39069, 367.51318, 358.87634, 417.52158, 320.75616, 238.92026, 324.62817, 291.19077, 328.35721, 342.26935, 331.83646, 392.52316, 296.93738, 265.28864, 300.97809, 316.81927, 304.91605, 367.39783, 308.94693, 417.33954, 268.97345, 239.05032, 273.32568, 291.24335, 277.57495, 342.16428, 281.84653, 392.33585, 245.56223, 265.35559, 250.03404, 316.91577, 254.55971, 367.23267, 259.19443, 417.0513, 217.71223, 239.17514, 222.44283, 291.24786, 227.12767, 342.20331, 232.09854, 392.14874, 194.83392, 265.43069, 199.73811, 316.89896, 204.75087, 367.2262, 209.97934, 416.72049, 167.09119, 239.32434, 172.20169, 291.30103, 177.31706, 342.01935, 182.69154, 391.96155;
  367.10437, 317.17838, 367.83807, 371.8092, 368.79813, 424.62402, 369.83585, 475.77527, 339.72507, 343.15274, 340.86014, 396.83829, 342.21747, 448.72153, 343.56424, 499.43234, 310.87231, 314.03256, 312.69119, 368.42044, 314.3746, 421.16467, 316.13165, 472.63931, 284.09775, 339.78781, 286.28357, 393.28552, 288.34274, 445.40201, 290.14505, 496.44598, 254.88992, 310.81165, 257.67612, 365.15207, 260.10501, 417.91965, 262.43448, 469.40759, 228.57755, 336.54962, 231.56921, 390.01035, 234.28314, 441.9295, 237.05664, 493.03058, 199.14014, 307.43082, 202.7175, 361.8551, 205.9904, 414.39807, 209.08345, 465.89032, 173.44888, 333.20773, 177.09648, 386.69727, 180.61919, 438.56894, 184.10524, 489.44586, 144.02051, 304.06699, 148.11378, 358.41089, 152.04187, 411.12164, 156.01738, 462.3793, 119.08801, 329.74036, 123.2296, 383.24802, 127.40451, 435.11542, 131.74455, 485.87045, 89.630257, 300.66263, 94.405426, 354.9686, 98.790062, 407.61887, 103.40968, 458.95078;
  389.29102, 335.94287, 390.93182, 387.21802, 392.5509, 439.02597, 394.29507, 492.03204, 363.15311, 362.33615, 364.69479, 414.25531, 366.11902, 467.01163, 367.66052, 520.80878, 335.1998, 337.04025, 336.56226, 389.13974, 337.86459, 441.79123, 339.20413, 495.48624, 308.29498, 363.78094, 309.47052, 416.56815, 310.59125, 470.11679, 311.7338, 524.89099, 279.75504, 338.01431, 280.64316, 391.10834, 281.62503, 444.59113, 282.58923, 499.20438, 251.65224, 365.30255, 252.50391, 418.94885, 253.15742, 473.39801, 253.95786, 529.15833, 222.28815, 339.11176, 222.87987, 393.05264, 223.50824, 447.56476, 224.10022, 502.89273, 193.1597, 366.83554, 193.63197, 421.49072, 194.00793, 476.75522, 194.26114, 533.40314, 163.36113, 340.3407, 163.56494, 395.21432, 163.71761, 450.41663, 163.92937, 506.87326, 133.37694, 368.50156, 133.21077, 424.01047, 133.16708, 480.17148, 133.1438, 537.64545, 102.80198, 341.55869, 102.603, 397.25137, 102.31674, 453.43008, 101.999, 510.60654;
  517.71692, 402.18307, 517.07855, 450.4538, 516.61298, 500.74927, 515.94806, 553.39075, 492.35739, 426.96957, 491.25485, 476.30612, 490.11511, 527.63995, 489.0007, 581.38843, 467.96606, 403.70856, 466.51654, 452.1951, 464.86438, 502.46661, 463.34229, 555.00439, 442.30911, 428.50397, 440.2005, 477.95215, 438.0907, 529.30591, 435.85129, 583.00732, 418.12436, 405.11087, 415.90182, 453.79343, 413.30374, 504.08417, 410.60156, 556.70746, 391.8374, 429.93936, 388.85522, 479.53671, 385.8219, 530.86481, 382.50653, 584.55847, 368.15701, 406.48486, 364.85226, 455.28241, 361.37222, 505.71194, 357.69989, 558.27515, 341.24942, 431.45999, 337.37607, 481.09433, 333.34015, 532.47473, 329.13245, 586.35748, 318.06976, 408.0101, 313.85062, 456.79471, 309.47198, 507.33389, 304.94568, 559.92303, 290.87234, 433.0249, 286.08865, 482.54117, 281.18738, 534.17133, 275.96796, 588.0611, 268.19653, 409.57019, 263.11554, 458.5495, 257.827, 508.96967, 252.29819, 561.54974;
  678.07654, 411.60187, 670.0777, 455.53271, 661.80133, 501.94348, 653.2428, 551.15369, 650.81433, 431.43118, 642.1394, 476.25888, 633.1991, 523.47235, 623.81708, 573.69543, 632.29053, 408.00449, 623.34515, 451.42609, 614.01166, 497.16284, 604.31439, 545.2442, 605.15271, 427.61636, 595.56317, 471.77161, 585.51038, 518.14868, 574.90546, 567.22974, 587.55804, 404.45767, 577.62744, 447.37164, 567.44293, 492.25418, 556.68683, 539.45911, 560.40875, 423.71564, 549.94861, 467.27658, 538.93811, 512.85107, 527.37024, 561.10461, 543.73309, 400.75735, 533.02374, 443.16345, 521.84454, 487.35959, 510.15317, 533.92108, 516.60474, 419.89624, 505.29675, 462.78845, 493.38196, 507.77408, 480.92709, 555.34735, 500.86334, 397.40503, 489.35272, 439.17627, 477.32355, 482.70615, 464.88516, 528.57275, 474.23001, 416.27814, 461.82944, 458.51587, 449.0838, 502.90118, 435.88766, 549.71234, 459.40601, 394.22382, 447.04361, 435.30222, 434.16269, 478.29413, 420.79163, 523.43024;
  732.28491, 417.20648, 724.9234, 462.30927, 717.91144, 505.32288, 711.10339, 546.40588, 703.66156, 437.13647, 696.98077, 481.21683, 690.36334, 523.41669, 684.14984, 564.21326, 682.02527, 411.54791, 675.48499, 456.61026, 669.37622, 499.75113, 663.38342, 541.4574, 653.80963, 431.43881, 647.93536, 475.69217, 642.33136, 518.15656, 636.79053, 559.49707, 631.53387, 405.93951, 625.98865, 451.22238, 620.638, 494.45862, 615.45819, 536.51349, 603.63702, 425.85895, 598.66327, 470.27036, 593.83643, 513.02588, 589.26019, 554.5611, 580.7298, 400.30869, 576.15936, 445.69382, 571.78809, 489.10703, 567.43311, 531.30945, 553.05463, 420.32578, 549.04681, 464.82977, 545.14929, 507.76456, 541.30591, 549.28638, 529.69983, 394.44382, 525.97986, 439.93463, 522.53522, 483.72424, 519.11975, 526.0542, 502.63953, 414.48953, 499.39532, 459.38116, 496.43225, 502.45425, 493.46768, 544.04828, 478.68442, 388.43759, 475.88382, 434.23999, 473.22806, 478.26422, 470.74207, 520.78156;
  805.47662, 408.58551, 799.01672, 451.84039, 792.78979, 493.23868, 786.29565, 533.53699, 782.11694, 433.08279, 776.09949, 475.73834, 769.92157, 516.97015, 763.98431, 557.06647, 765.02875, 413.60913, 758.72644, 457.4274, 752.97479, 499.77515, 747.34106, 540.8938, 740.81964, 438.56821, 735.34094, 481.90881, 729.81409, 523.99103, 724.62384, 564.94269, 722.50983, 419.0925, 716.92407, 463.40692, 711.57391, 506.45404, 706.62537, 548.32959, 697.89038, 444.34595, 692.76208, 488.42212, 688.01086, 531.29291, 683.18079, 572.99512, 678.28827, 424.37418, 673.26764, 469.73611, 668.59479, 513.57147, 663.93866, 556.07013, 652.89569, 450.26736, 648.38342, 495.28073, 644.20465, 538.73938, 640.02124, 581.18115, 631.72089, 429.94852, 627.53113, 476.18814, 623.55713, 520.94977, 619.69067, 564.12482, 605.63684, 456.19019, 602.14172, 502.33493, 598.65338, 546.79034, 595.08801, 589.61371, 582.987, 435.61807, 579.70813, 482.89023, 576.53003, 528.45654, 573.47418, 572.82996;
  843.1709, 371.06509, 851.46942, 413.16739, 859.25482, 455.78671, 866.83832, 499.40817, 830.24341, 393.69705, 838.15967, 436.44638, 845.85944, 479.9678, 853.66791, 524.42944, 809.13104, 373.87894, 816.77936, 416.8284, 824.60309, 460.34995, 832.29828, 504.78867, 795.31006, 396.88937, 803.04871, 440.66071, 810.63879, 484.92953, 818.56757, 530.45135, 773.62012, 376.59912, 781.06689, 420.66885, 788.5481, 465.00195, 796.40668, 510.44022, 758.97009, 400.26794, 766.35529, 444.97409, 773.95667, 490.25879, 781.75952, 536.70197, 736.5932, 379.51019, 743.86591, 424.44589, 751.07617, 469.90964, 758.70276, 516.33667, 720.89355, 403.78622, 728.07855, 449.38672, 735.45715, 495.76346, 743.07141, 543.31628, 697.56848, 382.61084, 704.64288, 428.54861, 711.99872, 475.06583, 719.27374, 522.47223, 680.97668, 407.40338, 688.20532, 454.22818, 695.44385, 501.6637, 702.69293, 550.13556, 656.83221, 386.00446, 663.87817, 432.94373, 671.04559, 480.49857, 678.17542, 528.96002;
  980.52722, 404.8587, 980.07495, 447.07394, 979.24176, 490.84824, 978.26282, 536.62476, 957.28381, 423.48676, 956.19958, 466.13129, 954.83124, 510.61041, 953.4231, 557.16077, 935.09552, 400.26785, 933.65424, 442.14441, 932.07074, 485.50299, 930.33899, 530.68958, 911.8941, 418.69046, 909.74976, 461.02991, 907.76599, 504.95547, 905.52374, 550.88623, 890.23425, 395.56787, 888.05212, 437.33813, 885.70734, 480.16043, 883.03857, 524.67914, 866.81433, 413.92709, 864.1933, 455.96786, 861.36279, 499.46933, 858.16571, 544.89117, 846.08398, 390.91086, 843.12415, 432.27554, 839.94287, 474.6781, 836.44458, 519.02802, 822.50104, 409.20996, 819.00201, 450.78976, 815.36432, 493.84476, 811.42841, 538.97247, 802.41486, 386.64899, 798.61206, 427.47751, 794.76709, 469.5993, 790.57001, 513.37323, 778.86139, 404.61203, 774.62115, 445.84109, 770.24512, 488.53757, 765.46484, 533.26019, 759.43329, 382.28696, 755.02643, 422.7999, 750.46716, 464.51508, 745.34442, 507.95529;
  1076.7174, 451.5358, 1067.3353, 496.65506, 1057.9337, 540.44946, 1048.5739, 583.38727, 1047.4888, 470.14865, 1038.4246, 514.53223, 1029.3146, 557.797, 1020.3039, 600.43756, 1027.939, 443.689, 1018.8447, 488.33078, 1010.0126, 532.10077, 1001.1884, 575.01996, 999.30664, 462.07983, 990.64435, 506.29993, 982.07483, 549.50647, 973.57092, 592.23267, 979.75427, 435.89273, 971.09656, 480.371, 962.71027, 523.81818, 954.46619, 566.74628, 951.62775, 454.33105, 943.34436, 498.19464, 935.24371, 541.24304, 927.33893, 583.72858, 932.034, 428.18311, 923.92529, 472.42337, 916.02631, 515.69379, 908.12268, 558.2962, 904.38129, 446.45023, 896.57648, 490.1192, 888.94995, 533.01215, 881.42743, 575.26788, 884.96069, 420.48471, 877.21149, 464.36127, 869.76495, 507.50549, 862.37897, 550.04742, 857.78296, 438.66989, 850.60657, 482.19391, 843.33282, 524.89203, 836.37604, 566.86017, 838.38696, 412.69321, 831.15845, 456.56833, 824.26746, 499.53943, 817.29187, 541.78577;
  1184.0421, 443.21155, 1176.9645, 487.75589, 1169.8257, 530.94189, 1162.3661, 573.15155, 1158.3916, 465.57779, 1151.5382, 509.63083, 1144.5026, 552.3241, 1137.4191, 594.40808, 1139.9072, 443.17313, 1132.8303, 487.81906, 1126.1493, 531.2406, 1119.4531, 573.95593, 1114.0642, 465.71347, 1107.5052, 509.7485, 1101.1161, 552.95776, 1094.7471, 595.52301, 1095.2213, 443.23282, 1088.3727, 487.91678, 1082.1735, 531.60822, 1076.0105, 574.50592, 1069.2922, 465.78763, 1063.0199, 510.15491, 1056.9845, 553.39069, 1051.0598, 596.14105, 1049.8552, 443.24127, 1043.702, 488.18848, 1037.7522, 531.9433, 1031.924, 575.07202, 1023.8329, 465.79056, 1018.0842, 510.21176, 1012.5044, 553.71985, 1006.9459, 596.63348, 1003.7919, 443.08337, 998.10083, 488.20346, 992.66931, 532.26758, 987.29749, 575.41321, 977.85181, 465.58109, 972.67316, 510.41321, 967.65332, 554.1366, 962.42084, 597.23431, 957.25995, 442.63913, 952.15308, 488.16574, 947.46759, 532.42767, 942.51062, 575.94781;
  1162.1772, 403.89941, 1168.707, 447.96548, 1174.7689, 492.40262, 1180.6089, 537.73505, 1145.2941, 426.62256, 1151.5771, 470.97751, 1157.3301, 516.19073, 1163.2191, 562.17786, 1122.2893, 405.19559, 1128.1025, 449.4902, 1133.9861, 494.37354, 1139.8107, 540.11725, 1104.9652, 427.93112, 1110.6898, 472.75693, 1116.3972, 518.18512, 1122.254, 564.67365, 1081.8481, 406.38217, 1087.2141, 451.09445, 1092.8042, 496.29993, 1098.5129, 542.31079, 1063.9426, 429.37689, 1069.2489, 474.53342, 1074.7983, 520.18372, 1080.4468, 567.0473, 1040.6989, 407.7261, 1045.7944, 452.63974, 1051.0042, 498.16336, 1056.3727, 544.65637, 1022.1576, 430.87097, 1027.2267, 476.26901, 1032.3679, 522.33673, 1037.5746, 569.57178, 998.63269, 408.98566, 1003.4857, 454.26154, 1008.5217, 500.15973, 1013.4493, 546.86676, 979.68616, 432.37662, 984.44379, 478.04059, 989.51776, 524.66278, 994.36804, 571.88202, 955.96625, 410.42587, 960.49341, 456.07837, 965.37091, 501.99582, 970.15417, 549.15002;
  1237.0219, 423.01294, 1237.1145, 469.48941, 1236.8876, 516.74103, 1236.3225, 565.01373, 1211.5728, 444.15091, 1211.2537, 490.61496, 1210.688, 538.04755, 1210.0156, 586.66565, 1186.5386, 419.19019, 1186.0508, 465.06113, 1185.4312, 511.59833, 1184.6377, 559.38397, 1161.3333, 439.91452, 1160.5758, 486.01831, 1159.7609, 532.85492, 1158.8008, 580.92242, 1136.9814, 415.20877, 1135.9725, 460.64124, 1135.0211, 506.7695, 1133.9398, 553.89856, 1111.9423, 435.9061, 1110.8228, 481.29233, 1109.5283, 527.50702, 1108.1824, 574.97906, 1088.4978, 411.32104, 1087.025, 456.28232, 1085.6639, 501.78629, 1083.9457, 548.401, 1063.6429, 431.70535, 1062.0526, 476.63, 1060.3048, 522.47217, 1058.5153, 569.27856, 1040.7495, 407.67206, 1038.9944, 451.9902, 1037.1184, 497.01093, 1035.1295, 543.0271, 1016.3824, 427.82364, 1014.3864, 472.20358, 1012.3051, 517.24359, 1010.1375, 563.66486, 994.18091, 403.94614, 992.09863, 447.82053, 989.83514, 492.24057, 987.43811, 537.62671;
  1213.0386, 369.80811, 1212.4161, 413.76154, 1211.7223, 459.1908, 1210.8452, 506.47314, 1186.0142, 390.10178, 1184.9266, 434.32297, 1183.7174, 480.31342, 1182.3743, 527.99371, 1160.5009, 367.1759, 1159.0925, 410.36319, 1157.4515, 454.93204, 1155.8115, 501.11157, 1134.0665, 387.13303, 1132.1987, 430.56604, 1130.2434, 475.36627, 1128.1196, 522.0199, 1110.0302, 364.57813, 1107.7218, 407.05429, 1105.3586, 450.53656, 1102.8872, 495.7597, 1084.0134, 384.31393, 1081.4801, 426.6846, 1078.6587, 470.50912, 1075.7642, 516.21594, 1061.1368, 361.9472, 1058.29, 403.74384, 1055.1556, 446.28668, 1051.9125, 490.64554, 1035.6598, 381.37769, 1032.2631, 422.90866, 1028.8296, 466.10471, 1025.3302, 510.82336, 1013.9962, 359.67844, 1010.303, 400.4425, 1006.6378, 442.33026, 1002.7606, 485.71854, 989.1969, 378.70239, 985.10333, 419.53784, 981.03271, 461.74142, 976.77252, 505.64453, 968.70392, 357.50864, 964.45569, 397.57352, 960.07776, 438.57608, 955.51764, 481.08798;
  1197.7587, 246.47755, 1190.2369, 295.53229, 1182.7061, 343.28723, 1175.0875, 390.18057, 1166.6738, 268.81854, 1159.4966, 316.93991, 1152.2769, 363.77414, 1145.0446, 410.10645, 1143.5646, 242.33986, 1136.5553, 290.49295, 1129.521, 337.6015, 1122.6704, 384.03287, 1113.7031, 264.41214, 1107.0793, 311.66144, 1100.4745, 358.0332, 1093.7725, 403.76843, 1090.9791, 238.46214, 1084.4396, 285.82922, 1078.1935, 332.39359, 1071.8477, 378.04294, 1062.1091, 260.1264, 1055.9447, 306.69217, 1049.9696, 352.41531, 1043.9783, 397.60895, 1039.8644, 234.62094, 1033.9984, 281.21161, 1028.358, 326.97769, 1022.4632, 371.87054, 1012.0851, 255.99666, 1006.4881, 301.83746, 1000.9584, 346.80249, 995.64355, 391.2771, 990.35059, 230.80083, 984.93396, 276.83139, 979.74237, 321.93109, 974.47253, 366.1076, 963.68835, 251.91032, 958.54376, 297.10764, 953.58533, 341.52911, 948.68848, 385.20367, 942.47601, 227.12277, 937.53772, 272.56711, 932.75452, 316.83478, 928.16602, 360.58615;
  1169.3217, 208.7514, 1159.1262, 254.82361, 1149.2336, 298.46439, 1139.3419, 340.04037, 1139.1923, 232.23087, 1129.5719, 276.99594, 1120.3545, 319.42859, 1111.1406, 360.25766, 1118.9106, 209.29408, 1109.6215, 254.73215, 1100.7848, 298.31311, 1092.124, 340.08597, 1089.3044, 232.42987, 1080.8718, 276.70444, 1072.7041, 319.28329, 1064.6686, 360.19513, 1068.7444, 209.5153, 1060.4624, 254.99318, 1052.6764, 298.23065, 1045.1982, 340.02634, 1039.9008, 232.61813, 1032.3912, 276.90173, 1025.2323, 319.14249, 1018.4011, 359.9968, 1018.8586, 209.77975, 1011.601, 255.18742, 1004.9022, 298.19476, 998.32593, 339.63147, 990.56531, 232.83974, 984.06226, 276.9267, 977.92218, 319.09854, 971.9458, 359.60721, 969.01654, 210.04707, 962.9549, 255.2485, 957.23053, 298.11392, 951.59247, 339.27136, 941.5769, 232.79108, 936.23737, 276.93188, 931.13, 318.97977, 926.27338, 359.51321, 919.5661, 210.23093, 914.73505, 255.24593, 909.99402, 298.04373, 905.59198, 339.25507;
  1110.2578, 160.77904, 1110.0914, 208.86053, 1109.9932, 256.62485, 1109.9078, 304.31491, 1084.1492, 186.18102, 1084.1028, 233.66295, 1084.0731, 280.97061, 1083.9514, 328.27643, 1058.5692, 163.65994, 1058.5132, 211.09106, 1058.4633, 258.07648, 1058.5188, 304.92853, 1033.4402, 188.7224, 1033.5697, 235.56337, 1033.5432, 281.90262, 1033.5222, 328.47009, 1008.5464, 166.56319, 1008.5856, 213.2083, 1008.6833, 259.43878, 1008.8448, 305.49887, 984.17688, 191.18509, 984.29834, 237.22226, 984.54639, 282.80585, 984.76099, 328.69733, 959.78723, 169.19238, 960.15057, 215.21783, 960.54889, 260.79214, 960.70544, 306.18283, 936.33124, 193.49428, 936.6109, 238.81279, 936.95123, 283.90674, 937.19525, 329.06088, 912.79633, 171.98589, 913.27838, 217.30167, 913.60229, 262.09811, 914.09747, 306.73822, 890.19073, 195.85034, 890.56348, 240.53325, 891.13379, 284.84464, 891.61078, 329.25333, 867.42767, 174.6424, 867.88818, 219.24254, 868.46356, 263.34116, 868.98676, 307.21478;
  1092.9163, 64.53717, 1089.609, 115.19711, 1086.5425, 165.79683, 1083.5325, 216.91451, 1064.8604, 92.620644, 1061.687, 142.42108, 1058.6414, 192.44688, 1055.8281, 242.85469, 1040.6915, 70.606392, 1037.7429, 119.76281, 1034.6777, 168.87257, 1031.6597, 218.39903, 1014.4651, 97.85363, 1011.394, 146.17273, 1008.4564, 194.74118, 1005.3242, 243.48784, 991.49738, 76.231247, 988.84027, 124.14381, 985.90649, 171.90993, 982.83661, 219.73773, 966.69647, 102.79565, 963.86957, 149.72905, 961.0213, 196.83725, 958.05334, 244.01926, 945.33649, 81.711876, 942.60168, 128.22231, 939.73419, 174.55899, 936.78479, 221.12857, 921.78467, 107.35226, 919.00311, 153.15271, 916.18158, 198.77451, 913.22998, 244.75452, 901.79449, 87.05426, 899.09552, 132.24002, 896.36853, 177.1423, 893.52203, 222.37401, 879.81458, 111.94048, 876.97833, 156.29671, 874.20166, 200.75822, 871.51855, 245.4455, 860.83978, 92.070511, 858.22314, 136.00742, 855.47162, 179.70268, 852.72388, 223.61383;
  1089.153, 96.643829, 1086.7938, 140.78152, 1084.1794, 185.51805, 1081.4375, 231.36311, 1062.8121, 118.59685, 1060.2119, 162.74794, 1057.2611, 207.61076, 1054.4744, 253.54695, 1039.7078, 96.896416, 1036.6316, 140.59422, 1033.759, 184.62828, 1030.8756, 229.55426, 1013.8583, 118.67146, 1010.7074, 162.21916, 1007.6854, 206.46227, 1004.4952, 251.48378, 991.44287, 97.08046, 988.08124, 140.16624, 984.98328, 183.69373, 981.61823, 228.0069, 966.15149, 118.59274, 962.74634, 161.62935, 959.22906, 205.19095, 955.7937, 249.58313, 944.62476, 97.385651, 941.05969, 139.84914, 937.41034, 182.83725, 933.86548, 226.58035, 919.69019, 118.7458, 915.96747, 161.15697, 912.23566, 204.08244, 908.46063, 247.88902, 898.98029, 97.871399, 895.04407, 139.8855, 891.20374, 182.10135, 887.32477, 225.30299, 874.66461, 118.92278, 870.66211, 160.72658, 866.67218, 202.9798, 862.72296, 246.35492, 854.6499, 98.52063, 850.7124, 139.76961, 846.54303, 181.40793, 842.3811, 223.95473;
  1057.6666, 112.62318, 1058.5682, 148.11488, 1059.5748, 184.30867, 1060.4901, 221.41998, 1037.8411, 131.15025, 1038.8025, 166.76813, 1039.4691, 203.19298, 1040.2861, 240.26076, 1017.7019, 114.16176, 1018.2516, 149.57661, 1018.9206, 185.33739, 1019.5745, 221.90515, 998.21368, 132.46544, 998.75677, 167.99429, 999.13763, 203.96519, 999.70111, 240.8221, 978.44116, 115.56706, 978.72272, 150.80147, 979.19305, 186.34363, 979.48889, 222.63393, 959.0813, 133.8493, 959.25616, 169.18306, 959.52893, 204.7507, 959.73999, 241.15939, 939.77972, 116.97726, 939.85742, 152.0164, 939.90985, 187.3278, 939.89746, 223.18416, 920.58881, 135.22079, 920.53534, 170.24394, 920.47461, 205.57428, 920.32916, 241.81769, 901.81616, 118.65541, 901.56708, 153.28235, 901.33112, 188.30695, 901.18976, 223.91884, 882.85724, 136.64722, 882.53021, 171.31808, 882.29291, 206.47699, 881.90851, 242.34109, 864.56439, 120.32617, 863.99786, 154.59265, 863.59601, 189.2883, 863.11572, 224.59373;
  1198.5306, 73.565895, 1196.8356, 110.98331, 1194.6132, 148.88216, 1192.5856, 187.45337, 1176.062, 92.696182, 1174.12, 130.0968, 1171.8688, 167.94836, 1169.7914, 206.4617, 1155.9023, 74.50412, 1153.7555, 111.66631, 1151.7032, 149.01375, 1149.425, 186.8907, 1133.936, 93.44046, 1131.6196, 130.45161, 1129.3267, 167.67969, 1127.0283, 205.44916, 1114.3066, 75.393646, 1111.9994, 112.23313, 1109.6423, 149.06764, 1107.2549, 186.36322, 1092.6044, 94.162567, 1090.2212, 130.71672, 1087.8083, 167.57854, 1085.4691, 204.7314, 1073.6021, 76.468597, 1071.2399, 112.62793, 1068.7894, 149.07051, 1066.2706, 185.89662, 1052.464, 95.008904, 1049.8867, 131.0336, 1047.3254, 167.26022, 1044.8424, 204.1562, 1034.0107, 77.49128, 1031.5344, 113.32153, 1028.8564, 149.18842, 1026.364, 185.38525, 1013.4238, 95.861473, 1010.8636, 131.40474, 1008.1417, 167.0757, 1005.517, 203.43869, 995.47137, 78.65271, 992.97949, 113.97206, 990.32452, 149.20058, 987.59991, 184.96075;
  1155.7484, 24.566031, 1164.4609, 65.761055, 1173.0729, 107.31782, 1181.1167, 149.36621, 1140.3069, 47.985439, 1149.0636, 89.419044, 1157.2928, 131.38399, 1165.7019, 173.77075, 1116.5292, 29.757683, 1124.8035, 71.56353, 1133.2755, 113.32848, 1141.7594, 155.5862, 1100.8219, 53.42482, 1109.21, 95.372086, 1117.5314, 137.30247, 1126.1871, 180.03741, 1076.8026, 35.185944, 1084.9255, 77.25602, 1093.2821, 119.40319, 1101.7098, 161.72853, 1060.7805, 58.975258, 1068.8098, 101.26566, 1077.3169, 143.57623, 1085.8704, 186.43977, 1036.5865, 40.542931, 1044.5803, 83.05706, 1052.8716, 125.51152, 1061.113, 168.13931, 1020.1312, 64.762863, 1028.1648, 107.35532, 1036.3695, 149.89894, 1044.8468, 193.15674, 995.55212, 46.364048, 1003.6772, 89.010849, 1011.801, 131.63255, 1019.9551, 174.71648, 978.83447, 70.667557, 986.98651, 113.48667, 995.28668, 156.34641, 1003.5211, 199.84001, 954.17749, 52.424522, 962.1712, 95.221764, 970.34534, 137.94128, 978.54193, 181.312;
  983.67212, 42.833405, 991.67004, 89.321777, 998.87531, 134.95206, 1005.512, 180.50154, 967.44049, 70.463387, 975.13531, 116.63907, 982.23303, 162.49431, 988.91614, 208.10442, 943.21948, 51.097111, 950.95691, 98.155045, 958.6167, 144.2345, 965.64301, 190.13573, 926.65613, 79.124046, 934.40289, 125.82623, 941.86377, 171.98288, 949.14099, 217.94371, 901.94525, 59.763382, 909.85852, 107.01911, 917.6073, 153.55226, 925.09729, 199.87126, 884.89868, 88.004707, 892.85571, 134.95865, 900.62134, 181.5743, 908.20251, 227.90761, 859.66565, 68.393227, 867.84344, 116.1296, 875.88605, 163.12003, 883.62396, 209.75066, 842.28992, 96.923096, 850.54773, 144.43822, 858.48193, 191.4709, 866.37335, 238.06473, 816.36261, 77.380196, 824.91931, 125.58462, 833.18463, 172.84895, 841.09326, 219.75101, 798.75952, 106.14034, 807.40839, 154.15434, 815.71918, 201.36699, 823.73114, 248.33583, 772.16705, 86.558868, 781.08344, 135.03825, 789.7124, 182.76675, 798.18854, 229.95543;
  897.51678, 155.33945, 882.4743, 205.47438, 867.52509, 254.8553, 852.39203, 304.28256, 865.93817, 173.70473, 851.10675, 223.53242, 835.97302, 272.85257, 820.90509, 321.9671, 849.41949, 141.54269, 834.27325, 191.87839, 819.27917, 241.5437, 804.53033, 291.01651, 817.31934, 159.70595, 802.66125, 210.01883, 787.84418, 259.53827, 773.00079, 309.14777, 800.68341, 127.31362, 785.62726, 178.01764, 770.93304, 228.00758, 756.15717, 277.72583, 768.64624, 145.75372, 753.73859, 196.23108, 739.00391, 246.02022, 724.43488, 295.86383, 751.28485, 112.95808, 736.49591, 163.97643, 721.83997, 214.32393, 707.23114, 264.21326, 719.06512, 131.47299, 704.43048, 182.34621, 689.83466, 232.46812, 675.35498, 282.59216, 701.64514, 98.499802, 686.83417, 149.80539, 672.25244, 200.45004, 657.87152, 250.57982, 669.07422, 117.04675, 654.64209, 168.24664, 640.29309, 218.7457, 626.11133, 269.04059, 651.14911, 83.979263, 636.70038, 135.65804, 622.50085, 186.54637, 608.22247, 237.10503;
  671.45428, 68.318748, 678.32855, 118.05862, 685.29443, 168.48047, 692.51868, 220.05849, 649.25763, 95.174919, 656.03571, 145.38512, 662.97638, 196.66348, 670.27832, 248.92542, 620.32635, 71.821327, 626.85101, 122.35487, 633.55945, 173.29779, 640.58545, 225.34996, 597.62207, 98.847206, 603.96582, 149.94766, 610.7782, 201.5545, 617.94122, 254.44989, 568.41119, 75.116539, 574.39972, 126.45774, 580.96216, 178.23274, 587.75171, 230.7765, 544.94727, 102.74418, 551.11169, 154.46159, 557.59491, 206.95917, 564.35797, 260.23944, 515.40863, 78.583984, 521.27588, 130.48512, 527.37787, 183.02802, 533.93036, 236.28633, 491.32986, 106.51746, 497.10941, 159.07278, 503.27966, 212.25165, 509.75333, 266.48148, 461.24179, 82.519249, 466.9386, 135.00172, 472.742, 188.05026, 479.07187, 242.14363, 436.80197, 110.79066, 442.24127, 163.89136, 448.16129, 217.59552, 454.5032, 272.7164, 406.51346, 86.383545, 411.66437, 139.40578, 417.37436, 193.15332, 423.28683, 247.85634;
  514.42755, 249.42125, 544.79437, 293.5004, 574.74023, 336.99677, 604.57538, 380.4216, 507.62363, 286.23294, 538.19391, 330.27548, 568.39508, 373.89935, 598.55939, 417.44476, 470.05789, 278.59381, 500.99811, 323.08472, 531.52338, 367.10495, 562.10309, 411.12625, 463.04684, 316.05066, 494.0885, 360.44296, 525.00525, 404.54407, 555.87842, 448.54083, 424.50858, 308.4473, 456.07062, 353.53607, 487.30179, 397.99393, 518.38708, 442.41461, 417.33713, 346.48834, 449.03241, 391.51486, 480.3736, 436.04755, 511.86716, 480.64056, 377.85846, 339.35153, 410.14069, 384.853, 441.86853, 429.79788, 473.65906, 474.51459, 370.18112, 378.04684, 402.57831, 423.60791, 434.59955, 468.71902, 466.75394, 513.61707, 329.8938, 370.97751, 362.66571, 417.09134, 395.12137, 462.54941, 427.58591, 507.77487, 322.20117, 410.39673, 355.14023, 456.46344, 387.8775, 501.91803, 420.68784, 547.26471, 280.77319, 403.59464, 314.36517, 450.1207, 347.48651, 495.99426, 380.61816, 541.7215;
  476.86975, 264.85934, 513.75275, 301.85309, 550.17542, 338.62421, 586.4126, 375.23682, 476.49106, 301.00299, 513.58887, 338.08963, 550.25415, 374.86237, 587.01276, 411.5206, 438.76297, 299.7818, 476.36276, 337.32907, 513.43323, 374.38431, 550.57404, 411.45102, 438.30099, 336.5293, 476.0751, 374.09091, 513.53534, 411.27576, 551.0993, 448.49203, 399.61472, 335.79932, 437.96036, 373.81039, 475.80383, 411.2236, 513.67645, 448.73029, 398.9874, 373.32034, 437.39322, 411.44592, 475.64359, 448.99289, 513.8158, 486.4921, 359.09741, 372.88034, 398.30487, 411.45447, 437.06946, 449.32321, 475.63379, 487.21448, 358.28152, 411.52725, 397.57806, 449.98834, 436.59378, 487.94696, 475.59897, 526.04633, 317.55466, 411.40289, 357.42459, 450.41345, 396.88531, 488.7963, 436.43542, 527.0116, 316.43954, 450.73712, 356.70871, 489.63266, 396.59427, 528.06781, 436.51422, 566.49713, 274.62024, 451.16895, 315.57214, 490.57724, 355.93774, 529.58551, 396.16769, 567.9975;
  444.92664, 255.27411, 494.73645, 274.57245, 543.50787, 293.51321, 591.3587, 312.59216, 460.43094, 288.73691, 510.06897, 307.89484, 558.75708, 326.61157, 606.81854, 345.28979, 425.49973, 303.10123, 476.00943, 322.3381, 525.40149, 341.09216, 574.09753, 359.66995, 441.21518, 336.98657, 491.45847, 355.88373, 540.86749, 374.34845, 589.73853, 392.77841, 405.73038, 351.97342, 456.91333, 371.06009, 507.00995, 389.5217, 556.39685, 407.87537, 421.55023, 386.39246, 472.58002, 405.03943, 522.8382, 423.15637, 572.22638, 441.26797, 385.46335, 401.91937, 437.4635, 420.71457, 488.33188, 439.06769, 538.50891, 457.08005, 401.55069, 436.8454, 453.39859, 455.2562, 504.20761, 473.25681, 554.58453, 491.06665, 364.76749, 453.23798, 417.72952, 471.66287, 469.32858, 489.71249, 520.2522, 507.5607, 381.1821, 488.56274, 433.81409, 506.52753, 485.46805, 524.34027, 536.50922, 541.65369, 343.9635, 505.6553, 397.61703, 523.70679, 450.06842, 541.28387, 501.72128, 558.77203;
  422.64066, 276.4689, 476.10352, 274.31992, 527.91211, 272.28577, 578.159, 270.44318, 451.27802, 301.24188, 503.95996, 298.76633, 554.92438, 296.52161, 605.1972, 294.18726, 425.90527, 328.63242, 479.59357, 325.76068, 531.37695, 322.9617, 582.04395, 320.24506, 454.63724, 353.19229, 507.40451, 349.97336, 558.83118, 346.86472, 609.09607, 343.73672, 429.29089, 381.25293, 483.05048, 377.54495, 535.03943, 373.96564, 585.92346, 370.51559, 458.18317, 405.50919, 511.10776, 401.63303, 562.58173, 397.73465, 613.04968, 394.03986, 432.65015, 434.436, 486.74039, 429.85263, 538.97998, 425.4982, 589.90662, 421.23068, 461.90781, 458.58636, 515.11469, 453.87875, 566.53394, 449.14166, 617.08917, 444.45105, 436.34442, 488.01996, 490.49597, 482.58954, 542.93634, 477.48181, 594.01886, 472.41312, 465.55219, 511.95703, 518.98169, 506.37436, 570.6665, 500.70886, 621.32874, 495.48175, 439.99408, 541.91394, 494.35895, 535.86426, 547.02966, 529.78516, 598.34082, 523.862;
  404.11411, 286.91504, 453.48413, 270.6178, 501.18231, 254.967, 547.54523, 239.86739, 438.18985, 302.47614, 486.48911, 286.11426, 533.35413, 270.30249, 579.14221, 255.04192, 422.3176, 334.63599, 471.50473, 317.69516, 518.98853, 301.15747, 565.12158, 285.12131, 456.293, 349.76138, 504.38351, 332.68634, 551.11639, 316.12, 596.81677, 299.89197, 440.70557, 382.61008, 489.61282, 364.73846, 536.83386, 347.60172, 582.92267, 330.78818, 474.55408, 397.35208, 522.52991, 379.54764, 568.96619, 362.24759, 614.48047, 345.24594, 459.20258, 430.74216, 507.79251, 411.98776, 554.97626, 394.13144, 600.81152, 376.67273, 492.96429, 445.36795, 540.70563, 426.61411, 587.05127, 408.54156, 632.43567, 390.89307, 477.73932, 479.13037, 526.34869, 459.65125, 573.17993, 440.88245, 618.87024, 422.71341, 511.53937, 493.43607, 559.07361, 473.8465, 605.20581, 455.05066, 650.20703, 436.59555, 496.40787, 527.75647, 544.80811, 507.55582, 591.5473, 487.87634, 637.04993, 468.84753;
  396.64874, 304.6835, 441.42111, 281.31693, 485.06161, 258.76501, 527.58319, 236.76614, 431.49664, 314.06979, 475.57028, 290.89163, 518.61438, 268.26999, 560.68176, 246.15306, 421.11917, 347.26331, 465.98361, 323.52521, 509.27615, 300.27835, 551.8399, 277.62848, 455.99533, 356.53003, 499.96115, 332.72443, 542.77942, 309.59076, 584.86377, 286.62384, 445.79083, 390.09039, 490.36295, 365.733, 533.60608, 342.09329, 576.06824, 318.80048, 480.56427, 399.21603, 524.37805, 374.95807, 567.01825, 351.13782, 609.07904, 327.73026, 470.49829, 433.39975, 514.94415, 408.43399, 558.01251, 384.04263, 600.33765, 360.24481, 505.31833, 442.43845, 548.97943, 417.55325, 591.55304, 393.24817, 633.43024, 369.32312, 495.27347, 477.0029, 539.69696, 451.33774, 582.67603, 426.59573, 624.74908, 402.05692, 529.81921, 485.85724, 573.58179, 460.33261, 616.02185, 435.32779, 657.69189, 410.85608, 520.05786, 520.97162, 564.45563, 494.76172, 607.18854, 469.29147, 649.29639, 444.32324;
  396.49161, 238.46101, 448.98236, 239.11246, 500.23907, 240.01697, 550.47589, 240.87358, 422.98828, 264.06244, 475.02795, 264.49716, 525.86169, 265.22467, 575.89722, 265.89017, 396.50363, 289.05234, 449.3472, 289.35324, 500.86426, 289.76413, 551.40985, 290.09595, 423.11136, 314.52887, 475.36127, 314.67505, 526.47955, 314.9353, 576.95807, 314.97208, 396.26447, 340.12698, 449.49567, 340.06458, 501.1572, 339.99963, 552.15558, 339.89813, 422.94962, 365.81378, 475.55643, 365.51404, 526.91943, 365.2265, 577.69336, 364.82452, 395.71872, 391.9183, 449.39761, 391.42538, 501.4881, 390.82996, 552.68018, 390.34244, 422.52139, 417.73419, 475.50409, 416.97049, 527.26685, 416.27643, 578.15277, 415.44446, 395.09772, 444.38174, 448.98743, 443.28763, 501.37488, 442.41946, 552.83618, 441.48941, 421.80405, 470.1127, 475.13959, 468.83273, 527.24005, 467.63419, 578.44183, 466.44952, 394.17731, 497.32693, 448.29031, 495.90381, 501.00876, 494.40381, 552.91211, 492.8967;
  479.18402, 188.09235, 514.20978, 221.66115, 549.39581, 255.80185, 584.93677, 290.68716, 478.63391, 221.63763, 513.76508, 255.74353, 549.13934, 290.5083, 585.08136, 325.79672, 443.01868, 221.34743, 478.11203, 255.71313, 513.32294, 290.20084, 548.88397, 325.38245, 442.36893, 255.46808, 477.44849, 290.05856, 512.76208, 325.08078, 548.50317, 360.78085, 406.1842, 255.26653, 441.37274, 289.9552, 476.58859, 324.97314, 512.17249, 360.5011, 405.03595, 289.63629, 440.28098, 324.77957, 475.61609, 360.30624, 511.39105, 396.42245, 368.3631, 289.38937, 403.80209, 324.58325, 439.01572, 360.15115, 474.64291, 396.26801, 367.05011, 324.52356, 402.18253, 360.13788, 437.57654, 396.03107, 473.43695, 432.84787, 330.10104, 324.22751, 365.36288, 359.99277, 400.56699, 395.93936, 436.14609, 432.46027, 328.30231, 359.7294, 363.4411, 395.87952, 398.82437, 432.26907, 434.82584, 469.42343, 291.1232, 359.65359, 326.18597, 395.62219, 361.51834, 432.06754, 397.16013, 469.1489;
  480.68085, 236.57539, 482.30582, 284.09979, 483.77914, 332.57666, 484.81833, 382.45773, 456.46317, 260.19092, 457.72141, 308.24609, 458.73749, 357.61191, 459.47186, 408.50726, 430.56729, 235.91484, 431.63269, 283.96613, 432.4198, 332.81979, 433.02234, 383.24771, 405.44998, 259.5416, 406.22791, 308.35638, 406.66873, 358.17612, 406.84314, 409.59509, 379.16837, 234.97598, 379.57422, 283.64255, 379.92377, 333.16882, 379.88446, 384.1058, 353.11069, 258.93411, 353.05505, 308.27927, 353.03796, 358.77966, 352.50024, 410.81107, 326.3071, 234.02519, 326.14944, 283.32037, 325.81259, 333.51086, 325.24133, 385.08084, 299.00122, 258.27997, 298.5397, 308.22903, 297.74005, 359.45361, 296.68982, 412.25418, 271.9798, 233.2114, 271.16165, 283.13129, 270.25244, 333.79199, 269.05289, 385.93686, 243.8622, 257.84195, 242.70795, 308.33936, 241.11604, 360.09799, 239.45363, 413.47314, 216.36952, 232.48586, 215.00449, 282.91864, 213.28218, 334.24225, 211.3849, 387.00912;
  532.44751, 378.63028, 497.28787, 414.79068, 461.06476, 452.27911, 422.9675, 490.88461, 496.59677, 378.66916, 460.71783, 415.33182, 423.19339, 453.13507, 384.06, 492.271, 496.15814, 343.04315, 460.37177, 378.92188, 423.25742, 415.85632, 384.66919, 454.11365, 459.96915, 342.78351, 423.18369, 379.0499, 384.88666, 416.34628, 345.00714, 455.24261, 459.49164, 307.03345, 422.90573, 342.64865, 385.09732, 379.05508, 345.66241, 417.03342, 422.629, 306.43396, 385.09753, 342.32608, 345.9985, 379.25876, 305.26489, 417.66605, 422.31082, 270.52579, 384.91809, 305.86093, 346.37808, 342.04355, 305.98752, 379.44733, 384.70038, 269.6069, 346.267, 305.13327, 306.37796, 341.80569, 264.88925, 379.72641, 384.20947, 233.97963, 346.08475, 268.78308, 306.70245, 304.5531, 265.69504, 341.66431, 346.00726, 232.80881, 306.86191, 267.77036, 266.30875, 304.01923, 224.02557, 341.66809, 345.65674, 197.09538, 306.82425, 231.51964, 266.75906, 266.84109, 225.04353, 303.5051;
  570.97552, 471.22858, 521.10687, 472.95062, 469.42883, 474.59991, 415.91037, 476.30466, 545.85956, 446.60782, 495.18832, 447.9516, 442.93442, 449.21619, 388.40942, 450.64413, 570.29028, 420.85495, 520.43506, 421.79581, 469.13632, 422.72623, 415.71967, 423.79016, 545.0946, 396.15698, 494.7084, 396.82483, 442.6156, 397.35892, 388.40933, 397.95383, 569.38062, 370.89777, 519.75952, 371.17462, 468.64084, 371.43909, 415.69128, 371.73547, 544.29559, 346.02267, 494.00385, 345.94977, 442.17529, 345.8587, 388.21066, 345.73981, 568.52832, 321.27652, 518.94629, 320.92096, 468.1011, 320.45581, 415.23291, 320.07843, 543.34906, 296.34732, 493.13571, 295.53146, 441.48709, 294.72757, 387.76471, 293.83963, 567.17572, 272.18341, 517.85858, 271.0217, 467.22156, 269.91495, 414.58218, 268.78052, 542.03894, 247.24994, 492.13754, 245.70998, 440.71234, 244.19525, 387.22171, 242.68044, 565.75378, 223.77702, 516.66443, 222.00661, 466.16675, 220.17769, 413.76773, 218.18205;
  582.15851, 503.19168, 537.5766, 482.45026, 491.87656, 461.23779, 444.85132, 439.3623, 570.92212, 469.81784, 526.04755, 448.69528, 480.09335, 427.01642, 432.58249, 404.76035, 603.56958, 457.56952, 559.41614, 436.51938, 514.42792, 414.91605, 468.07401, 392.83939, 592.3255, 424.56821, 547.96222, 403.08783, 502.686, 381.11011, 455.80576, 358.51453, 624.68182, 412.996, 580.95618, 391.38593, 536.63721, 369.51514, 490.78604, 347.02939, 613.4519, 379.84119, 569.68707, 358.14835, 524.92413, 335.86063, 478.75146, 312.87955, 645.3996, 368.69458, 602.23816, 346.88589, 558.25256, 324.6803, 513.14703, 302.03745, 634.29706, 335.74396, 591.00238, 313.70587, 546.68726, 291.18054, 501.19437, 267.94989, 665.67371, 324.98672, 623.02802, 302.98926, 579.57257, 280.52866, 534.91052, 257.54666, 654.43109, 292.57019, 611.8501, 270.2002, 568.09949, 247.2269, 523.01337, 223.95262, 685.33374, 282.20282, 643.37067, 259.93793, 600.46161, 237.16441, 556.36462, 213.84027;
  595.28516, 486.29498, 547.25275, 472.7738, 498.21756, 458.67929, 447.54706, 444.14832, 578.56024, 455.07312, 530.44025, 440.96063, 481.01752, 426.35223, 429.89819, 411.31729, 609.30389, 438.0145, 561.95636, 423.74005, 513.58331, 409.08624, 463.73529, 393.83902, 592.91168, 407.0094, 545.39044, 392.20001, 496.76862, 377.10342, 446.56924, 361.17026, 623.40625, 390.56271, 576.69238, 375.74316, 529.14368, 360.48624, 479.9476, 344.70825, 607.4364, 359.71143, 560.47009, 344.35678, 512.60986, 328.63162, 463.30176, 312.06357, 637.92664, 343.96973, 591.59369, 328.64917, 544.71472, 312.85123, 496.2222, 296.36438, 622.13123, 313.04407, 575.8609, 297.20526, 528.61786, 280.88248, 479.82761, 263.81219, 651.98126, 298.26797, 606.59918, 282.30096, 560.16302, 265.84088, 512.49866, 248.94449, 636.66278, 267.86697, 591.00079, 251.18964, 544.39221, 234.23639, 496.38016, 216.77319, 666.18982, 253.40709, 621.40479, 237.05661, 575.75562, 220.05099, 528.74066, 202.5295;
  544.2771, 375.56738, 500.53513, 403.10303, 455.93735, 431.24411, 409.71277, 460.39032, 509.18127, 367.47113, 464.68332, 395.13992, 418.78784, 423.51132, 371.5199, 453.03458, 517.99469, 332.25174, 473.42389, 359.29404, 428.0123, 387.02023, 381.01624, 415.80411, 482.43692, 323.73453, 437.04086, 350.94681, 390.53412, 378.89322, 342.19705, 407.85806, 491.39691, 288.16449, 446.04678, 314.86401, 399.69986, 342.20486, 351.97372, 370.39212, 455.14529, 279.08765, 408.99112, 305.82675, 361.66385, 333.43622, 312.5788, 361.90063, 464.35205, 243.55321, 418.33313, 269.73508, 371.21872, 296.58981, 322.61365, 324.3877, 427.50006, 233.7943, 380.6958, 260.05582, 332.48312, 286.96509, 282.63257, 315.12076, 437.0166, 198.13795, 390.18497, 223.88824, 342.38052, 250.21274, 292.95947, 277.48834, 399.84952, 187.91393, 352.15967, 213.76773, 303.12891, 240.22931, 252.47989, 267.82724, 409.62238, 152.24916, 361.99188, 177.4079, 313.27496, 203.28755, 263.19983, 229.99484;
  488.50809, 314.82224, 462.97302, 362.21338, 437.55118, 408.71268, 412.16028, 454.99448, 451.60876, 327.82129, 425.90585, 375.41422, 400.24194, 422.45395, 374.7356, 469.41837, 440.42972, 292.42899, 413.96149, 340.99728, 388.04361, 388.99426, 362.31549, 436.72418, 401.9024, 305.43716, 375.5975, 354.25189, 349.4035, 402.86407, 323.46609, 451.62964, 389.75311, 268.79108, 362.66568, 318.64462, 336.02371, 367.99191, 309.64032, 417.38138, 349.45966, 281.70349, 322.3739, 332.05893, 295.58813, 382.0564, 268.96124, 432.28226, 335.96545, 243.47443, 308.21417, 294.96881, 281.05765, 345.81122, 254.09416, 396.57071, 293.84515, 256.48761, 266.0054, 308.41269, 238.66919, 360.00046, 211.62015, 411.5076, 279.3161, 216.57605, 250.79604, 269.6366, 222.94395, 322.35645, 195.40501, 374.54572, 235.29625, 229.51616, 206.9254, 283.16446, 178.92868, 336.59528, 151.25148, 389.64725, 219.34492, 187.96317, 190.21423, 242.79987, 161.87033, 297.09683, 133.84314, 351.28003;
  359.61047, 175.5247, 360.99472, 223.4485, 362.14734, 272.45386, 363.24194, 323.04181, 334.60168, 195.44753, 335.60519, 244.5237, 336.42801, 295.00992, 337.3443, 347.21643, 308.09341, 166.50169, 308.47366, 216.09097, 309.17648, 266.65103, 309.74979, 318.69263, 281.11633, 186.88651, 281.28592, 237.61081, 281.53619, 289.7673, 281.80844, 343.45346, 253.29636, 156.84613, 252.88997, 208.15697, 252.70772, 260.38058, 252.49818, 314.0213, 224.09715, 177.83241, 223.36206, 230.39191, 222.79242, 284.03281, 222.0434, 339.63654, 194.80458, 146.68771, 193.60612, 199.6282, 192.34531, 253.57034, 191.23749, 309.16144, 162.97115, 168.14262, 161.37813, 222.42487, 159.67094, 278.09384, 158.17204, 335.55365, 132.18248, 135.94228, 129.89661, 190.59302, 127.87428, 246.35579, 125.57861, 304.00522, 98.195663, 158.13356, 95.345711, 214.2419, 92.685684, 271.61105, 89.981049, 331.444, 65.677841, 124.81739, 62.30164, 181.17514, 59.131046, 238.80476, 55.823429, 298.48441;
  407.06683, 44.384991, 413.34851, 82.101746, 419.56915, 121.86834, 426.1467, 163.85072, 385.17133, 60.580109, 391.01587, 99.626625, 396.87659, 140.84703, 403.25146, 184.21964, 357.07697, 38.872498, 362.27109, 77.513062, 367.68933, 118.00774, 373.37903, 160.5704, 333.66919, 55.292099, 338.49557, 95.320061, 343.43021, 137.08813, 348.76166, 181.06581, 304.80322, 32.843639, 309.039, 72.553574, 313.461, 113.84136, 318.0986, 157.1273, 279.67664, 49.566124, 283.36728, 90.482567, 287.34079, 133.17613, 291.47791, 178.15797, 250.34178, 26.417019, 253.36531, 67.006378, 256.56873, 109.26849, 259.90494, 153.66628, 223.26421, 43.467834, 225.66924, 85.318634, 228.30997, 129.10013, 231.16882, 175.27994, 193.13498, 19.922089, 194.9949, 61.415287, 196.8192, 104.49957, 198.89098, 150.11563, 164.36021, 37.514179, 165.49216, 80.056763, 166.71638, 124.82671, 168.17091, 172.36546, 133.79347, 13.680175, 134.035, 55.698696, 134.63008, 99.87458, 135.13795, 146.4362;
  478.70068, 181.69896, 473.46164, 235.40698, 468.25021, 286.20453, 463.46207, 334.67819, 447.53558, 205.53783, 442.94189, 258.3334, 438.59811, 308.13876, 434.25302, 356.0202, 420.6507, 174.84264, 416.81287, 229.06903, 412.97485, 280.71066, 409.13596, 329.99197, 389.50949, 199.06181, 386.38654, 252.2585, 383.18265, 302.9205, 379.9899, 351.66623, 361.10089, 167.89165, 358.61984, 222.8093, 356.11313, 274.92981, 353.56851, 325.01389, 329.8371, 192.30627, 328.11484, 246.16147, 326.25421, 297.63718, 324.42603, 346.82962, 300.02786, 160.68947, 299.0484, 216.32062, 297.92072, 269.37964, 296.73447, 319.78613, 268.75479, 185.37381, 268.3866, 240.05258, 268.06799, 291.98273, 267.58191, 341.95038, 237.43097, 153.01761, 238.03766, 209.61871, 238.29376, 263.26089, 238.69261, 314.44849, 206.47995, 177.88928, 207.64981, 233.55052, 208.69308, 286.36737, 209.83447, 336.72269, 173.7292, 145.14761, 175.8717, 202.82365, 177.6946, 257.10889, 179.45274, 309.08368;
  417.4458, 275.99423, 409.55777, 329.95895, 401.82181, 383.84253, 394.03256, 438.35181, 385.66547, 299.06253, 377.73056, 353.36838, 369.92075, 407.90375, 361.9324, 462.91034, 361.44675, 267.58224, 353.5463, 322.28833, 345.48483, 376.99509, 337.46024, 432.19086, 329.09247, 290.89844, 320.89832, 346.00192, 312.84503, 401.17416, 304.53464, 457.16507, 304.2825, 258.95026, 295.99243, 314.49417, 287.83887, 369.84918, 279.4158, 425.80725, 270.80457, 282.49115, 262.48691, 338.245, 254.06279, 394.28442, 245.72691, 450.96078, 245.32532, 250.05635, 236.96828, 306.36526, 228.5419, 362.59537, 219.99075, 419.25876, 211.04555, 273.84543, 202.42947, 330.51297, 193.92921, 387.25931, 185.20119, 444.58978, 185.16371, 241.02046, 176.43396, 297.99609, 167.63701, 354.99432, 158.98198, 412.51544, 150.28448, 265.06128, 141.2973, 322.46729, 132.58951, 380.0462, 123.6538, 438.28979, 123.85551, 231.87227, 114.67033, 289.48462, 105.80759, 347.18188, 96.782036, 405.62097;
  404.55865, 356.9545, 414.2821, 404.62683, 423.88928, 453.87537, 433.698, 505.13766, 384.19424, 382.53589, 393.59317, 431.63034, 403.09314, 482.72318, 412.93689, 535.82422, 353.84866, 359.92587, 362.74982, 409.26471, 371.9519, 459.98602, 381.45499, 512.84448, 331.67575, 386.32205, 340.46368, 437.21692, 349.53537, 489.75037, 358.88455, 544.52521, 300.23822, 362.94708, 308.40164, 414.03912, 316.91321, 466.58087, 325.88147, 521.0423, 276.05072, 390.28375, 284.02585, 442.89764, 292.44586, 497.21399, 301.16107, 553.97711, 243.24127, 366.08154, 250.69495, 418.92578, 258.44131, 473.28665, 266.60681, 529.80939, 216.83992, 394.56433, 223.98842, 448.94702, 231.57588, 505.29251, 239.50774, 564.15698, 182.63889, 369.72937, 189.26744, 424.358, 196.19713, 480.52231, 203.42526, 539.10535, 153.93097, 399.17215, 160.39749, 455.43951, 166.99037, 513.85754, 173.98923, 574.86224, 118.16646, 373.70572, 123.89941, 430.06482, 130.0743, 488.25305, 136.27429, 549.07678;
  509.7655, 402.30545, 514.30109, 456.27029, 518.22607, 510.3089, 521.97986, 564.81909, 485.78235, 431.74149, 490.02823, 486.46255, 493.82849, 541.30994, 497.56744, 596.7666, 456.939, 406.77933, 461.12128, 461.95303, 465.11612, 517.34882, 468.88919, 573.06659, 431.6203, 436.91571, 435.71924, 492.90143, 439.58582, 549.11261, 443.31964, 606.05609, 401.55917, 411.53488, 405.60931, 468.07352, 409.48941, 524.62976, 413.34225, 581.8692, 374.88348, 442.47012, 378.75949, 499.70154, 382.62247, 557.24811, 386.38297, 615.50696, 343.34128, 416.35419, 347.28696, 474.29208, 351.15448, 532.36542, 354.89844, 590.78644, 315.02887, 448.26913, 318.88873, 506.89978, 322.65305, 565.80267, 326.33661, 625.43549, 282.09402, 421.51059, 285.98596, 480.89047, 289.77344, 540.30194, 293.50769, 600.25226, 252.39919, 454.1228, 256.25214, 514.38855, 259.92453, 574.70245, 263.77673, 635.63947, 217.98514, 426.7951, 221.79904, 487.71313, 225.59515, 548.66888, 229.30206, 610.07214;
  622.32129, 505.27927, 606.26398, 550.41876, 590.98193, 592.69434, 576.15912, 632.59943, 586.70178, 523.16199, 571.38684, 567.55756, 556.93347, 608.92474, 542.86304, 648.43127, 566.4306, 495.51462, 551.27454, 540.86499, 537.03345, 584.12384, 523.38232, 625.1778, 530.59009, 513.54352, 516.43964, 558.26715, 503.11325, 600.73822, 489.98608, 641.39117, 508.70566, 485.29047, 494.92972, 531.43646, 481.87656, 575.30127, 469.15317, 617.31323, 472.65915, 503.74237, 459.79678, 549.02466, 447.51721, 592.35913, 435.62854, 633.73163, 449.27118, 474.7265, 436.77231, 521.90857, 424.84448, 566.56311, 413.3551, 608.89362, 412.66949, 493.40631, 401.21896, 539.67505, 390.05975, 583.49713, 379.58383, 625.52734, 387.79382, 463.55481, 376.67679, 511.70834, 366.01413, 557.38, 356.064, 600.29767, 351.14484, 482.33795, 341.09079, 529.77881, 331.47821, 574.57758, 322.32263, 617.01898, 324.62534, 451.7283, 315.01816, 501.12158, 305.80249, 547.56348, 297.241, 591.7088;
  739.2088, 456.11676, 751.1629, 504.89944, 763.05615, 554.98486, 775.05182, 606.45679, 722.01526, 484.72516, 733.71771, 534.51025, 745.54364, 585.63702, 757.46954, 638.41254, 692.98529, 464.383, 704.27039, 514.12189, 715.79944, 564.79791, 727.60077, 617.27509, 674.93695, 493.44934, 686.23199, 544.14423, 697.53882, 596.0141, 709.33032, 649.92664, 645.5675, 472.69812, 656.30109, 523.34521, 667.37347, 575.00842, 678.68579, 628.32837, 626.53796, 502.48563, 637.01508, 554.08124, 648.04828, 606.8501, 659.26929, 661.59406, 596.61292, 481.38379, 606.90814, 532.9278, 617.30084, 585.61682, 628.15656, 639.75397, 576.34241, 511.78961, 586.51154, 564.19879, 596.91956, 618.07007, 607.60553, 673.78613, 545.93719, 490.47318, 555.76288, 542.88544, 565.69031, 596.24536, 576.08984, 651.57709, 524.88391, 521.43256, 534.57849, 574.79633, 544.16327, 629.56079, 554.42072, 686.2702, 493.77844, 499.83679, 502.98621, 553.11346, 512.41125, 607.53748, 522.19049, 663.75067;
  808.79877, 462.83328, 794.4433, 510.78519, 779.39301, 559.2124, 763.61249, 608.78326, 778.69147, 478.47339, 763.65765, 526.72662, 748.07971, 575.70306, 731.95111, 625.83539, 763.11011, 446.55573, 748.11194, 494.23523, 732.59406, 542.88367, 716.55695, 592.4754, 732.612, 461.95691, 717.0318, 510.30795, 701.14392, 559.30414, 684.68182, 609.54938, 717.08594, 430.10434, 701.52417, 477.96548, 685.51666, 526.30139, 669.11877, 576.14233, 686.1192, 445.61829, 669.98462, 493.84164, 653.66095, 542.78351, 636.62091, 593.1377, 670.57031, 413.37924, 654.54187, 461.41019, 638.04968, 509.85461, 621.15326, 559.58154, 638.93341, 428.96869, 622.43134, 477.1058, 605.58881, 526.21375, 588.0686, 576.55908, 623.50818, 396.64511, 607.03864, 444.64676, 590.05859, 493.2468, 572.5896, 542.94147, 591.57788, 412.16248, 574.57953, 460.52759, 557.30988, 509.55609, 539.2561, 559.89655, 575.98059, 379.92404, 559.1582, 427.88876, 541.72473, 476.46271, 523.75507, 526.28961;
  843.37134, 494.11334, 823.99805, 535.1922, 805.3465, 574.13818, 787.03705, 611.41406, 811.20184, 510.30923, 792.42694, 550.82782, 774.24963, 589.27277, 756.56384, 626.42255, 798.43188, 485.04361, 779.27832, 526.33228, 761.0415, 566.14478, 743.45496, 604.4989, 765.83051, 501.37112, 747.52136, 542.28082, 729.80933, 581.70105, 712.7785, 619.98486, 751.99231, 475.58801, 733.41559, 517.63702, 715.7381, 558.13422, 698.73932, 597.16046, 719.17743, 492.12662, 701.25037, 533.78516, 684.34119, 573.80127, 667.75482, 612.72485, 704.29199, 465.78186, 686.30627, 508.71442, 669.1723, 549.81604, 652.70782, 589.36987, 670.87482, 482.43759, 653.64764, 524.89911, 637.16455, 565.63147, 621.32971, 605.29919, 654.73425, 455.25549, 637.63336, 499.13678, 621.15192, 541.23761, 605.19531, 581.51978, 621.15527, 472.20834, 604.69086, 515.85254, 588.92468, 557.36285, 573.73267, 597.41315, 604.05896, 444.31674, 587.50122, 489.25281, 571.74506, 532.10089, 556.71155, 573.50671;
  923.94739, 481.59711, 926.53326, 528.13873, 928.75104, 574.06769, 930.48279, 619.65826, 905.04779, 508.11401, 907.59723, 554.75964, 909.67029, 600.75226, 911.68396, 646.90082, 883.56567, 487.79617, 885.9389, 534.88885, 888.35516, 581.56281, 890.57227, 628.13641, 863.99377, 514.71368, 866.45483, 561.94904, 869.00861, 608.82721, 871.53326, 655.70801, 841.87244, 494.38239, 844.31793, 541.95782, 846.81396, 589.25995, 849.41223, 636.59003, 821.70428, 521.59308, 824.19171, 569.55682, 826.93433, 617.11823, 829.59692, 664.76788, 798.67944, 500.8786, 801.34442, 549.22894, 803.85413, 597.33148, 806.5697, 645.31299, 777.79608, 528.51093, 780.51099, 577.31702, 783.24683, 625.73981, 786.05768, 674.02356, 753.7793, 507.44016, 756.66211, 556.7489, 759.61487, 605.64264, 762.36603, 654.30231, 732.1496, 535.79504, 735.40051, 585.2417, 738.35645, 634.44385, 741.21161, 683.46906, 707.36218, 514.37378, 710.66132, 564.49261, 713.64832, 614.10901, 716.91211, 663.6286;
  1030.193, 467.17371, 1035.1914, 513.78003, 1039.746, 561.57544, 1044.2394, 610.89978, 1009.5249, 490.23965, 1014.0475, 537.52667, 1018.3021, 586.04932, 1022.6672, 636.04071, 984.45056, 466.79025, 988.67999, 513.59064, 992.75519, 561.4483, 996.78778, 610.5733, 963.45563, 489.93915, 967.40857, 537.32379, 971.23645, 585.76123, 975.03998, 635.82629, 938.7171, 466.56912, 942.13025, 513.35626, 945.74707, 561.17566, 949.2807, 610.47955, 917.35126, 489.62393, 920.56775, 536.94495, 923.70337, 585.48047, 926.91437, 635.63818, 892.88214, 466.15903, 895.68982, 513.06323, 898.55817, 560.88531, 901.42798, 610.11938, 870.98792, 489.34329, 873.53455, 536.70508, 876.22644, 585.17682, 878.78815, 635.2533, 846.75116, 465.94946, 848.98883, 512.72961, 851.35986, 560.62354, 853.65503, 609.84912, 824.83551, 489.09128, 826.79779, 536.58801, 828.75336, 584.90228, 830.57288, 634.96796, 800.59119, 465.68018, 802.41046, 512.47821, 804.15753, 560.31622, 805.78827, 609.5672;
  1036.0376, 520.23535, 1022.746, 568.82257, 1009.324, 617.41095, 995.56451, 666.68591, 1003.9944, 536.54004, 990.59283, 584.59418, 976.96161, 633.05597, 963.12219, 682.17499, 985.53412, 505.01907, 972.28076, 552.54138, 958.98767, 600.32544, 945.07135, 648.68378, 954.28333, 521.07294, 941.07501, 568.28625, 927.5329, 615.7771, 913.63647, 663.99744, 936.53729, 490.22607, 923.49347, 536.93628, 910.16858, 583.66858, 896.4776, 631.1297, 906.22412, 506.18298, 893.05884, 552.40662, 879.58826, 599.08228, 865.80695, 646.39404, 889.31842, 475.98853, 876.11737, 521.82837, 862.87225, 567.72791, 849.48566, 614.32587, 859.53534, 491.77774, 846.39166, 537.25909, 833.22894, 582.88141, 819.44214, 629.31769, 843.41016, 462.33813, 830.44495, 507.23746, 817.25409, 552.29895, 803.75983, 597.98889, 814.7132, 477.93521, 801.59552, 522.44244, 788.38031, 567.36395, 774.91864, 612.8186, 799.34344, 449.10355, 786.27734, 493.13693, 773.21979, 537.43408, 759.93958, 582.26764;
  978.29132, 443.05927, 956.22681, 481.75122, 934.82788, 518.79816, 914.09253, 554.52594, 945.48389, 453.0578, 924.08575, 490.95175, 903.36371, 527.43219, 883.16553, 562.87384, 934.74792, 424.10638, 913.26813, 462.69885, 892.69342, 500.05887, 872.59827, 536.08252, 902.3988, 434.14557, 881.89966, 472.07831, 861.89093, 508.9686, 842.31158, 544.79028, 891.43707, 405.27805, 870.78192, 443.90085, 850.84119, 481.34598, 831.46112, 517.76697, 859.67352, 415.50583, 839.77704, 453.49158, 820.4118, 490.37643, 801.69629, 526.50348, 848.43628, 386.58221, 828.40729, 425.47504, 809.30133, 462.85413, 790.53259, 499.33859, 817.01166, 396.71359, 797.76727, 435.02988, 779.28925, 471.97882, 761.26086, 508.14267, 805.61743, 367.68082, 786.51935, 406.76083, 767.88116, 444.35587, 749.94623, 480.87531, 774.9126, 377.96344, 756.4657, 416.61118, 738.57318, 453.78925, 721.18915, 489.95319, 763.30426, 348.88135, 744.83636, 388.21048, 726.97913, 426.02371, 709.57947, 462.82864;
  791.88135, 326.17899, 778.14178, 368.28409, 764.70203, 408.83679, 751.45447, 448.34555, 764.36902, 343.35577, 750.95544, 384.94507, 737.91748, 425.22531, 724.72131, 464.62436, 750.6153, 317.94522, 736.94775, 360.33554, 723.82971, 401.56046, 711.15656, 441.82281, 722.83618, 335.13077, 709.57806, 377.2738, 696.6355, 418.27933, 684.31567, 458.61166, 708.12573, 309.38858, 694.85333, 352.33505, 682.06476, 394.03009, 669.64368, 435.10071, 679.87683, 326.72583, 666.93079, 369.40848, 654.53632, 411.15244, 642.36969, 451.96677, 664.5639, 300.55157, 651.69427, 344.11081, 639.20898, 386.41513, 626.9425, 428.06592, 635.82678, 318.04614, 623.37604, 361.36655, 611.14917, 403.67014, 599.25958, 444.92654, 619.60614, 291.33957, 607.14014, 335.58728, 595.04462, 378.71826, 583.18518, 420.67834, 590.48926, 308.89194, 578.53436, 353.16144, 566.883, 396.05194, 555.242, 437.99313, 573.53308, 281.59091, 561.51129, 326.71375, 549.91327, 370.50705, 538.49579, 413.34839;
  580.64697, 297.07608, 577.73535, 342.43469, 574.30682, 386.66891, 571.1991, 430.51828, 559.46039, 320.75385, 556.71655, 366.02805, 553.61475, 410.90768, 550.53021, 454.94775, 541.17847, 298.13416, 538.18475, 344.74542, 535.33673, 390.22873, 532.30609, 435.24274, 519.07843, 322.50201, 516.25348, 369.05103, 513.45172, 414.94852, 510.66196, 460.69531, 499.51712, 299.27017, 496.52316, 347.14182, 493.86475, 394.13962, 491.20279, 440.3537, 476.07965, 324.2308, 473.31314, 372.35703, 470.84564, 419.5192, 468.27643, 466.47778, 455.05173, 300.45999, 452.31879, 349.90097, 449.78732, 398.11328, 447.2785, 445.69678, 430.46423, 326.18591, 427.86404, 375.7681, 425.48471, 424.39783, 423.04721, 472.59369, 407.59344, 301.65247, 405.26224, 352.49426, 403.06027, 402.38834, 400.47348, 451.41644, 381.69559, 328.14566, 379.60062, 379.39035, 377.5448, 429.55923, 375.41425, 479.07108, 356.84622, 302.85077, 355.03964, 355.33209, 353.2774, 406.77408, 351.37866, 457.53091;
  504.01172, 257.54825, 516.52783, 307.75458, 528.85846, 358.60999, 540.9325, 410.29059, 486.61371, 285.47012, 499.12149, 336.80865, 511.42117, 388.84094, 523.83362, 441.89703, 456.28687, 262.35483, 468.63605, 314.3981, 481.12793, 366.86407, 493.48422, 420.2001, 437.43768, 291.35614, 449.99167, 344.49408, 462.46866, 398.25256, 475.15149, 453.07553, 405.42694, 267.44849, 417.80197, 321.41345, 430.38242, 375.65366, 442.91757, 430.92822, 384.88498, 297.59412, 397.30161, 352.58551, 409.92407, 408.30435, 422.75787, 465.14511, 350.9436, 272.94736, 363.44434, 328.78827, 375.94275, 385.16287, 388.64929, 442.48944, 328.44568, 304.30508, 340.94489, 361.44205, 353.43454, 419.2002, 366.2988, 478.13651, 292.45862, 278.98718, 304.97147, 336.9256, 317.444, 395.34949, 330.14828, 454.88593, 267.96585, 311.58624, 280.47009, 370.88815, 293.08942, 430.828, 305.92899, 492.16245, 229.73489, 285.5787, 242.22797, 345.73663, 254.9024, 406.26743, 267.64026, 468.01901;
  625.11639, 210.92145, 635.43439, 275.30771, 645.55646, 341.02142, 655.64764, 408.38049, 597.72919, 245.71422, 607.79749, 311.45856, 617.57446, 378.50223, 627.59808, 447.32236, 560.04437, 215.7267, 569.61078, 281.51782, 579.3266, 348.42535, 589.1394, 417.08685, 531.36676, 251.27716, 540.76654, 318.37357, 550.19983, 386.64319, 559.75781, 456.87958, 492.54041, 220.69189, 501.62286, 287.93094, 510.84076, 356.14496, 520.12469, 426.03818, 462.1351, 257.04883, 471.0845, 325.38205, 480.04037, 395.11313, 489.16324, 466.7569, 422.35809, 225.80388, 430.97092, 294.41977, 439.58969, 363.98999, 448.24719, 435.34854, 390.19525, 262.96616, 398.58383, 332.78412, 406.97562, 404.02667, 415.44049, 477.03897, 349.32031, 231.26993, 357.28464, 301.22873, 365.41653, 372.32849, 373.55286, 445.23309, 315.73965, 269.28635, 323.48776, 340.57544, 331.37155, 413.12903, 339.27658, 487.74243, 273.69409, 237.06004, 281.16565, 308.45374, 288.58759, 380.95673, 296.28571, 455.39175;
  734.29559, 218.66982, 737.79071, 298.59583, 741.36719, 379.86447, 745.08392, 463.22476, 695.63928, 260.802, 698.68939, 341.0686, 702.00775, 422.77759, 705.40558, 506.45367, 654.46075, 223.71779, 657.23474, 302.7561, 660.07269, 383.26019, 663.14282, 465.50345, 616.72919, 265.41718, 619.00098, 344.80118, 621.51459, 425.42227, 624.0495, 508.30377, 576.47968, 228.40469, 578.62061, 306.88217, 580.84918, 386.41046, 583.00037, 467.64099, 539.06659, 269.80478, 540.95239, 348.34625, 542.83862, 428.02225, 544.49121, 510.05988, 500.07431, 233.17586, 501.79211, 310.93188, 503.3118, 389.63351, 504.79703, 469.84, 463.0928, 274.16541, 464.40677, 351.89856, 465.58664, 430.73621, 466.94489, 511.7157, 425.47635, 237.85416, 426.53485, 314.75677, 427.46164, 392.76187, 428.3616, 472.03751, 389.41629, 278.44116, 389.99057, 355.25378, 390.64563, 433.47003, 391.32431, 513.36072, 352.86554, 242.52927, 353.24103, 318.71301, 353.46628, 395.69708, 353.99518, 474.16473]
