image_Width 1280
image_Height 720
board_Width 4
board_Height 11
square_Size 24.8
FixAspectRatio 1
flagValue 14
Camera_Matrix[984.6282051829213, 0, 650.2994815507446;
  0, 986.0349491644297, 335.7259537277667;
  0, 0, 1]
Distortion_Coefficients[0.004268747050759771;
  -0.02230414397529648;
  0;
  0;
  -0.0385836973682995]
Avg_Reprojection_Error 0.268842
Per_View_Reprojection_Errors[0.20225908;
  0.33401775;
  0.24882369;
  0.15555078;
  0.1803039;
  0.18361664;
  0.19259118;
  0.1850937;
  0.18814851;
  0.1833009;
  0.2102413;
  0.16326131;
  0.24750924;
  0.16908039;
  0.15908213;
  0.15669084;
  0.1780141;
  0.15973517;
  0.1471404;
  0.14621903;
  0.13020255;
  0.19096157;
  0.14869207;
  0.13403466;
  0.14510508;
  0.21301989;
  0.4394173;
  0.70385772;
  0.28736004;
  0.39354581;
  0.28058177;
  0.31783196;
  0.40936184;
  0.28709385;
  0.44510964;
  0.26478595;
  0.54582602;
  0.35236791;
  0.19290417;
  0.2076167;
  0.17276974;
  0.2366697;
  0.1915551;
  0.15420711;
  0.15819918;
  0.21009023;
  0.20238724;
  0.19779806;
  0.16575509;
  0.49850315]
Extrinsic_Parameters[-0.03199940738410172, -0.02931272420188896, 1.586255657326338, 110.1686065070548, -62.40043377668456, 702.551712430183;
  -0.02469381620094882, 0.007963859740575658, 1.580273765844963, 95.19281426889643, -80.3468533134517, 755.7913673283066;
  0.005940631472371468, 0.1419679534470015, 1.525208607034841, -8.030688727239655, -89.26494917080439, 875.5630206027672;
  -0.2697251690714098, -0.5929435716363048, 1.484357591020464, -55.45042624731293, -91.18323659156093, 840.2941282956708;
  -0.1373260661908261, 0.221683348057485, 1.522777213257954, 9.286617057883962, -80.45802538425011, 926.1994772201989;
  0.1316877077689761, 0.5772880659210943, 1.67123918555359, 192.4266818722972, -29.3506814614734, 1018.983057834776;
  0.2829739240520993, 0.03702430242910577, 1.738303440081381, 162.4068226880221, -114.45621006404, 1064.865345334479;
  0.04451227731219826, -0.7237468095703318, 1.617245111029602, -3.739247623588626, -157.3686981477069, 970.8706758421409;
  -0.4790574086858513, -0.6977465964175884, 1.325140346220663, -200.745269170957, -199.4695900167932, 987.0807010360317;
  -0.6021849577738347, -0.2714269130399344, 1.269135314491919, -307.9109927882889, -225.2102397592849, 1081.849143906217;
  -0.2338782523050979, 0.4610065539997744, 1.533155873347888, -131.3729457770243, -152.7370515648828, 1071.679908106033;
  0.3341848704287946, -0.2193771910326224, 1.551786594554741, -209.4159908715413, -47.19188173420845, 875.5463897148488;
  -0.3324663951859611, -0.1354105945819686, 1.514838156762539, -251.4121308918825, 0.01525238249623336, 949.7547563469383;
  -0.2676439388127141, 0.4968950489829197, 1.585158388473926, -46.36977748153825, 69.03619570220052, 1002.829159755322;
  0.2875203293023277, -0.3038171130187138, 1.669302184121626, 80.16957684117207, 79.4724672033791, 960.9645984560129;
  -0.3818800757969771, -0.4578441378128868, 1.449481497379057, 186.2405601652617, 52.06806405231895, 1094.895691559174;
  -0.2216073943417003, 0.4267727350260637, 1.669752293584957, 370.5086506266972, 77.46627445440309, 1104.187925609863;
  0.2553285458230585, -0.2183689020242201, 1.617692497419147, 521.2083591927441, 123.169429282729, 1014.770936267866;
  -0.2574369042386634, 0.03622475008779408, 1.531729254878214, 580.3583897878734, 77.20565130486456, 1114.305626550043;
  0.09200418785854914, 0.5397057979382598, 1.672478860945922, 620.2916407452746, 98.91051991410569, 1027.252322204141;
  0.4401475499743783, 0.1275205144242443, 1.629026604384264, 548.273886671549, -89.16857760340106, 983.9833917039404;
  0.3335422855084311, -0.294719822223815, 1.485538843640503, 472.1716226149226, -135.3828772447318, 997.3610388900507;
  0.5132116448442878, 0.5599288322174093, 1.563182542597287, 430.4040516008184, -263.682240883915, 956.8614582243789;
  -0.05254904662029999, 0.3381404635494591, 1.60948480389107, 490.2906573591651, -256.9850672602341, 1205.155328264092;
  0.2247726512177142, 0.3726596209801544, 1.634428336296135, 702.9659540091727, -335.7150412764028, 1257.690090940512;
  -0.2246573504217821, -0.03499868086441517, 1.242607214315955, 467.493708222473, -358.9719480481998, 1136.717389796859;
  0.05836980133512269, -0.1919098445798375, 1.832388022988306, 238.4975685099174, -172.9811962501495, 948.199065483286;
  -0.1653946287919502, -0.1984093273307408, 1.114480357905862, -74.23650292085866, -153.6240441548192, 908.7831368230047;
  -0.2627607991230775, -0.1775082503238323, 0.775858692581602, -166.3883229050676, -67.75482335907941, 943.6188649710178;
  -0.1696485691157934, -0.2102306941813383, 0.1365084032836541, -202.8191637431331, -67.67206913674335, 938.5534500855345;
  -0.1186592215986942, -0.2695905875116064, -0.3657023877486482, -238.1394292979832, -47.03035810876578, 955.3591526729141;
  -0.154602546726106, -0.2070589332745912, -0.3031099186351667, -257.4444070317238, -73.95515441900464, 967.9809063615857;
  -0.2150831794647843, 0.01516005991648216, 0.7802465593942433, -171.2416717302344, -148.1478099712146, 990.5508898661076;
  -0.3715216347012044, -0.01016839651498728, 1.881545201853879, -144.9991923869536, -42.4030356358898, 984.1706243523902;
  -0.4513038640841469, 0.19435566585578, 3.087209581653295, -77.31486668556488, 132.9090081076291, 966.6570163986804;
  0.2598028165642074, -0.1569375169430889, -2.515712327029805, -75.6799530386498, 169.6248092787811, 978.5837883888419;
  -0.3755124746077972, -0.07835304623144573, 2.571931895694139, -103.1171207892132, 39.57806997751819, 957.8763652641479;
  -0.4395128563671961, -0.5200866699303836, 1.695014270523512, -211.6460485367252, -108.7028992813245, 908.0537462080633;
  -0.7097140616631615, 0.005780459696448837, 1.380652840500052, -247.8344762963873, -296.4564858826711, 1002.870192957801;
  0.09066435866358671, -0.2075122755963257, 1.759523642868679, -167.9945810516525, -96.47231320674254, 867.8281333562949;
  -0.7398683102467855, -0.1543960424790136, 1.337830776439809, -239.6598245155558, 20.63104608758932, 960.2472884497594;
  -0.08367954973161713, -0.4251456746310486, 1.668136488427457, -77.54241987014264, 92.96384309931227, 872.0717153934145;
  -0.4406812034613103, 0.02569467510442922, 1.373047752857478, 89.50733090230888, 121.1957741849077, 991.4603548716171;
  0.1332991415010865, -0.2977697110636648, 2.022899924446175, 177.0639371422246, 154.1111836705665, 964.5432153578229;
  -0.2239335292192494, -0.2967601890998474, 1.481328862289961, 289.4187259586024, 154.1314060370341, 1040.813408700708;
  -0.05144025152764648, 0.3678638554753773, 1.660330695399515, 409.9618278805322, 155.8654069733701, 1027.009884633519;
  0.3750248907979994, -0.1802302725630011, 1.955194890386071, 347.4086608355518, 114.0534715274494, 1043.931016766769;
  -0.1779967517694599, -0.5833798359744074, 1.657130263458701, 40.70332999350957, -31.07931382832667, 1064.85084937862;
  -0.6093687298173354, -0.3294145357325292, 1.306335166823201, -138.210600104682, -74.03730569550552, 931.9511024165643;
  -0.1398003283344753, 0.03067040665324017, 1.491520006938592, 23.81730628385935, -86.13506006250238, 655.1871476417562]
Image_points[804.55981, 247.85811, 803.67633, 317.77921, 802.62848, 387.32523, 801.28979, 457.05045, 769.43274, 282.25626, 768.42944, 352.07449, 767.30469, 421.73483, 766.03485, 491.79797, 735.42334, 246.6003, 734.32501, 316.65555, 733.2514, 386.36273, 732.15619, 456.32288, 700.18677, 281.0553, 699.08936, 350.97406, 698.0025, 420.90546, 696.8197, 491.29999, 665.9325, 245.19228, 664.83411, 315.47513, 663.68207, 385.43643, 662.6192, 455.61667, 630.43646, 279.75571, 629.31158, 349.91019, 628.24469, 419.94046, 627.11707, 490.57364, 595.85712, 243.83458, 594.85803, 314.27713, 593.74542, 384.43735, 592.66052, 454.80695, 560.08807, 278.51096, 558.96588, 348.92639, 557.961, 419.16531, 556.85675, 489.83737, 525.4176, 242.49959, 524.35431, 313.18585, 523.27783, 383.50107, 522.22272, 453.96457, 489.65475, 277.24933, 488.56131, 347.80481, 487.56674, 418.24622, 486.4892, 489.06763, 454.81918, 241.07796, 453.77353, 311.96048, 452.72464, 382.44424, 451.58594, 453.2764;
  774.45074, 230.56975, 774.05603, 295.28305, 773.14008, 360.04364, 772.4964, 425.09311, 741.77307, 262.64886, 741.18945, 327.35971, 740.41339, 392.35495, 739.69934, 457.70227, 710.06451, 229.93584, 709.27936, 294.76398, 708.49664, 359.50784, 707.7511, 424.77893, 677.33905, 262.07486, 676.591, 326.96823, 675.87793, 391.82254, 675.15375, 457.39282, 645.53772, 229.23607, 644.63116, 294.21878, 643.77203, 359.00803, 643.03009, 424.33682, 612.70563, 261.45584, 611.81177, 326.3371, 610.92242, 391.31354, 610.10767, 456.87961, 580.72827, 228.44939, 579.86096, 293.55554, 579.0434, 358.47818, 578.01855, 423.82614, 547.69476, 260.7478, 546.7688, 325.78717, 545.93909, 390.793, 545.05182, 456.4599, 515.71375, 227.80667, 514.87354, 293.04074, 513.7948, 358.14725, 512.98499, 423.34726, 482.87625, 260.26981, 481.80521, 325.27649, 480.94028, 390.29797, 480.0571, 456.07236, 450.90393, 227.28984, 449.86218, 292.36069, 448.92059, 357.51886, 447.91705, 423.04657;
  641.83081, 235.06081, 643.52917, 290.52609, 645.44067, 346.46268, 647.29083, 402.71906, 614.8808, 264.3739, 616.604, 319.86465, 618.30688, 375.75449, 620.1535, 432.56464, 586.48169, 238.19785, 588.198, 293.59094, 589.79883, 349.07791, 591.48779, 405.16147, 559.88074, 267.41513, 561.57904, 322.55441, 562.98291, 378.28995, 564.52551, 434.61014, 531.74774, 241.2422, 533.34839, 296.42136, 534.83563, 351.53699, 536.24591, 407.53574, 505.24695, 270.27557, 506.73322, 325.37177, 508.26761, 380.65555, 509.44043, 436.82458, 477.50714, 244.25937, 478.84912, 299.27502, 480.20709, 354.29968, 481.58911, 409.69305, 451.01987, 273.21814, 452.29431, 328.02185, 453.53943, 383.24442, 454.91757, 438.97842, 423.80469, 247.49025, 424.99344, 302.09116, 426.05502, 356.80087, 427.18298, 412.10596, 397.9487, 276.16202, 398.82944, 330.66946, 399.74771, 385.63364, 400.90555, 441.12405, 370.97305, 250.58125, 371.85318, 304.87592, 372.69128, 359.34384, 373.62695, 414.27982;
  585.20734, 228.46951, 585.04266, 286.21835, 584.64105, 342.39774, 583.84589, 397.28088, 558.91986, 259.16254, 559.05762, 316.76834, 558.81195, 373.17801, 558.55597, 428.20517, 532.22461, 230.72778, 532.41858, 290.18896, 532.6098, 347.91376, 532.86646, 404.453, 504.76822, 262.1955, 505.26041, 321.66153, 505.89474, 379.65955, 506.52209, 436.57397, 475.90515, 232.99501, 476.6824, 294.18896, 477.62991, 353.70422, 478.68161, 412.05341, 446.92435, 265.55139, 448.13568, 326.76523, 449.3974, 386.45593, 450.76028, 445.10526, 415.62442, 235.3734, 417.24899, 298.49557, 419.0376, 360.04166, 420.55002, 420.01544, 384.80539, 268.98438, 387.01102, 332.23425, 389.08572, 393.8483, 391.14771, 454.30026, 350.94693, 237.74188, 353.53897, 303.12781, 356.2149, 366.65558, 358.63483, 428.41376, 318.50491, 272.67365, 321.81677, 338.12207, 324.86694, 401.7196, 327.74533, 463.94125, 281.54318, 240.40195, 285.45181, 308.12082, 289.27426, 373.69965, 292.90884, 437.62122;
  660.15784, 250.25476, 662.15149, 300.9903, 664.17706, 353.10986, 666.29694, 406.92355, 634.54401, 276.86465, 636.28778, 328.07504, 637.97156, 380.95923, 639.74133, 435.56503, 607.49237, 252.8772, 608.85742, 303.58682, 610.20636, 355.5159, 611.72241, 409.23502, 581.98199, 279.41962, 583.08191, 330.72858, 583.97681, 383.38882, 584.8609, 437.66669, 555.25623, 255.2606, 555.92389, 306.04492, 556.72211, 358.03735, 557.4325, 411.39694, 529.56091, 281.90015, 529.87219, 333.10703, 530.0827, 385.65558, 530.29004, 439.86588, 503.22852, 257.79471, 503.39023, 308.50879, 503.45355, 360.31784, 503.3916, 413.64691, 477.25208, 284.39044, 477.03278, 335.52133, 476.64182, 387.89282, 476.15613, 442.14526, 451.65958, 260.56271, 451.03644, 311.12332, 450.35699, 362.72485, 449.6673, 415.87286, 425.56149, 287.1015, 424.69833, 337.93042, 423.66928, 390.30045, 422.48669, 444.31772, 400.40219, 263.25168, 399.29398, 313.67642, 397.97775, 365.18448, 396.53802, 418.21982;
  836.28357, 307.42715, 828.81769, 353.15802, 821.51752, 399.99658, 814.17218, 448.56863, 809.29193, 328.56631, 801.67371, 374.27032, 794.17822, 421.25894, 786.5058, 469.71716, 790.4306, 304.67154, 782.74463, 349.4469, 774.87976, 395.1684, 767.04626, 442.39066, 764.24304, 325.2923, 756.38165, 370.03195, 748.45514, 415.90219, 740.10675, 463.21524, 746.35486, 301.71942, 738.42737, 345.73886, 730.39166, 390.51276, 721.93231, 436.45377, 720.89752, 322.14417, 712.80682, 365.84369, 704.43542, 410.76523, 695.78186, 457.04373, 704.00916, 299.04788, 695.86884, 342.09851, 687.56494, 385.90076, 678.84125, 430.84378, 679.45038, 318.96677, 670.8941, 361.93686, 662.24884, 405.8222, 653.25671, 451.11133, 663.4895, 296.48532, 655.08344, 338.74554, 646.35229, 381.46799, 637.45361, 425.51013, 639.81683, 316.14444, 631.06915, 358.26099, 622.01208, 401.11533, 612.90063, 445.49738, 624.83734, 294.21609, 616.18823, 335.50095, 607.12024, 377.41516, 597.84869, 420.73529;
  801.02521, 229.54541, 792.37354, 274.86142, 783.87579, 319.35278, 775.59802, 363.05313, 773.93445, 248.4463, 765.58173, 293.09644, 757.36664, 336.93121, 749.48621, 380.31943, 755.61151, 221.83195, 747.51611, 266.82193, 739.51672, 310.89279, 731.55762, 354.41223, 729.37671, 240.65129, 721.51837, 285.04984, 713.65717, 328.664, 706.19006, 371.69476, 710.96393, 214.39366, 703.37012, 258.99716, 695.91296, 302.84604, 688.38269, 346.02441, 685.26349, 233.13075, 677.8866, 277.05646, 670.70972, 320.35614, 663.49573, 363.08957, 667.24866, 206.97832, 659.97449, 251.27945, 653.01605, 294.71674, 645.93958, 337.51938, 642.02759, 225.53162, 635.06384, 269.26898, 628.2865, 312.09497, 621.6189, 354.59711, 624.14081, 199.64426, 617.45831, 243.64694, 610.75916, 286.83514, 604.25146, 329.32779, 599.85748, 218.16528, 593.22778, 261.46268, 586.82477, 304.1875, 580.6369, 346.28503, 582.11768, 192.50002, 575.77008, 236.17502, 569.48236, 279.06384, 563.40662, 321.22205;
  646.25873, 175.47298, 636.89337, 222.72609, 627.65936, 267.66129, 618.54102, 310.71017, 618.55878, 197.89711, 609.55243, 244.59158, 600.91479, 288.96719, 592.37982, 331.68546, 599.65631, 172.16858, 590.79675, 220.28688, 582.40179, 266.22537, 574.31195, 310.29791, 571.35297, 195.12, 563.23169, 242.62372, 555.18103, 287.96664, 547.66595, 331.88672, 551.07629, 168.69724, 542.90375, 217.80019, 535.42297, 264.72775, 527.82257, 309.74338, 522.06769, 191.93774, 514.5119, 240.5497, 507.51733, 286.77829, 500.83142, 331.67163, 500.10376, 165.0788, 493.00848, 215.2361, 486.25693, 263.18536, 479.54214, 309.09909, 470.26935, 188.75096, 463.81985, 238.39238, 457.60342, 285.72812, 451.81927, 331.40042, 446.55081, 160.89134, 440.46536, 212.50812, 434.92651, 261.58484, 429.24698, 308.37683, 416.28391, 185.19867, 410.86124, 236.07712, 405.87207, 284.57999, 400.80435, 331.08798, 390.63028, 156.36922, 385.74881, 209.45158, 381.15427, 259.66061, 376.78162, 307.83212;
  449.62195, 136.39693, 456.48682, 186.34027, 462.72311, 235.07686, 468.64798, 283.20801, 431.74634, 163.47348, 438.78387, 213.60197, 445.26138, 262.86603, 451.44287, 311.43637, 406.47455, 139.41042, 413.54117, 191.06258, 420.59464, 241.47649, 427.3067, 291.22809, 387.51364, 167.42375, 394.87891, 219.34375, 402.08188, 270.28757, 409.20801, 320.57187, 360.23199, 142.63379, 367.88028, 196.17484, 375.47833, 248.2874, 382.96674, 299.78867, 339.80685, 171.70901, 347.74316, 225.46881, 355.63321, 278.15179, 363.41986, 330.15558, 310.48331, 146.08759, 318.80365, 201.63589, 327.09119, 255.63196, 335.06781, 308.966, 288.27829, 176.44571, 297.07758, 232.25748, 305.57715, 286.88705, 313.97415, 340.6333, 256.60489, 149.91592, 265.76532, 207.5385, 274.77029, 263.67108, 283.57306, 318.86597, 232.92865, 181.4297, 242.75197, 239.40916, 252.03613, 296.01471, 261.12616, 351.77209, 198.25629, 154.10213, 208.66801, 213.81999, 218.66249, 272.12802, 228.42743, 329.31348;
  370.06573, 130.42001, 381.85916, 172.07533, 393.51245, 214.51109, 405.1586, 257.67065, 353.58978, 152.81607, 365.40671, 195.33159, 377.01874, 238.62506, 388.76788, 282.69293, 325.0538, 132.98215, 336.72055, 175.95207, 348.48648, 219.34027, 360.11026, 263.5777, 307.55853, 155.98856, 319.25537, 199.81895, 330.85129, 244.03476, 342.83401, 289.21854, 277.65372, 135.51343, 289.31552, 179.85901, 301.04849, 224.44702, 312.79678, 269.68683, 258.9303, 159.37965, 270.49408, 204.35002, 282.22446, 249.81416, 294.17615, 296.13577, 227.93553, 138.24239, 239.46368, 183.82573, 251.0522, 229.67168, 262.83649, 276.16153, 207.5829, 162.85049, 219.19644, 209.15425, 230.90323, 256.01724, 242.76604, 303.68387, 175.29875, 141.39032, 186.80901, 188.26057, 198.39214, 235.39909, 210.08055, 283.33719, 153.75798, 166.75967, 165.2832, 214.3887, 176.9068, 262.47696, 188.78157, 311.63898, 119.94409, 144.91624, 131.41237, 192.99625, 142.96269, 241.52527, 154.66618, 290.754;
  529.48438, 195.40974, 525.60443, 234.1866, 521.89655, 274.93466, 518.20569, 317.76181, 505.35626, 216.03348, 501.09134, 255.62024, 496.96234, 297.25433, 492.63876, 341.02142, 485.57892, 198.05154, 481.10544, 236.80122, 476.37985, 277.2431, 471.61285, 319.76611, 461.46954, 218.50652, 456.37317, 258.0202, 451.2963, 299.2529, 445.84695, 342.60562, 442.19641, 200.58333, 436.7977, 239.36443, 431.37433, 279.54495, 425.55344, 321.64642, 417.78918, 220.83604, 411.91229, 260.26321, 405.82346, 301.23361, 399.38507, 344.36319, 399.16714, 202.81647, 393.06418, 241.51126, 386.63538, 281.5589, 379.92163, 323.50607, 374.51627, 223.17201, 367.86768, 262.41116, 360.94214, 303.31845, 353.62332, 346.30661, 356.7149, 205.22627, 349.66455, 243.84991, 342.38977, 283.66272, 335.04755, 325.45959, 332.06458, 225.59781, 324.55237, 264.63693, 316.61816, 305.39752, 308.66592, 348.23721, 314.87662, 207.90105, 307.12189, 246.1911, 299.00659, 285.78876, 290.7789, 327.50125;
  414.85593, 282.32458, 419.83975, 335.1001, 424.83762, 385.49728, 429.79745, 433.89383, 390.36826, 308.71979, 395.91153, 360.30554, 401.32623, 409.44406, 406.61856, 457.0997, 360.46338, 281.99176, 366.66562, 334.34933, 372.62732, 384.60419, 378.43515, 432.98053, 336.90863, 308.14114, 343.39978, 359.32925, 349.67282, 408.61249, 355.82001, 456.29214, 306.24643, 281.73581, 313.71918, 333.72375, 320.64484, 383.71295, 327.23138, 432.19623, 283.49442, 307.72998, 291.03705, 358.56943, 298.24106, 407.68628, 305.20782, 455.18671, 252.56805, 281.3168, 261.02356, 333.12946, 268.98746, 382.83176, 276.63611, 431.01328, 230.47047, 307.23532, 239.1651, 357.82379, 247.28152, 406.66626, 255.27066, 453.91809, 199.50945, 280.69534, 208.85643, 332.41873, 217.71683, 382.06186, 226.49878, 429.90091, 178.34224, 306.50381, 187.88066, 357.23892, 196.94183, 405.80835, 206.10805, 452.733, 147.41394, 280.17108, 157.66844, 331.67566, 167.272, 381.10706, 176.68077, 428.88947;
  389.29102, 335.94287, 390.93182, 387.21802, 392.5509, 439.02597, 394.29507, 492.03204, 363.15311, 362.33615, 364.69479, 414.25531, 366.11902, 467.01163, 367.66052, 520.80878, 335.1998, 337.04025, 336.56226, 389.13974, 337.86459, 441.79123, 339.20413, 495.48624, 308.29498, 363.78094, 309.47052, 416.56815, 310.59125, 470.11679, 311.7338, 524.89099, 279.75504, 338.01431, 280.64316, 391.10834, 281.62503, 444.59113, 282.58923, 499.20438, 251.65224, 365.30255, 252.50391, 418.94885, 253.15742, 473.39801, 253.95786, 529.15833, 222.28815, 339.11176, 222.87987, 393.05264, 223.50824, 447.56476, 224.10022, 502.89273, 193.1597, 366.83554, 193.63197, 421.49072, 194.00793, 476.75522, 194.26114, 533.40314, 163.36113, 340.3407, 163.56494, 395.21432, 163.71761, 450.41663, 163.92937, 506.87326, 133.37694, 368.50156, 133.21077, 424.01047, 133.16708, 480.17148, 133.1438, 537.64545, 102.80198, 341.55869, 102.603, 397.25137, 102.31674, 453.43008, 101.999, 510.60654;
  604.70013, 403.66562, 599.43073, 449.13516, 594.07379, 496.94843, 588.41223, 547.61731, 578.04089, 425.5209, 572.1546, 471.99023, 566.03326, 520.82391, 559.62579, 572.59784, 557.28088, 402.56055, 551.06372, 447.78293, 544.54108, 495.17587, 537.76794, 544.90674, 530.60962, 424.20886, 523.67999, 470.36844, 516.3924, 518.68146, 508.56726, 569.51074, 510.53815, 401.21893, 503.38416, 446.215, 495.76099, 493.21298, 487.59277, 542.51422, 483.56741, 422.71826, 475.72156, 468.54037, 467.30652, 516.40985, 458.3468, 566.83148, 464.35257, 399.87991, 456.16406, 444.58224, 447.50925, 491.23892, 438.43811, 540.07965, 437.2515, 421.34528, 428.26855, 466.71286, 418.88129, 514.23096, 408.89539, 564.36536, 418.93546, 398.8595, 409.74564, 443.17282, 400.07831, 489.22635, 389.97641, 537.742, 391.89774, 420.14493, 381.93353, 465.14307, 371.51889, 512.20209, 360.57205, 561.82233, 374.36115, 397.94836, 364.32742, 441.8157, 353.81473, 487.40823, 342.4921, 535.46228;
  732.28491, 417.20648, 724.9234, 462.30927, 717.91144, 505.32288, 711.10339, 546.40588, 703.66156, 437.13647, 696.98077, 481.21683, 690.36334, 523.41669, 684.14984, 564.21326, 682.02527, 411.54791, 675.48499, 456.61026, 669.37622, 499.75113, 663.38342, 541.4574, 653.80963, 431.43881, 647.93536, 475.69217, 642.33136, 518.15656, 636.79053, 559.49707, 631.53387, 405.93951, 625.98865, 451.22238, 620.638, 494.45862, 615.45819, 536.51349, 603.63702, 425.85895, 598.66327, 470.27036, 593.83643, 513.02588, 589.26019, 554.5611, 580.7298, 400.30869, 576.15936, 445.69382, 571.78809, 489.10703, 567.43311, 531.30945, 553.05463, 420.32578, 549.04681, 464.82977, 545.14929, 507.76456, 541.30591, 549.28638, 529.69983, 394.44382, 525.97986, 439.93463, 522.53522, 483.72424, 519.11975, 526.0542, 502.63953, 414.48953, 499.39532, 459.38116, 496.43225, 502.45425, 493.46768, 544.04828, 478.68442, 388.43759, 475.88382, 434.23999, 473.22806, 478.26422, 470.74207, 520.78156;
  817.60748, 382.48682, 820.27576, 426.84241, 822.45764, 470.67596, 824.33722, 514.49298, 801.52942, 407.58447, 804.13184, 452.20181, 806.31641, 496.40558, 808.43219, 540.54858, 782.87567, 387.83472, 785.16382, 433.07755, 787.67004, 477.85257, 789.92725, 522.63159, 765.91656, 413.47043, 768.48419, 459.02231, 770.98621, 504.24136, 773.61639, 549.58093, 746.23126, 393.17996, 748.61127, 439.63199, 751.1861, 485.4158, 753.93127, 531.242, 728.47803, 419.59409, 731.05463, 466.224, 733.78687, 512.47791, 736.63788, 558.84894, 707.76459, 398.9469, 710.44891, 446.42896, 713.17377, 493.32394, 715.86578, 540.26013, 689.00165, 426.00027, 691.91052, 473.83408, 694.70508, 521.29272, 697.64001, 568.82953, 667.01898, 404.85275, 669.89929, 453.63577, 673.03174, 501.77945, 675.94397, 549.80133, 647.29871, 432.5607, 650.604, 481.83139, 653.75433, 530.38129, 656.82526, 579.02429, 624.1225, 411.05792, 627.37567, 461.14157, 630.703, 510.42212, 634.07489, 559.77026;
  980.52722, 404.8587, 980.07495, 447.07394, 979.24176, 490.84824, 978.26282, 536.62476, 957.28381, 423.48676, 956.19958, 466.13129, 954.83124, 510.61041, 953.4231, 557.16077, 935.09552, 400.26785, 933.65424, 442.14441, 932.07074, 485.50299, 930.33899, 530.68958, 911.8941, 418.69046, 909.74976, 461.02991, 907.76599, 504.95547, 905.52374, 550.88623, 890.23425, 395.56787, 888.05212, 437.33813, 885.70734, 480.16043, 883.03857, 524.67914, 866.81433, 413.92709, 864.1933, 455.96786, 861.36279, 499.46933, 858.16571, 544.89117, 846.08398, 390.91086, 843.12415, 432.27554, 839.94287, 474.6781, 836.44458, 519.02802, 822.50104, 409.20996, 819.00201, 450.78976, 815.36432, 493.84476, 811.42841, 538.97247, 802.41486, 386.64899, 798.61206, 427.47751, 794.76709, 469.5993, 790.57001, 513.37323, 778.86139, 404.61203, 774.62115, 445.84109, 770.24512, 488.53757, 765.46484, 533.26019, 759.43329, 382.28696, 755.02643, 422.7999, 750.46716, 464.51508, 745.34442, 507.95529;
  1155.2151, 455.02005, 1145.7095, 499.01392, 1136.1132, 541.07556, 1126.4344, 581.9649, 1126.4242, 475.56781, 1117.256, 518.76044, 1108.1299, 560.27576, 1098.8362, 600.73572, 1107.2444, 452.20255, 1098.1646, 495.78375, 1089.3252, 538.18726, 1080.531, 579.29309, 1078.7413, 472.67297, 1070.2518, 515.61121, 1061.8298, 557.37164, 1053.6239, 598.27148, 1059.4014, 449.25, 1050.8297, 492.89804, 1042.6306, 535.29102, 1034.6547, 576.49188, 1031.2588, 469.79764, 1023.2565, 512.75507, 1015.4615, 554.44934, 1007.9256, 595.22809, 1011.3749, 446.28391, 1003.5605, 489.88123, 995.90399, 532.28687, 988.63013, 573.5108, 983.4762, 466.75034, 976.01447, 509.7478, 968.97217, 551.43671, 961.96289, 592.26501, 963.10205, 443.15945, 955.99261, 486.85004, 949.17743, 529.32904, 942.45111, 570.38281, 935.65021, 463.48993, 928.97668, 506.58975, 922.61993, 548.4809, 916.20636, 589.07373, 914.82886, 439.70828, 908.60718, 483.57251, 902.4079, 526.1012, 896.45264, 567.31042;
  1162.1772, 403.89941, 1168.707, 447.96548, 1174.7689, 492.40262, 1180.6089, 537.73505, 1145.2941, 426.62256, 1151.5771, 470.97751, 1157.3301, 516.19073, 1163.2191, 562.17786, 1122.2893, 405.19559, 1128.1025, 449.4902, 1133.9861, 494.37354, 1139.8107, 540.11725, 1104.9652, 427.93112, 1110.6898, 472.75693, 1116.3972, 518.18512, 1122.254, 564.67365, 1081.8481, 406.38217, 1087.2141, 451.09445, 1092.8042, 496.29993, 1098.5129, 542.31079, 1063.9426, 429.37689, 1069.2489, 474.53342, 1074.7983, 520.18372, 1080.4468, 567.0473, 1040.6989, 407.7261, 1045.7944, 452.63974, 1051.0042, 498.16336, 1056.3727, 544.65637, 1022.1576, 430.87097, 1027.2267, 476.26901, 1032.3679, 522.33673, 1037.5746, 569.57178, 998.63269, 408.98566, 1003.4857, 454.26154, 1008.5217, 500.15973, 1013.4493, 546.86676, 979.68616, 432.37662, 984.44379, 478.04059, 989.51776, 524.66278, 994.36804, 571.88202, 955.96625, 410.42587, 960.49341, 456.07837, 965.37091, 501.99582, 970.15417, 549.15002;
  1242.8423, 430.51895, 1240.9471, 477.20306, 1238.5887, 524.77289, 1236.1917, 573.77545, 1214.9757, 450.89066, 1212.7897, 497.54959, 1210.1959, 545.40161, 1207.5624, 594.6167, 1190.0237, 425.30096, 1187.4459, 471.18304, 1184.7227, 518.00421, 1181.8597, 565.98315, 1162.7504, 445.53207, 1159.9565, 491.29602, 1157.014, 538.07507, 1153.9258, 586.52173, 1138.7914, 420.14343, 1135.5428, 465.23245, 1132.5012, 511.15088, 1129.2366, 558.27075, 1112.0894, 439.86035, 1108.6886, 484.9433, 1105.2092, 530.89673, 1101.6768, 578.33313, 1089.0796, 415.03915, 1085.5074, 459.4368, 1081.9244, 504.5484, 1078.1331, 550.80933, 1062.8663, 434.52988, 1059.094, 478.8353, 1055.1975, 524.13446, 1051.1044, 570.56958, 1040.9523, 410.28534, 1036.9584, 453.85583, 1032.8669, 498.08041, 1028.6786, 543.51611, 1015.3842, 429.54877, 1011.1338, 472.91147, 1006.8861, 517.38037, 1002.3937, 563.02563, 994.46301, 405.66043, 990.10077, 448.47562, 985.61249, 491.96271, 981.00848, 536.48499;
  1197.7587, 246.47755, 1190.2369, 295.53229, 1182.7061, 343.28723, 1175.0875, 390.18057, 1166.6738, 268.81854, 1159.4966, 316.93991, 1152.2769, 363.77414, 1145.0446, 410.10645, 1143.5646, 242.33986, 1136.5553, 290.49295, 1129.521, 337.6015, 1122.6704, 384.03287, 1113.7031, 264.41214, 1107.0793, 311.66144, 1100.4745, 358.0332, 1093.7725, 403.76843, 1090.9791, 238.46214, 1084.4396, 285.82922, 1078.1935, 332.39359, 1071.8477, 378.04294, 1062.1091, 260.1264, 1055.9447, 306.69217, 1049.9696, 352.41531, 1043.9783, 397.60895, 1039.8644, 234.62094, 1033.9984, 281.21161, 1028.358, 326.97769, 1022.4632, 371.87054, 1012.0851, 255.99666, 1006.4881, 301.83746, 1000.9584, 346.80249, 995.64355, 391.2771, 990.35059, 230.80083, 984.93396, 276.83139, 979.74237, 321.93109, 974.47253, 366.1076, 963.68835, 251.91032, 958.54376, 297.10764, 953.58533, 341.52911, 948.68848, 385.20367, 942.47601, 227.12277, 937.53772, 272.56711, 932.75452, 316.83478, 928.16602, 360.58615;
  1115.903, 201.72876, 1110.4554, 248.62515, 1105.0251, 293.3696, 1099.7256, 336.66132, 1088.5287, 226.76393, 1083.6799, 272.78888, 1078.6636, 316.57996, 1073.8848, 359.24268, 1066.7528, 204.841, 1061.7478, 251.34006, 1057.3198, 296.16168, 1052.8854, 339.37283, 1039.6847, 229.84882, 1035.5101, 275.36191, 1031.5787, 319.22366, 1027.8414, 361.96783, 1017.5875, 207.94125, 1013.4719, 254.1638, 1009.7929, 298.77533, 1006.3292, 341.97678, 991.15741, 232.78433, 987.64331, 278.13684, 984.53076, 321.84045, 981.51886, 364.39429, 968.41864, 210.90662, 965.25842, 257.0954, 962.34155, 301.39157, 959.66669, 344.47812, 942.45923, 235.65033, 939.89807, 280.83829, 937.44775, 324.39987, 935.22424, 366.82651, 919.30682, 213.72285, 916.95844, 259.8591, 915.01367, 304.05054, 913.17041, 346.92996, 893.93939, 238.46779, 892.30969, 283.48654, 890.84216, 327.02701, 889.45856, 369.0733, 870.38007, 216.55115, 869.29218, 262.57654, 868.08997, 306.60782, 867.242, 349.31433;
  1092.9163, 64.53717, 1089.609, 115.19711, 1086.5425, 165.79683, 1083.5325, 216.91451, 1064.8604, 92.620644, 1061.687, 142.42108, 1058.6414, 192.44688, 1055.8281, 242.85469, 1040.6915, 70.606392, 1037.7429, 119.76281, 1034.6777, 168.87257, 1031.6597, 218.39903, 1014.4651, 97.85363, 1011.394, 146.17273, 1008.4564, 194.74118, 1005.3242, 243.48784, 991.49738, 76.231247, 988.84027, 124.14381, 985.90649, 171.90993, 982.83661, 219.73773, 966.69647, 102.79565, 963.86957, 149.72905, 961.0213, 196.83725, 958.05334, 244.01926, 945.33649, 81.711876, 942.60168, 128.22231, 939.73419, 174.55899, 936.78479, 221.12857, 921.78467, 107.35226, 919.00311, 153.15271, 916.18158, 198.77451, 913.22998, 244.75452, 901.79449, 87.05426, 899.09552, 132.24002, 896.36853, 177.1423, 893.52203, 222.37401, 879.81458, 111.94048, 876.97833, 156.29671, 874.20166, 200.75822, 871.51855, 245.4455, 860.83978, 92.070511, 858.22314, 136.00742, 855.47162, 179.70268, 852.72388, 223.61383;
  1050.6482, 125.77106, 1051.7388, 163.08321, 1052.8646, 201.24448, 1053.6293, 240.57661, 1029.7129, 144.48009, 1030.5535, 182.05699, 1031.2897, 220.59546, 1032.1434, 260.27991, 1008.2534, 126.13345, 1008.8809, 163.28568, 1009.412, 201.17104, 1010.0018, 240.02165, 987.52356, 144.69455, 987.88855, 182.13556, 988.22992, 220.24565, 988.57684, 259.53146, 966.48151, 126.26198, 966.65759, 163.31142, 966.79315, 200.9595, 966.98627, 239.55832, 945.83411, 144.80641, 945.73767, 182.07147, 945.64117, 219.92699, 945.5174, 258.93127, 925.31116, 126.47664, 925.00439, 163.35849, 924.64923, 200.74739, 924.43567, 239.07603, 904.54822, 144.96954, 904.04352, 181.9854, 903.53546, 219.77963, 902.97339, 258.43658, 884.54266, 126.88853, 883.76794, 163.54865, 883.17828, 200.62088, 882.48206, 238.72142, 864.0802, 145.31453, 863.14545, 182.01657, 862.28125, 219.42607, 861.40826, 257.96753, 844.50726, 127.47866, 843.46497, 163.76498, 842.38849, 200.55679, 841.27808, 238.29179;
  1198.5306, 73.565895, 1196.8356, 110.98331, 1194.6132, 148.88216, 1192.5856, 187.45337, 1176.062, 92.696182, 1174.12, 130.0968, 1171.8688, 167.94836, 1169.7914, 206.4617, 1155.9023, 74.50412, 1153.7555, 111.66631, 1151.7032, 149.01375, 1149.425, 186.8907, 1133.936, 93.44046, 1131.6196, 130.45161, 1129.3267, 167.67969, 1127.0283, 205.44916, 1114.3066, 75.393646, 1111.9994, 112.23313, 1109.6423, 149.06764, 1107.2549, 186.36322, 1092.6044, 94.162567, 1090.2212, 130.71672, 1087.8083, 167.57854, 1085.4691, 204.7314, 1073.6021, 76.468597, 1071.2399, 112.62793, 1068.7894, 149.07051, 1066.2706, 185.89662, 1052.464, 95.008904, 1049.8867, 131.0336, 1047.3254, 167.26022, 1044.8424, 204.1562, 1034.0107, 77.49128, 1031.5344, 113.32153, 1028.8564, 149.18842, 1026.364, 185.38525, 1013.4238, 95.861473, 1010.8636, 131.40474, 1008.1417, 167.0757, 1005.517, 203.43869, 995.47137, 78.65271, 992.97949, 113.97206, 990.32452, 149.20058, 987.59991, 184.96075;
  1054.4038, 25.043217, 1070.624, 63.873394, 1086.5872, 103.35212, 1102.385, 143.51527, 1044.0173, 49.821579, 1060.0804, 89.006729, 1075.9517, 129.08275, 1091.8478, 169.62704, 1017.71, 35.351658, 1033.5226, 74.812851, 1049.3912, 114.69788, 1065.3187, 155.21777, 1006.993, 60.522297, 1022.7653, 100.30288, 1038.6719, 140.48042, 1054.9502, 181.46373, 980.46802, 45.885769, 995.94855, 85.93158, 1011.7388, 126.08609, 1027.8026, 166.93837, 969.06506, 71.259903, 984.85712, 111.54545, 1000.6745, 152.35374, 1016.772, 193.70741, 942.28845, 56.518524, 957.82666, 97.06028, 973.4649, 137.68349, 989.35205, 179.11894, 930.56415, 82.36869, 946.23639, 123.18485, 961.82025, 164.38397, 977.82532, 206.35867, 903.24103, 67.601654, 918.61102, 108.61272, 934.33832, 149.79582, 949.93854, 191.64561, 891.1814, 93.804474, 906.80737, 135.03749, 922.48651, 176.63213, 938.15204, 219.21565, 863.41913, 78.937202, 878.86169, 120.28008, 894.49219, 161.93498, 910.26874, 203.96483;
  897.51678, 155.33945, 882.4743, 205.47438, 867.52509, 254.8553, 852.39203, 304.28256, 865.93817, 173.70473, 851.10675, 223.53242, 835.97302, 272.85257, 820.90509, 321.9671, 849.41949, 141.54269, 834.27325, 191.87839, 819.27917, 241.5437, 804.53033, 291.01651, 817.31934, 159.70595, 802.66125, 210.01883, 787.84418, 259.53827, 773.00079, 309.14777, 800.68341, 127.31362, 785.62726, 178.01764, 770.93304, 228.00758, 756.15717, 277.72583, 768.64624, 145.75372, 753.73859, 196.23108, 739.00391, 246.02022, 724.43488, 295.86383, 751.28485, 112.95808, 736.49591, 163.97643, 721.83997, 214.32393, 707.23114, 264.21326, 719.06512, 131.47299, 704.43048, 182.34621, 689.83466, 232.46812, 675.35498, 282.59216, 701.64514, 98.499802, 686.83417, 149.80539, 672.25244, 200.45004, 657.87152, 250.57982, 669.07422, 117.04675, 654.64209, 168.24664, 640.29309, 218.7457, 626.11133, 269.04059, 651.14911, 83.979263, 636.70038, 135.65804, 622.50085, 186.54637, 608.22247, 237.10503;
  569.69244, 168.87465, 592.69336, 217.6011, 615.62457, 265.90591, 638.73572, 314.61505, 557.27435, 204.16479, 580.39392, 252.80829, 603.58893, 301.75027, 626.88062, 350.63712, 521.41351, 190.28966, 544.64484, 239.58569, 567.97607, 288.62479, 591.40186, 337.74533, 508.64413, 226.06505, 532.17188, 275.61755, 555.5202, 324.89911, 579.38452, 374.34805, 471.9216, 212.02496, 495.62283, 262.095, 519.263, 311.92682, 543.1629, 361.5321, 458.7702, 248.51242, 482.51874, 298.65671, 506.40262, 348.6785, 530.53839, 398.97745, 421.246, 234.33064, 445.33926, 285.17584, 469.43192, 335.68582, 493.49863, 385.99722, 407.48685, 271.72885, 431.8269, 322.39508, 456.12231, 373.11679, 480.64044, 423.98288, 369.30042, 257.69672, 393.72421, 309.02634, 418.19705, 360.0036, 442.6936, 411.17902, 355.25186, 295.45172, 379.95837, 346.82693, 404.65164, 398.37631, 429.55679, 449.65051, 316.22531, 281.45712, 341.03561, 333.49911, 365.97278, 385.08319, 391.04129, 436.87619;
  476.86975, 264.85934, 513.75275, 301.85309, 550.17542, 338.62421, 586.4126, 375.23682, 476.49106, 301.00299, 513.58887, 338.08963, 550.25415, 374.86237, 587.01276, 411.5206, 438.76297, 299.7818, 476.36276, 337.32907, 513.43323, 374.38431, 550.57404, 411.45102, 438.30099, 336.5293, 476.0751, 374.09091, 513.53534, 411.27576, 551.0993, 448.49203, 399.61472, 335.79932, 437.96036, 373.81039, 475.80383, 411.2236, 513.67645, 448.73029, 398.9874, 373.32034, 437.39322, 411.44592, 475.64359, 448.99289, 513.8158, 486.4921, 359.09741, 372.88034, 398.30487, 411.45447, 437.06946, 449.32321, 475.63379, 487.21448, 358.28152, 411.52725, 397.57806, 449.98834, 436.59378, 487.94696, 475.59897, 526.04633, 317.55466, 411.40289, 357.42459, 450.41345, 396.88531, 488.7963, 436.43542, 527.0116, 316.43954, 450.73712, 356.70871, 489.63266, 396.59427, 528.06781, 436.51422, 566.49713, 274.62024, 451.16895, 315.57214, 490.57724, 355.93774, 529.58551, 396.16769, 567.9975;
  437.14792, 264.30789, 489.80618, 273.14047, 540.95856, 281.68973, 591.04535, 290.17624, 459.58008, 293.9407, 511.80405, 302.41293, 562.57849, 310.71884, 612.67999, 319.1478, 428.75198, 315.18927, 481.9108, 323.53159, 533.54785, 331.63217, 584.38361, 339.51428, 451.49731, 344.96548, 504.03946, 352.91553, 555.47302, 360.65796, 606.24945, 368.34241, 420.40955, 366.93301, 474.05481, 374.82397, 526.16162, 382.37936, 577.57349, 389.72412, 443.33646, 397.05222, 496.3746, 404.40793, 548.50854, 411.55695, 599.65167, 418.75177, 411.80377, 419.75421, 466.05347, 426.98853, 518.84778, 434.05453, 570.745, 440.72382, 435.17178, 450.11475, 488.87607, 456.96005, 541.48108, 463.45743, 593.10828, 470.09485, 403.37961, 473.62402, 458.21484, 480.18472, 511.52124, 486.52512, 563.98529, 492.89981, 426.82489, 504.01309, 481.30942, 510.13342, 534.27887, 516.04346, 586.52032, 521.88251, 394.80548, 528.27502, 450.31161, 534.23419, 504.23965, 540.04449, 557.12238, 545.63068;
  404.11411, 286.91504, 453.48413, 270.6178, 501.18231, 254.967, 547.54523, 239.86739, 438.18985, 302.47614, 486.48911, 286.11426, 533.35413, 270.30249, 579.14221, 255.04192, 422.3176, 334.63599, 471.50473, 317.69516, 518.98853, 301.15747, 565.12158, 285.12131, 456.293, 349.76138, 504.38351, 332.68634, 551.11639, 316.12, 596.81677, 299.89197, 440.70557, 382.61008, 489.61282, 364.73846, 536.83386, 347.60172, 582.92267, 330.78818, 474.55408, 397.35208, 522.52991, 379.54764, 568.96619, 362.24759, 614.48047, 345.24594, 459.20258, 430.74216, 507.79251, 411.98776, 554.97626, 394.13144, 600.81152, 376.67273, 492.96429, 445.36795, 540.70563, 426.61411, 587.05127, 408.54156, 632.43567, 390.89307, 477.73932, 479.13037, 526.34869, 459.65125, 573.17993, 440.88245, 618.87024, 422.71341, 511.53937, 493.43607, 559.07361, 473.8465, 605.20581, 455.05066, 650.20703, 436.59555, 496.40787, 527.75647, 544.80811, 507.55582, 591.5473, 487.87634, 637.04993, 468.84753;
  387.46603, 260.55258, 437.54614, 247.11513, 486.05502, 234.34074, 533.5965, 221.90335, 420.1279, 277.43176, 469.36255, 264.0563, 517.43311, 251.2224, 564.51678, 238.62219, 402.08286, 307.97501, 452.31955, 294.21222, 500.86188, 280.86594, 548.47223, 267.80994, 434.73669, 324.84698, 484.08057, 310.92984, 532.23724, 297.48868, 579.48108, 284.06799, 416.83011, 355.9689, 467.01474, 341.68881, 515.70569, 327.61285, 563.39313, 313.90433, 449.38098, 372.81253, 498.87231, 358.40085, 546.99286, 344.23477, 594.30438, 330.18561, 431.32779, 404.586, 481.65817, 389.63354, 530.38141, 375.02277, 578.25964, 360.64471, 464.07364, 421.45486, 513.61969, 406.26059, 561.93164, 391.59119, 609.19287, 377.02527, 445.92075, 453.79321, 496.35941, 438.0835, 545.37268, 422.9418, 593.11761, 407.94366, 478.63129, 470.4129, 528.30566, 454.54132, 576.70343, 439.22107, 624.0332, 423.95261, 460.65942, 503.41113, 511.12088, 487.08542, 559.98846, 471.07846, 607.94708, 455.48492;
  479.18402, 188.09235, 514.20978, 221.66115, 549.39581, 255.80185, 584.93677, 290.68716, 478.63391, 221.63763, 513.76508, 255.74353, 549.13934, 290.5083, 585.08136, 325.79672, 443.01868, 221.34743, 478.11203, 255.71313, 513.32294, 290.20084, 548.88397, 325.38245, 442.36893, 255.46808, 477.44849, 290.05856, 512.76208, 325.08078, 548.50317, 360.78085, 406.1842, 255.26653, 441.37274, 289.9552, 476.58859, 324.97314, 512.17249, 360.5011, 405.03595, 289.63629, 440.28098, 324.77957, 475.61609, 360.30624, 511.39105, 396.42245, 368.3631, 289.38937, 403.80209, 324.58325, 439.01572, 360.15115, 474.64291, 396.26801, 367.05011, 324.52356, 402.18253, 360.13788, 437.57654, 396.03107, 473.43695, 432.84787, 330.10104, 324.22751, 365.36288, 359.99277, 400.56699, 395.93936, 436.14609, 432.46027, 328.30231, 359.7294, 363.4411, 395.87952, 398.82437, 432.26907, 434.82584, 469.42343, 291.1232, 359.65359, 326.18597, 395.62219, 361.51834, 432.06754, 397.16013, 469.1489;
  504.97894, 293.17398, 488.86646, 339.21347, 471.98602, 386.32095, 454.20584, 435.03632, 473.23834, 307.45557, 456.35678, 354.03104, 438.70105, 402.03564, 420.23007, 451.57919, 457.55359, 275.59329, 440.58405, 321.97263, 422.92532, 369.39029, 404.54959, 418.1142, 424.90344, 289.94595, 407.29913, 336.78058, 388.91925, 384.91586, 369.64304, 434.51056, 409.18732, 257.79672, 391.38953, 304.3566, 373.0213, 351.85257, 353.81119, 400.83975, 375.52359, 271.95758, 357.16681, 319.13745, 337.96973, 367.33734, 317.91238, 417.27396, 359.59613, 239.69124, 341.19717, 286.47174, 321.9614, 334.18137, 301.92477, 383.19049, 324.98447, 253.79047, 305.76401, 300.98572, 285.84875, 349.59482, 264.8627, 399.58359, 308.95831, 221.34923, 289.56427, 268.10251, 269.66476, 316.16119, 248.81786, 365.36246, 273.55084, 235.43318, 253.4738, 282.91235, 232.72313, 331.47128, 211.08446, 381.82617, 257.30627, 202.72826, 237.39392, 249.76849, 216.58199, 297.87903, 194.88298, 347.34579;
  570.97552, 471.22858, 521.10687, 472.95062, 469.42883, 474.59991, 415.91037, 476.30466, 545.85956, 446.60782, 495.18832, 447.9516, 442.93442, 449.21619, 388.40942, 450.64413, 570.29028, 420.85495, 520.43506, 421.79581, 469.13632, 422.72623, 415.71967, 423.79016, 545.0946, 396.15698, 494.7084, 396.82483, 442.6156, 397.35892, 388.40933, 397.95383, 569.38062, 370.89777, 519.75952, 371.17462, 468.64084, 371.43909, 415.69128, 371.73547, 544.29559, 346.02267, 494.00385, 345.94977, 442.17529, 345.8587, 388.21066, 345.73981, 568.52832, 321.27652, 518.94629, 320.92096, 468.1011, 320.45581, 415.23291, 320.07843, 543.34906, 296.34732, 493.13571, 295.53146, 441.48709, 294.72757, 387.76471, 293.83963, 567.17572, 272.18341, 517.85858, 271.0217, 467.22156, 269.91495, 414.58218, 268.78052, 542.03894, 247.24994, 492.13754, 245.70998, 440.71234, 244.19525, 387.22171, 242.68044, 565.75378, 223.77702, 516.66443, 222.00661, 466.16675, 220.17769, 413.76773, 218.18205;
  574.11005, 506.16544, 533.33258, 478.56052, 491.83569, 450.57605, 449.34409, 421.81317, 568.09045, 471.47968, 527.34467, 443.55557, 485.69629, 415.13287, 442.91766, 386.06802, 602.22961, 464.62479, 562.03455, 436.82248, 521.26135, 408.63031, 479.35773, 379.83405, 596.17609, 430.34598, 555.92932, 402.21729, 514.91077, 373.69659, 472.91077, 344.46878, 629.95813, 423.84418, 590.20605, 395.91168, 549.84644, 367.59521, 508.72626, 338.68118, 623.97717, 389.65131, 584.21912, 361.50125, 543.81433, 333.01334, 502.26013, 303.49863, 657.24963, 383.66382, 617.96747, 355.46768, 578.19537, 327.06387, 537.47284, 297.8891, 651.21667, 349.55154, 611.95911, 321.28857, 572.04846, 292.47141, 531.11133, 263.05917, 683.901, 343.91235, 645.25818, 315.6633, 605.99976, 287.05573, 565.69714, 257.98267, 677.87341, 310.25671, 639.15338, 281.77887, 599.81256, 252.90614, 559.30469, 223.37491, 710.06915, 304.87991, 671.85565, 276.5242, 633.21063, 247.90054, 593.46289, 218.75143;
  544.2771, 375.56738, 500.53513, 403.10303, 455.93735, 431.24411, 409.71277, 460.39032, 509.18127, 367.47113, 464.68332, 395.13992, 418.78784, 423.51132, 371.5199, 453.03458, 517.99469, 332.25174, 473.42389, 359.29404, 428.0123, 387.02023, 381.01624, 415.80411, 482.43692, 323.73453, 437.04086, 350.94681, 390.53412, 378.89322, 342.19705, 407.85806, 491.39691, 288.16449, 446.04678, 314.86401, 399.69986, 342.20486, 351.97372, 370.39212, 455.14529, 279.08765, 408.99112, 305.82675, 361.66385, 333.43622, 312.5788, 361.90063, 464.35205, 243.55321, 418.33313, 269.73508, 371.21872, 296.58981, 322.61365, 324.3877, 427.50006, 233.7943, 380.6958, 260.05582, 332.48312, 286.96509, 282.63257, 315.12076, 437.0166, 198.13795, 390.18497, 223.88824, 342.38052, 250.21274, 292.95947, 277.48834, 399.84952, 187.91393, 352.15967, 213.76773, 303.12891, 240.22931, 252.47989, 267.82724, 409.62238, 152.24916, 361.99188, 177.4079, 313.27496, 203.28755, 263.19983, 229.99484;
  420.28278, 217.86266, 410.98474, 270.66394, 401.3334, 323.21414, 391.69464, 376.16443, 389.70749, 238.73792, 380.17117, 292.21942, 370.35138, 345.76923, 360.36154, 399.80493, 368.31042, 205.8461, 358.2002, 260.23309, 348.37415, 314.56696, 338.35666, 369.21567, 335.78479, 227.02792, 325.71017, 282.35123, 315.53, 337.72177, 305.41946, 393.69733, 312.8389, 192.88593, 302.22925, 249.04677, 291.90591, 305.16925, 281.53091, 361.73886, 278.26709, 214.7117, 267.52701, 271.75073, 256.97055, 329.02615, 246.328, 386.80734, 253.67488, 179.07005, 242.61826, 237.15787, 231.63263, 295.26898, 220.67612, 353.74777, 216.64941, 201.46194, 205.42261, 260.45724, 194.31981, 319.67474, 183.23665, 379.5502, 190.19951, 164.21756, 178.58551, 224.49838, 167.26132, 284.5336, 155.82396, 345.07297, 151.02995, 187.25961, 139.28827, 248.38034, 127.64738, 309.74561, 115.99692, 371.65546, 122.54105, 148.54288, 110.4291, 210.92982, 98.508331, 272.95416, 86.758148, 335.88583;
  407.06683, 44.384991, 413.34851, 82.101746, 419.56915, 121.86834, 426.1467, 163.85072, 385.17133, 60.580109, 391.01587, 99.626625, 396.87659, 140.84703, 403.25146, 184.21964, 357.07697, 38.872498, 362.27109, 77.513062, 367.68933, 118.00774, 373.37903, 160.5704, 333.66919, 55.292099, 338.49557, 95.320061, 343.43021, 137.08813, 348.76166, 181.06581, 304.80322, 32.843639, 309.039, 72.553574, 313.461, 113.84136, 318.0986, 157.1273, 279.67664, 49.566124, 283.36728, 90.482567, 287.34079, 133.17613, 291.47791, 178.15797, 250.34178, 26.417019, 253.36531, 67.006378, 256.56873, 109.26849, 259.90494, 153.66628, 223.26421, 43.467834, 225.66924, 85.318634, 228.30997, 129.10013, 231.16882, 175.27994, 193.13498, 19.922089, 194.9949, 61.415287, 196.8192, 104.49957, 198.89098, 150.11563, 164.36021, 37.514179, 165.49216, 80.056763, 166.71638, 124.82671, 168.17091, 172.36546, 133.79347, 13.680175, 134.035, 55.698696, 134.63008, 99.87458, 135.13795, 146.4362;
  459.66864, 226.02141, 450.34048, 281.08716, 441.30118, 334.5661, 432.39124, 387.28406, 426.99429, 248.42073, 418.1095, 302.84943, 409.44937, 356.18729, 400.87991, 408.54947, 403.39523, 215.03394, 394.67538, 270.38831, 386.09042, 324.44049, 377.79437, 377.49603, 370.90247, 237.47328, 362.53113, 292.31781, 354.37326, 346.02158, 346.12543, 399.07166, 346.47189, 203.87497, 338.38791, 259.71384, 330.57278, 314.13443, 322.43777, 367.69635, 313.90085, 226.33305, 306.10007, 281.71231, 298.51651, 335.76901, 290.80551, 389.34805, 288.81693, 192.4312, 281.35309, 248.79494, 273.98859, 303.63495, 266.72739, 357.51093, 256.22998, 215.20975, 249.0545, 270.92609, 242.02455, 325.39917, 234.89127, 379.38126, 230.69882, 180.93645, 223.97411, 237.61122, 217.09186, 292.87952, 210.32025, 347.31586, 198.44359, 203.88464, 191.74934, 260.02133, 185.26913, 315.02267, 178.83881, 369.06061, 172.55392, 169.30447, 166.13597, 226.54588, 159.8353, 282.29584, 153.74474, 336.99182;
  404.55865, 356.9545, 414.2821, 404.62683, 423.88928, 453.87537, 433.698, 505.13766, 384.19424, 382.53589, 393.59317, 431.63034, 403.09314, 482.72318, 412.93689, 535.82422, 353.84866, 359.92587, 362.74982, 409.26471, 371.9519, 459.98602, 381.45499, 512.84448, 331.67575, 386.32205, 340.46368, 437.21692, 349.53537, 489.75037, 358.88455, 544.52521, 300.23822, 362.94708, 308.40164, 414.03912, 316.91321, 466.58087, 325.88147, 521.0423, 276.05072, 390.28375, 284.02585, 442.89764, 292.44586, 497.21399, 301.16107, 553.97711, 243.24127, 366.08154, 250.69495, 418.92578, 258.44131, 473.28665, 266.60681, 529.80939, 216.83992, 394.56433, 223.98842, 448.94702, 231.57588, 505.29251, 239.50774, 564.15698, 182.63889, 369.72937, 189.26744, 424.358, 196.19713, 480.52231, 203.42526, 539.10535, 153.93097, 399.17215, 160.39749, 455.43951, 166.99037, 513.85754, 173.98923, 574.86224, 118.16646, 373.70572, 123.89941, 430.06482, 130.0743, 488.25305, 136.27429, 549.07678;
  562.43115, 440.23303, 555.427, 493.60791, 548.29028, 545.24512, 540.97125, 595.75159, 531.56439, 465.98022, 524.63037, 519.10211, 517.75122, 570.55219, 510.65109, 621.07349, 507.12555, 437.72867, 500.4978, 491.88452, 493.77798, 544.49506, 487.12549, 595.93024, 475.51898, 463.93246, 469.06393, 517.65009, 462.53931, 570.08325, 456.10788, 621.89093, 449.86002, 435.2587, 443.50641, 490.21384, 437.32275, 543.6778, 431.07501, 596.28546, 417.27533, 461.72906, 411.32242, 516.55273, 405.32819, 569.88593, 399.35941, 622.39014, 389.91888, 432.43423, 384.41312, 488.41263, 378.64014, 542.85028, 372.96344, 596.23132, 356.48822, 459.53345, 350.93854, 515.14874, 345.72818, 569.44635, 340.32028, 622.68597, 327.62213, 429.41019, 322.65274, 486.48001, 317.53394, 541.99066, 312.60156, 596.11346, 293.31735, 456.89676, 288.56192, 513.6131, 284.00806, 569.0365, 279.31927, 622.97363, 262.95871, 426.16949, 258.60443, 484.43582, 254.3746, 540.99646, 250.09265, 596.08185;
  739.2088, 456.11676, 751.1629, 504.89944, 763.05615, 554.98486, 775.05182, 606.45679, 722.01526, 484.72516, 733.71771, 534.51025, 745.54364, 585.63702, 757.46954, 638.41254, 692.98529, 464.383, 704.27039, 514.12189, 715.79944, 564.79791, 727.60077, 617.27509, 674.93695, 493.44934, 686.23199, 544.14423, 697.53882, 596.0141, 709.33032, 649.92664, 645.5675, 472.69812, 656.30109, 523.34521, 667.37347, 575.00842, 678.68579, 628.32837, 626.53796, 502.48563, 637.01508, 554.08124, 648.04828, 606.8501, 659.26929, 661.59406, 596.61292, 481.38379, 606.90814, 532.9278, 617.30084, 585.61682, 628.15656, 639.75397, 576.34241, 511.78961, 586.51154, 564.19879, 596.91956, 618.07007, 607.60553, 673.78613, 545.93719, 490.47318, 555.76288, 542.88544, 565.69031, 596.24536, 576.08984, 651.57709, 524.88391, 521.43256, 534.57849, 574.79633, 544.16327, 629.56079, 554.42072, 686.2702, 493.77844, 499.83679, 502.98621, 553.11346, 512.41125, 607.53748, 522.19049, 663.75067;
  830.97791, 492.97131, 806.40338, 535.02606, 782.2691, 575.40417, 758.42694, 614.72076, 796.69135, 503.8847, 772.52051, 545.41339, 748.66327, 585.5835, 725.21503, 624.80969, 786.99896, 472.39731, 762.55341, 514.60571, 738.70221, 555.6817, 715.33423, 595.80249, 752.49109, 483.37067, 728.62476, 525.19678, 705.11499, 566.047, 682.04163, 606.24817, 742.34595, 451.52411, 718.12799, 494.2923, 694.75519, 535.76025, 671.56128, 576.5694, 707.60193, 462.56122, 683.90106, 504.98697, 660.79395, 546.36469, 638.11072, 587.06665, 696.95581, 430.31268, 673.02997, 473.42914, 649.89777, 515.60071, 627.03619, 556.77661, 661.92816, 441.34006, 638.62329, 484.36969, 615.76227, 526.10242, 593.40643, 567.2984, 650.70288, 408.47223, 627.21954, 452.29086, 604.33063, 494.93857, 581.88727, 536.60559, 615.74988, 419.63171, 592.76398, 463.3075, 570.28955, 505.68481, 548.13251, 547.33142, 603.96771, 386.15521, 580.84064, 430.80164, 558.23425, 474.04367, 536.24585, 516.38751;
  923.94739, 481.59711, 926.53326, 528.13873, 928.75104, 574.06769, 930.48279, 619.65826, 905.04779, 508.11401, 907.59723, 554.75964, 909.67029, 600.75226, 911.68396, 646.90082, 883.56567, 487.79617, 885.9389, 534.88885, 888.35516, 581.56281, 890.57227, 628.13641, 863.99377, 514.71368, 866.45483, 561.94904, 869.00861, 608.82721, 871.53326, 655.70801, 841.87244, 494.38239, 844.31793, 541.95782, 846.81396, 589.25995, 849.41223, 636.59003, 821.70428, 521.59308, 824.19171, 569.55682, 826.93433, 617.11823, 829.59692, 664.76788, 798.67944, 500.8786, 801.34442, 549.22894, 803.85413, 597.33148, 806.5697, 645.31299, 777.79608, 528.51093, 780.51099, 577.31702, 783.24683, 625.73981, 786.05768, 674.02356, 753.7793, 507.44016, 756.66211, 556.7489, 759.61487, 605.64264, 762.36603, 654.30231, 732.1496, 535.79504, 735.40051, 585.2417, 738.35645, 634.44385, 741.21161, 683.46906, 707.36218, 514.37378, 710.66132, 564.49261, 713.64832, 614.10901, 716.91211, 663.6286;
  1042.9764, 485.10706, 1041.8463, 533.25464, 1040.2839, 582.48071, 1038.3627, 633.1759, 1017.1845, 506.43564, 1015.6305, 554.77362, 1013.626, 604.39417, 1011.4962, 655.6084, 993.29816, 480.1257, 991.3866, 527.67529, 989.43835, 576.41724, 987.04425, 626.44055, 967.77612, 501.14578, 965.50317, 548.99634, 963.05713, 597.99811, 960.35406, 648.55164, 944.651, 475.0864, 942.07245, 522.10193, 939.46704, 570.19043, 936.71014, 619.6825, 919.26752, 495.86661, 916.43671, 543.2002, 913.37189, 591.67194, 910.12122, 641.58844, 896.86298, 470.22644, 893.73724, 516.69348, 890.58612, 564.30511, 887.25092, 613.1424, 871.47791, 490.82013, 868.13556, 537.4505, 864.6073, 585.39819, 860.69238, 634.73572, 849.93402, 465.42764, 846.26685, 511.26141, 842.55701, 558.26526, 838.60468, 606.72351, 824.95917, 485.83997, 821.0224, 532.08752, 816.9342, 579.40631, 812.65936, 628.12189, 804.06403, 460.70401, 799.99939, 506.27133, 795.73694, 552.62079, 791.27106, 600.38635;
  978.29132, 443.05927, 956.22681, 481.75122, 934.82788, 518.79816, 914.09253, 554.52594, 945.48389, 453.0578, 924.08575, 490.95175, 903.36371, 527.43219, 883.16553, 562.87384, 934.74792, 424.10638, 913.26813, 462.69885, 892.69342, 500.05887, 872.59827, 536.08252, 902.3988, 434.14557, 881.89966, 472.07831, 861.89093, 508.9686, 842.31158, 544.79028, 891.43707, 405.27805, 870.78192, 443.90085, 850.84119, 481.34598, 831.46112, 517.76697, 859.67352, 415.50583, 839.77704, 453.49158, 820.4118, 490.37643, 801.69629, 526.50348, 848.43628, 386.58221, 828.40729, 425.47504, 809.30133, 462.85413, 790.53259, 499.33859, 817.01166, 396.71359, 797.76727, 435.02988, 779.28925, 471.97882, 761.26086, 508.14267, 805.61743, 367.68082, 786.51935, 406.76083, 767.88116, 444.35587, 749.94623, 480.87531, 774.9126, 377.96344, 756.4657, 416.61118, 738.57318, 453.78925, 721.18915, 489.95319, 763.30426, 348.88135, 744.83636, 388.21048, 726.97913, 426.02371, 709.57947, 462.82864;
  687.79791, 306.7066, 679.45789, 350.86374, 671.1134, 393.8826, 662.76318, 436.18759, 663.41974, 327.37207, 655.2561, 371.48563, 647.12006, 414.52142, 638.7995, 457.21295, 647.35455, 303.3241, 638.96704, 348.23499, 630.92383, 392.35641, 622.87958, 435.64532, 622.31842, 324.30093, 614.17981, 369.31415, 606.19891, 413.452, 598.40314, 457.18701, 605.12549, 299.56799, 596.83624, 345.50763, 589.01385, 390.48187, 581.21375, 434.94302, 579.16382, 321.11075, 571.23846, 367.06686, 563.44733, 412.13419, 555.87122, 456.84375, 561.00818, 295.76602, 552.98157, 342.68613, 545.21344, 388.78763, 537.49554, 433.95816, 533.95502, 317.63153, 526.35345, 364.74203, 518.65747, 410.90683, 511.28568, 456.28354, 514.6745, 291.58685, 506.88391, 339.78192, 499.39078, 386.87924, 491.89709, 433.05777, 486.75848, 313.91318, 479.44046, 362.25513, 472.19717, 409.40039, 464.85385, 456.00418, 466.11298, 287.22177, 458.64975, 336.54028, 451.47504, 384.80322, 444.47791, 432.34131;
  504.01172, 257.54825, 516.52783, 307.75458, 528.85846, 358.60999, 540.9325, 410.29059, 486.61371, 285.47012, 499.12149, 336.80865, 511.42117, 388.84094, 523.83362, 441.89703, 456.28687, 262.35483, 468.63605, 314.3981, 481.12793, 366.86407, 493.48422, 420.2001, 437.43768, 291.35614, 449.99167, 344.49408, 462.46866, 398.25256, 475.15149, 453.07553, 405.42694, 267.44849, 417.80197, 321.41345, 430.38242, 375.65366, 442.91757, 430.92822, 384.88498, 297.59412, 397.30161, 352.58551, 409.92407, 408.30435, 422.75787, 465.14511, 350.9436, 272.94736, 363.44434, 328.78827, 375.94275, 385.16287, 388.64929, 442.48944, 328.44568, 304.30508, 340.94489, 361.44205, 353.43454, 419.2002, 366.2988, 478.13651, 292.45862, 278.98718, 304.97147, 336.9256, 317.444, 395.34949, 330.14828, 454.88593, 267.96585, 311.58624, 280.47009, 370.88815, 293.08942, 430.828, 305.92899, 492.16245, 229.73489, 285.5787, 242.22797, 345.73663, 254.9024, 406.26743, 267.64026, 468.01901;
  684.94678, 206.16985, 691.93457, 279.46606, 698.85437, 354.18735, 705.65991, 430.72656, 651.27582, 245.21661, 657.86407, 319.50125, 664.37799, 395.25183, 670.95966, 473.13675, 610.81842, 210.97174, 617.13049, 284.8158, 623.33386, 359.88522, 629.57758, 436.931, 576.70898, 250.15562, 582.427, 324.8606, 588.27722, 401.12195, 594.16345, 479.34567, 536.11481, 215.58179, 541.64508, 290.07083, 547.11993, 365.5744, 552.53741, 442.98508, 500.91214, 255.05219, 505.99933, 330.25095, 511.22232, 406.96387, 516.20251, 485.74869, 460.14911, 220.02565, 465.11258, 295.03214, 469.89026, 371.23035, 474.71078, 449.17224, 424.09409, 259.97836, 428.63922, 335.69708, 432.90506, 412.9957, 437.32721, 492.15631, 383.44284, 225.00359, 387.5545, 300.46518, 391.71881, 376.8844, 395.79517, 455.4415, 346.75842, 265.24155, 350.42776, 341.41602, 354.18054, 418.9314, 357.88226, 498.70169, 305.98291, 230.0432, 309.40558, 305.87061, 312.73581, 382.84787, 316.14105, 461.78217]
