image_Width 1280
image_Height 720
board_Width 5
board_Height 6
square_Size 25.5
Camera_Matrix[1006.815607611968, 0, 656.2978743070281;
  0, 1004.05033868835, 343.1999830982458;
  0, 0, 1]
Distortion_Coefficients[0.02789640651968775;
  -0.002050345070972718;
  0;
  0;
  -0.09268195724940813]
Avg_Reprojection_Error 0.238977
Per_View_Reprojection_Errors[0.25448981;
  0.26141033;
  0.27475148;
  0.42579851;
  0.1581009;
  0.21185063;
  0.2155527;
  0.17575236;
  0.16702193;
  0.18274581;
  0.19023961;
  0.27387002;
  0.25996026;
  0.35202423;
  0.42520106;
  0.36197522;
  0.39398497;
  0.3412689;
  0.27867255;
  0.14972365;
  0.29778123;
  0.1983306;
  0.21654683;
  0.29229474;
  0.26159516;
  0.20487952;
  0.21827413;
  0.13924816;
  0.14035256;
  0.22056259;
  0.17384017;
  0.1827763;
  0.24010412;
  0.19791171;
  0.17717935;
  0.15371428;
  0.14538473;
  0.13783805;
  0.22308362;
  0.1796288;
  0.20576234;
  0.15091176;
  0.23730104;
  0.17913176;
  0.14477298;
  0.15206189;
  0.21902721;
  0.2360564;
  0.2490142;
  0.25247911]
Extrinsic_Parameters[2.241227758911489, -2.195131247005799, 0.04460531624174152, 32.16924998436681, 56.13640528247964, 370.4620479634118;
  -2.2448515037645, 2.20239052373207, -0.05434967792423242, 32.84987038775523, 56.23810216526616, 369.964494799133;
  2.238518522171524, -2.198975016715792, 0.05324955161990964, 33.01015273630875, 56.15564969721454, 370.110753741065;
  2.117635095246914, -2.197004216882406, -0.00803653752318224, 16.55630841420041, 48.85493368603067, 422.9619560749754;
  -1.83661056595185, 2.127026029829156, -0.5051615271321626, 4.009789263395833, 51.82867830664724, 462.1876289626236;
  -1.992941657214461, 2.096510853639822, -0.4777645479245303, 10.67747683630615, 58.33722722467522, 480.5063312880691;
  -2.081707457700282, 2.07864244298281, -0.4644757961597487, 16.42625598345076, 66.72645053291834, 488.4944784118052;
  -2.206053898555834, 2.050417662150337, -0.3977931395424993, 20.85396031873752, 67.93097472939823, 493.4980281302546;
  -2.240266682783261, 2.030106436880038, -0.3827627714883983, 19.14623712333794, 67.46849580328802, 493.005556175024;
  -2.276788360312576, 2.00339351426374, -0.3717822261738766, 16.1988321606114, 67.46765875305911, 491.7060491749655;
  -2.442156623955342, 1.86815178321668, -0.346783116340978, 1.82741091689899, 67.56152030347259, 479.3514251016552;
  -2.592161081712966, 1.700457106835217, -0.3209209011756146, -8.131070472203636, 70.81248147980547, 466.7549510354872;
  -2.691907498669679, 1.593706482021415, -0.3183810447966136, -14.58933962974043, 69.91306900076893, 459.6905967268349;
  2.779439285103029, -1.400169475758865, 0.3086407657404706, -26.1840917429572, 65.66506590529596, 452.8309987573322;
  2.890420640891398, -1.208081216175252, 0.2385394878459687, -40.1101931826333, 70.09009534373578, 447.6573530986704;
  -0.0658564651825392, 3.029369331150376, 0.002290498465617883, -2.855803294587336, -71.87722674978139, 452.6493545485857;
  -0.4892219708872329, 3.049312776560988, 0.0007090265385766512, 25.59837073142546, -58.96839666472901, 462.4315833617135;
  2.15544632703181, -1.819469882919955, -0.5905620356144724, 335.8663785881018, -40.81382296773185, 645.6208048443926;
  2.160017806526177, -1.96945541412128, -0.2363743375537522, 312.8233844887599, 73.29519511817834, 571.2024100079578;
  -2.107116805797876, 2.251719144856669, -0.3206909053411092, 144.3988419187048, 178.680708917941, 526.083529926556;
  -2.067442443900389, 2.226350875423353, -0.5285519906388504, 1.520799298812547, 158.4767117871089, 539.9284356116951;
  -2.090364495658974, 2.192683915365624, -0.6447496048099503, -37.93481144666267, 132.9552395364498, 551.8915582035587;
  -2.09657758919602, 2.168557105989787, -0.6152853197603451, -73.49479488899165, 140.9187244507499, 549.7019694885306;
  -2.100130334108262, 2.146284236263242, -0.5791913316634395, -108.9827978396187, 159.7888156911812, 554.3593991297073;
  -2.095513129469055, 2.155540514313066, -0.5667766958221283, -124.7191984707615, 168.1011293116623, 557.0779549943551;
  -2.104620596128259, 2.130508957123263, -0.5872687483268614, -195.5733818000736, 189.6768895734453, 575.2574735151056;
  2.11574103274505, -2.227509546987696, 0.4034440606859898, -289.694090278735, 63.45109895409571, 784.5291077784441;
  -2.175489224244603, 1.465330013081318, -0.2384655399199062, -234.5666835785977, -66.17957263753591, 771.3114257093042;
  -2.218283143996304, 1.499358629391801, -0.3148538975255922, -232.261546855884, -75.6276140660796, 772.1052056038997;
  -2.097292450695172, 1.713520053106783, -0.442452534112168, -308.5382542749624, -87.72811518791632, 764.425390355649;
  -2.025386994007084, 2.056572339551892, -0.3818019918794914, -312.823737407257, -104.941980800793, 741.7139116501153;
  -2.202090513724597, 2.062873037876015, -0.1007472227024481, -241.8627672400047, -97.8469001505233, 688.7685686575807;
  -2.187977763412802, 2.092391666904799, 0.1318975679217708, -167.9499981648364, -84.88902738700519, 754.2640171009317;
  2.172884853219349, -2.082740094700119, 0.5043007458823394, 2.603811886401944, -56.06371761957916, 719.8415521693453;
  -1.978104756115849, 2.282148738523386, -0.7539447274715038, 28.16781870557225, -53.96411826577859, 717.5694493805943;
  -1.824474020250611, 2.323344799700342, -0.5670536601089031, 34.8409520535299, -69.56684461897783, 712.3217030752356;
  -1.817848532963909, 2.317771072812258, -0.5410232226725226, 38.88838107954353, -68.33279018811204, 710.9138755234066;
  -1.842087013611167, 2.30981172431836, -0.2693616130456691, 92.20227190502543, -53.36829419851019, 698.1591376356136;
  2.336326177188642, -2.047200503698153, -0.06790306505544878, 199.7637742457138, 5.102302240286513, 741.8966943448867;
  -2.191350705126467, 2.100728621072687, -0.05372555250739736, 172.5958524881093, -54.36197588726113, 774.500642152003;
  -2.183217434507884, 2.16433697237717, -0.1720417309073231, 239.9156384556801, -73.81941345627739, 787.4843898054137;
  2.170539363927132, -2.066911445110495, -0.0479387722365694, 294.6770154848429, -89.76228954323625, 793.032036361621;
  1.91703171210708, -1.705114216134778, -0.3206167727063468, 373.8581703708433, -92.40625616822011, 790.3533954116023;
  2.316142745539404, -1.869663040665465, -0.6828040728045153, 417.1864009710082, -67.06626457861756, 764.6287152957359;
  -2.303584838749902, 2.008543323797637, 0.5113492933726863, 392.6264503575316, -46.13076887965894, 746.5107618367716;
  -1.924738444329127, 2.116457049346527, -0.3519020587191155, 14.71684565777568, 92.33570252955389, 559.2227710916927;
  1.960904865586669, -2.329326606398417, 0.5494263588799745, 20.13021634166289, 74.18202707669757, 554.879327466876;
  -1.957275070433297, 1.99239191655374, -0.6072339668638859, -44.65894255380047, 62.5970136287058, 540.633567506148;
  -1.88782254267769, 1.993730182470875, -0.7147622308123857, 5.776076076410408, 65.36779383846516, 558.3023596275243;
  2.246471801088381, -2.050396462754799, -0.4729644741481155, 88.9799262736305, 63.26958036695118, 541.1306818068912]
Image_points[743.95959, 495.00491, 745.159, 425.91772, 746.6781, 357.21225, 747.9975, 288.54465, 749.25165, 219.84578, 674.49713, 493.7565, 675.90308, 424.81491, 677.18372, 355.85278, 678.76007, 287.15131, 680.06989, 218.08144, 604.80182, 492.81982, 606.47504, 423.39523, 607.83246, 354.32599, 609.26373, 285.35699, 610.81366, 216.48849, 535.43323, 491.52396, 537.00769, 421.94693, 538.75537, 353.13223, 540.14923, 283.98492, 541.83423, 214.96704, 465.32968, 490.50055, 467.09128, 420.78409, 469.03125, 351.47986, 470.81738, 282.4108, 472.33652, 213.30043, 394.92386, 489.12598, 396.95825, 419.34827, 398.91647, 350.08109, 401.0491, 280.92596, 402.7825, 211.64903;
  745.91602, 495.45486, 746.93591, 426.07025, 748.28534, 357.71622, 749.52124, 288.87997, 750.63922, 219.9696, 676.33411, 494.47742, 677.58289, 425.19879, 678.9151, 356.30838, 680.17218, 287.24329, 681.51849, 218.49753, 606.60614, 493.49005, 608.01508, 423.96146, 609.37463, 354.86771, 610.80542, 285.918, 612.18964, 216.89526, 536.9364, 492.62265, 538.50696, 422.86017, 539.9834, 353.76398, 541.57007, 284.40192, 543.09644, 215.29228, 466.62552, 491.42734, 468.38223, 421.69852, 470.34717, 352.27869, 471.91611, 283.04172, 473.73859, 213.81392, 396.13971, 490.49484, 398.02737, 420.59924, 399.96411, 351.034, 401.84494, 281.61884, 403.76859, 212.31181;
  746.36993, 495.22824, 747.50262, 426.01968, 748.57141, 357.30725, 749.72955, 288.74457, 750.79779, 219.94225, 676.86066, 494.17407, 677.94183, 424.99872, 679.08502, 356.01984, 680.39618, 287.29401, 681.51086, 218.42123, 607.15106, 493.30508, 608.30499, 423.9848, 609.67194, 354.89957, 611.00055, 285.96924, 612.0827, 216.87683, 537.35345, 492.45862, 538.77362, 422.87076, 540.39978, 353.6192, 541.84668, 284.3938, 543.18402, 215.46388, 467.25818, 491.53201, 468.88104, 421.69855, 470.50531, 352.36752, 472.19965, 283.1503, 473.53824, 214.05894, 396.66028, 490.63181, 398.39502, 420.56784, 400.31061, 351.16626, 402.1254, 281.85205, 403.76065, 212.6403;
  696.10468, 458.92743, 693.9917, 398.5, 692, 338.72797, 689.7157, 278.78104, 687.50928, 219.3699, 635.13263, 460.84506, 633.33905, 400.63135, 631.40033, 340.97833, 629.46899, 281.57947, 627.40955, 222.08627, 574.79193, 462.55316, 573.20654, 402.57483, 571.33795, 343.38458, 569.70923, 283.96259, 567.87921, 224.91185, 515.48889, 464.54263, 513.99579, 404.79959, 512.46338, 345.62064, 510.88104, 286.62997, 509.24112, 227.75204, 456.29138, 466.15329, 455.09363, 406.69009, 453.85156, 347.75409, 452.44302, 289.13773, 450.92111, 230.51215, 397.84845, 468.13434, 396.7356, 408.94415, 395.44156, 350.13959, 394.4697, 291.65274, 393.15439, 233.48409;
  664.89252, 455.73697, 656.61426, 400.93735, 648.48584, 346.37158, 640.41608, 291.7879, 632.16333, 236.97498, 614.72418, 465.86398, 606.19751, 409.68652, 597.71594, 353.70822, 589.34827, 297.61813, 580.99982, 241.41264, 561.5946, 476.50284, 553.1936, 418.88162, 544.52338, 361.35577, 535.94684, 303.88629, 527.22021, 246.274, 505.91016, 487.72916, 497.0946, 428.40326, 488.38046, 369.27277, 479.59305, 310.45609, 470.61615, 251.32541, 446.98837, 499.59433, 437.92438, 438.61389, 429.06931, 378.1492, 419.9823, 317.4783, 411.00989, 256.70752, 384.42664, 512.06586, 375.32889, 449.31961, 366.37241, 387.11661, 356.88037, 324.67712, 347.43442, 262.42682;
  678.54822, 465.34192, 675.11731, 412.1326, 671.7464, 359.07278, 668.42853, 306.48401, 664.97058, 253.93584, 628.52362, 469.42453, 625.03912, 415.06662, 621.8786, 361.22784, 618.54822, 307.59299, 615.29565, 253.98004, 576.27142, 473.92236, 573.01392, 418.44949, 569.86218, 363.34351, 566.59528, 308.57486, 563.3092, 254.0607, 522.11133, 478.50461, 518.97699, 421.7999, 515.91821, 365.54333, 512.66248, 309.81381, 509.49536, 254.06503, 465.17331, 483.23865, 462.31961, 425.4295, 459.33951, 367.96323, 456.41272, 310.94772, 453.25116, 254.20615, 405.74756, 488.55704, 403.24854, 429.00641, 400.22165, 370.49326, 397.5105, 312.10791, 394.44864, 254.26862;
  690.03882, 480.60721, 689.05066, 427.9194, 688.14117, 376.07394, 687.35858, 324.33603, 686.31244, 273.13779, 640.2016, 481.85403, 639.51105, 428.45792, 638.56348, 375.46091, 637.98749, 323.0672, 637.16974, 270.92508, 588.54321, 483.27908, 588.04114, 428.82779, 587.57281, 374.88773, 587.02216, 321.67645, 586.40027, 268.59998, 535.15137, 484.70227, 534.94714, 429.24673, 534.8017, 374.41232, 534.42578, 320.24683, 534.12598, 266.27899, 479.52585, 486.29071, 479.67352, 429.88007, 479.75644, 373.97543, 479.69833, 318.89529, 479.60318, 263.97107, 421.57761, 487.7941, 422.08554, 430.2406, 422.64862, 373.46655, 422.85275, 317.27136, 422.98788, 261.47046;
  698.70532, 481.29782, 701.52509, 429.58945, 704.12787, 378.29358, 706.96631, 327.70584, 709.41144, 277.23523, 648.63147, 478.72928, 651.63757, 426.14285, 654.62805, 374.1875, 657.73016, 322.94522, 660.53845, 272.05005, 596.97742, 476.00552, 600.45703, 422.52823, 603.83295, 370.03363, 607.04187, 318.2384, 610.27539, 266.4632, 544.02484, 473.03778, 547.97968, 419.15656, 551.79694, 365.84918, 555.28937, 313.14377, 558.85553, 261.08807, 489.34998, 470.18967, 493.71509, 415.40729, 497.94373, 361.52615, 501.84714, 308.17551, 505.74994, 255.29102, 432.96765, 467.2352, 437.94061, 411.71613, 442.46552, 357.00366, 446.90521, 303.073, 451.15839, 249.6192;
  695.31775, 480.6438, 699.38922, 428.82553, 703.42908, 377.5676, 707.41943, 326.92261, 711.2724, 276.83694, 644.91284, 476.50732, 649.40912, 424.03632, 653.76978, 372.23541, 658.15338, 321.00134, 662.28296, 270.19556, 593.2514, 472.33636, 598.22363, 419.03473, 602.93591, 366.75458, 607.62054, 315.01132, 611.90302, 263.54733, 540.28516, 468.10263, 545.74048, 414.2908, 550.85474, 361.21011, 555.81781, 308.75696, 560.66205, 256.90994, 485.67587, 463.70386, 491.54617, 409.22995, 497.28073, 355.62427, 502.54517, 302.51434, 507.84491, 250.0446, 429.48163, 459.16815, 435.83691, 404.04672, 441.93188, 349.69479, 447.88019, 296.05017, 453.46078, 242.90746;
  689.3858, 480.99231, 695.0329, 429.19351, 700.58728, 378.02774, 706.06677, 327.49243, 711.36395, 277.25171, 638.93707, 475.2868, 644.96075, 422.92694, 650.85883, 371.18048, 656.73792, 319.96274, 662.37384, 269.34222, 586.98999, 469.31454, 593.66882, 416.46582, 599.90027, 364.02457, 606.20599, 312.52258, 612.05835, 261.30151, 534.0293, 463.53314, 541.03815, 410.00031, 547.8457, 357.12549, 554.43195, 304.84198, 560.93286, 253.16788, 479.48837, 457.59351, 486.98938, 403.28076, 494.19147, 349.83896, 501.35413, 296.92789, 508.2211, 244.75815, 423.24164, 451.35663, 431.41013, 396.47537, 439.14703, 342.59189, 446.80283, 289.11249, 454.03668, 236.16505;
  660.01196, 484.88193, 673.15906, 432.85699, 686.04938, 382.05975, 698.68402, 331.85309, 711.20923, 281.86438, 608.9082, 471.54956, 622.63727, 419.22031, 635.8844, 368.03339, 649.05798, 317.284, 662.08105, 267.07352, 556.73267, 457.854, 571.08356, 405.23743, 584.91003, 353.56473, 598.52869, 302.59552, 611.92487, 252.20485, 503.8317, 444.15005, 518.58337, 391.18668, 533.02496, 339.12781, 547.12958, 287.70853, 561.03857, 237.08368, 449.33261, 430.18851, 464.78961, 376.64203, 479.88794, 324.41251, 494.53351, 272.63916, 508.93277, 221.5379, 393.86423, 415.83096, 409.79453, 361.97995, 425.47205, 309.17166, 440.78271, 257.20618, 455.72034, 205.83357;
  638.61304, 495.90851, 659.79382, 445.00784, 680.5589, 395.26221, 700.91742, 346.12872, 721.00244, 297.53171, 588.42163, 474.34915, 610.19501, 423.40778, 631.46228, 373.44754, 652.4278, 324.08859, 672.87982, 275.27887, 537.4613, 452.75311, 559.79156, 401.52737, 581.64307, 351.26718, 602.92651, 301.82828, 623.95758, 252.86467, 485.75928, 430.84497, 508.81284, 379.45148, 531.20825, 329.16522, 553.0791, 279.47253, 574.6192, 230.45758, 433.14566, 408.42554, 456.64746, 357.03128, 479.74527, 306.61813, 502.23755, 256.74088, 524.38782, 207.60957, 379.40106, 386.06424, 403.78094, 334.21075, 427.31793, 283.56924, 450.59604, 233.64598, 473.0372, 184.48962;
  624.1651, 496.10944, 650.36877, 446.80927, 676.06183, 398.64355, 701.17169, 351.15076, 725.7901, 304.31274, 575.36914, 469.48242, 602.19965, 420.35657, 628.32562, 371.78326, 653.96973, 324.50961, 679.20129, 277.61716, 525.89618, 442.58801, 553.33783, 393.50885, 580.10339, 345.17642, 606.18762, 297.53406, 632.06079, 250.78659, 475.98239, 415.65201, 503.92865, 366.39142, 531.28693, 318.10538, 558.16779, 270.65915, 584.40369, 223.85104, 425.17743, 388.36096, 453.80798, 339.07922, 481.85919, 290.96429, 509.22189, 243.28717, 535.93597, 196.33769, 373.63977, 360.76498, 402.87216, 311.49484, 431.6423, 263.12131, 459.60422, 215.65605, 487.05539, 168.98125;
  597.95392, 489.20428, 631.22571, 443.3176, 663.69836, 398.36984, 695.56628, 354.3295, 726.85889, 310.6012, 552.29889, 455.46973, 586.19794, 410.12271, 619.22357, 364.90042, 651.50037, 320.79486, 683.25677, 277.48322, 506.46136, 421.5343, 540.76996, 376.0195, 574.33575, 331.31668, 607.23828, 287.43924, 639.52338, 244.34171, 460.20825, 387.58514, 495.08435, 342.06125, 529.26508, 297.82959, 562.58258, 253.97482, 595.34656, 210.90352, 413.16177, 353.0929, 448.80603, 307.88367, 483.44254, 263.71948, 517.46222, 220.21779, 550.74384, 177.2444, 365.68295, 318.54147, 401.93002, 273.53439, 437.19571, 229.37617, 471.7001, 185.94682, 505.65994, 143.45819;
  566.00061, 501.13327, 606.09796, 459.86819, 645.56207, 418.82736, 684.3725, 378.76733, 722.67487, 338.88885, 525.07336, 460.8465, 565.71893, 419.60336, 605.60535, 379.03543, 644.89917, 339.00473, 683.41296, 299.2865, 483.93274, 420.44974, 524.95062, 379.19604, 565.2193, 338.85211, 604.85846, 299.00458, 643.73724, 259.39883, 442.37714, 379.80664, 483.92325, 338.84329, 524.80469, 298.74442, 564.73718, 259.14548, 603.96454, 219.96245, 400.39587, 338.95624, 442.39447, 298.23047, 483.71564, 258.34784, 524.09869, 218.98087, 563.8219, 180.10602, 357.91629, 297.9241, 400.52829, 257.37662, 442.14127, 217.79915, 483.0321, 178.57475, 523.3855, 139.8392;
  649.38702, 183.4883, 592.81207, 179.94669, 535.49976, 176.36978, 477.33685, 172.6945, 418.14792, 168.96077, 647.10919, 240.05853, 590.56696, 236.97227, 533.20984, 233.90726, 475.1377, 230.5826, 416.06512, 227.11693, 644.79352, 296.71353, 588.21631, 294.06656, 530.90936, 291.06918, 472.81628, 288.23178, 413.57806, 285.13794, 642.44025, 353.21298, 585.85492, 350.82925, 528.51794, 348.33963, 470.30206, 345.94131, 411.14316, 343.48047, 639.80084, 409.97571, 583.14484, 407.96948, 525.8205, 406.0484, 467.64572, 403.82053, 408.52469, 401.82388, 637.02539, 466.8071, 580.37366, 465.1774, 523.09222, 463.49149, 464.845, 461.64792, 405.69305, 459.97452;
  711.39703, 215.06697, 658.97412, 197.34641, 606.23798, 179.23203, 553.18372, 161.11932, 499.65463, 142.70222, 694.27673, 267.65244, 641.66846, 250.0291, 588.91492, 232.24858, 535.69757, 214.17432, 481.99731, 196.08537, 676.99377, 320.32648, 624.38214, 302.97, 571.46179, 285.24445, 518.21649, 267.51682, 464.39243, 249.63364, 659.78571, 372.9635, 606.99127, 355.5386, 553.97028, 338.22232, 500.60217, 320.7037, 446.72482, 303.06476, 642.38458, 425.81689, 589.48468, 408.70126, 536.47858, 391.34616, 482.89124, 374.14682, 428.9953, 356.69897, 624.81055, 478.93604, 571.72913, 461.85141, 518.79254, 444.88348, 465.25339, 427.59412, 411.16071, 410.47516;
  1183.8271, 279.77197, 1191.731, 239.91052, 1200.0956, 199.67442, 1208.3113, 159.07129, 1216.498, 117.93596, 1139.5331, 273.71426, 1147.3643, 234.38963, 1155.0669, 194.89569, 1163.3281, 154.98718, 1171.2698, 114.79972, 1097.045, 267.53427, 1104.287, 229.21275, 1112.208, 190.30814, 1119.8579, 151.06709, 1127.5031, 111.49456, 1056.1381, 261.75702, 1063.4688, 224.06871, 1070.7101, 185.97238, 1078.0479, 147.44267, 1085.4355, 108.31003, 1016.6762, 256.21786, 1023.7116, 219.07114, 1030.5317, 181.59673, 1037.8054, 143.84604, 1045.0048, 105.57106, 978.72772, 250.96092, 985.22821, 214.28055, 991.98566, 177.72263, 998.90588, 140.37547, 1005.7925, 102.83121;
  1210.9174, 473.26514, 1214.6044, 428.09366, 1218.4396, 383.05215, 1222.1682, 338.16599, 1225.8708, 293.0239, 1161.4026, 467.69412, 1164.9523, 423.25201, 1168.5573, 378.58157, 1172.4043, 334.33517, 1176.1957, 289.95526, 1112.6067, 462.22641, 1116.4224, 418.27005, 1120.1906, 374.37903, 1123.9343, 330.68265, 1127.6974, 286.79355, 1065.6285, 457.26627, 1069.2086, 413.58093, 1072.9552, 370.44327, 1076.6901, 327.00793, 1080.5463, 283.96277, 1019.3859, 451.99649, 1023.1424, 409.21765, 1026.8961, 366.26102, 1030.6295, 323.63483, 1034.3114, 280.98413, 974.47772, 447.07529, 978.08539, 404.6543, 981.77979, 362.41342, 985.54779, 320.21411, 989.4201, 278.31293;
  934.02307, 685.76849, 928.63458, 635.34131, 923.2572, 585.81403, 918.07068, 536.92664, 912.83783, 488.54837, 887.82404, 691.36798, 882.49701, 640.63507, 877.40686, 590.58716, 872.52344, 541.2594, 867.54266, 492.41742, 840.64227, 697.25641, 835.70764, 645.92242, 830.93048, 595.3692, 826.19568, 545.64581, 821.32849, 496.3399, 792.79822, 702.96613, 788.24615, 651.27161, 783.79431, 600.25549, 779.22034, 550.07184, 774.75006, 500.25229, 744.09094, 709.03931, 739.86371, 656.69019, 735.53625, 605.24756, 731.28394, 554.41913, 727.03619, 504.36313, 694.23468, 714.81683, 690.54401, 662.41754, 686.68085, 610.3158, 682.62128, 559.09601, 678.74689, 508.48834;
  659.10071, 637.94, 654.38586, 589.56989, 649.65039, 541.8869, 645.13159, 495.31754, 640.60046, 449.26889, 613.2395, 644.36853, 608.70978, 594.98016, 604.35138, 546.68671, 600.17004, 499.33951, 596.04236, 452.50034, 565.48926, 650.81805, 561.53894, 600.74084, 557.53076, 551.47961, 553.67236, 503.48938, 550.04352, 455.92548, 516.67157, 657.67572, 513.14703, 606.5849, 509.54309, 556.61554, 506.2066, 507.54224, 502.70981, 459.57532, 465.95273, 664.59497, 462.86496, 612.6731, 459.94852, 561.78442, 457.09937, 512.01215, 454.06741, 463.16455, 413.72525, 671.55267, 411.16553, 619.05219, 408.63519, 567.2005, 406.2305, 516.8031, 403.74384, 467.02307;
  586.8988, 585.21484, 583.67096, 538.29938, 580.4743, 492.22275, 577.33099, 447.46893, 574.33521, 403.50214, 541.30145, 589.08508, 538.46796, 541.19623, 535.6557, 494.71967, 533.12079, 449.0766, 530.54138, 404.50439, 493.87534, 593.26196, 491.59872, 544.45844, 489.48459, 497.07745, 487.3363, 450.69388, 485.32227, 405.41766, 445.02066, 597.62244, 443.40875, 548.12244, 441.91187, 499.75983, 440.40906, 452.5719, 438.77225, 406.5199, 394.34183, 602.09711, 393.4537, 551.66101, 392.41653, 502.54617, 391.53067, 454.54169, 390.65488, 407.73734, 341.93259, 606.71698, 341.70279, 555.29102, 341.3653, 505.29263, 341.16971, 456.31406, 340.80298, 408.88736;
  521.47443, 601.0556, 519.5448, 553.43091, 517.82874, 506.8009, 515.93512, 461.4501, 514.03333, 416.7009, 474.32626, 604.76123, 472.96906, 556.28046, 471.56329, 509.03961, 470.28055, 462.71826, 469.03918, 417.22675, 425.58099, 608.75385, 424.68005, 559.3985, 423.98611, 511.33649, 423.28473, 464.11334, 422.46323, 417.95242, 375.40369, 612.95953, 375.18604, 562.7724, 374.98187, 513.87665, 374.84995, 465.9343, 374.57059, 419.02222, 323.43317, 617.26947, 323.77682, 566.17468, 324.19653, 516.28815, 324.68814, 467.7171, 324.97299, 419.98758, 269.55951, 621.56964, 270.65677, 569.50525, 271.84003, 518.89679, 272.86758, 469.47055, 273.89645, 421.04889;
  457.68063, 633.29358, 457.02478, 585.62366, 456.49567, 538.81531, 456.04459, 493.1749, 455.43402, 448.0368, 409.77383, 637.3175, 409.67584, 588.52295, 409.5546, 541.36444, 409.483, 494.7774, 409.46097, 448.93005, 360.36642, 641.55713, 360.72415, 592.29529, 361.17645, 544.01569, 361.62936, 496.52985, 361.9451, 449.94022, 309.67551, 645.66614, 310.65161, 595.78522, 311.48416, 546.54565, 312.44589, 498.3913, 313.24393, 451.15002, 257.18277, 650.16608, 258.57388, 599.18439, 260.06409, 549.31226, 261.50558, 500.42609, 262.88715, 452.25522, 202.84178, 654.78217, 204.99182, 602.90149, 206.94891, 552.12134, 208.96014, 502.3241, 210.91068, 453.55789;
  430.03989, 647.02649, 429.39438, 599.57037, 428.91397, 552.89746, 428.26736, 506.95764, 427.68958, 461.99884, 381.81299, 651.56146, 381.67392, 603.18921, 381.5578, 556.00037, 381.41968, 509.40396, 381.298, 463.41397, 332.24344, 656.26605, 332.6394, 607.2348, 332.95569, 558.99475, 333.28201, 511.57147, 333.63062, 465.0574, 281.47641, 660.90826, 282.26163, 611.19165, 283.14023, 562.1416, 283.93692, 514.08282, 284.69492, 466.64029, 228.98, 665.89081, 230.19705, 615.06061, 231.58792, 565.27496, 232.86754, 516.39178, 233.91899, 468.31293, 174.95216, 670.76727, 176.51035, 619.32025, 178.27994, 568.66162, 180.14642, 518.99188, 181.8857, 470.02054;
  312.32562, 675.75665, 313.45139, 629.36365, 314.66739, 583.97833, 315.79315, 539.3009, 316.97049, 495.03516, 264.02783, 679.82135, 265.5289, 632.85297, 267.15256, 586.63867, 268.67572, 541.06268, 270.14764, 496.35748, 214.13782, 683.74878, 216.23659, 636.1748, 218.17804, 589.37457, 220.11723, 543.23334, 222.05133, 497.72522, 163.36302, 687.83929, 165.81114, 639.58447, 168.12321, 592.04187, 170.51521, 545.21265, 172.84328, 498.97464, 111.26912, 691.93579, 113.98252, 642.89215, 116.63177, 594.80206, 119.3911, 547.20184, 122.05568, 500.35214, 57.617599, 695.85175, 60.836388, 646.20166, 63.99305, 597.39288, 67.172264, 549.16199, 70.310104, 501.75806;
  283.48035, 424.76669, 283.81442, 392.4982, 284.15762, 360.70908, 284.34433, 329.2345, 284.56134, 297.92151, 248.39171, 426.14627, 249.01216, 393.72397, 249.60425, 362.02859, 250.20015, 330.09659, 250.62506, 298.86649, 213.06271, 427.82803, 214.02136, 395.31165, 214.90581, 363.05173, 215.50354, 331.229, 216.34956, 299.48029, 177.62936, 429.29373, 178.85495, 396.5654, 179.88406, 364.25027, 181.01636, 332.35806, 181.79861, 300.60352, 141.91705, 430.83545, 143.27882, 398.14679, 144.68588, 365.59167, 145.96935, 333.40527, 147.07829, 301.53006, 106.1273, 432.47092, 107.51681, 399.38593, 109.08385, 366.86896, 110.58932, 334.55368, 112.18862, 302.42334;
  349.39371, 256.7872, 361.52264, 226.20311, 374.00525, 195.28767, 386.34595, 164.44087, 398.86298, 132.37598, 316.30072, 245.38591, 328.56607, 214.11601, 341.00897, 182.65314, 353.5535, 150.95627, 366.07904, 118.72255, 281.93427, 233.63005, 294.33203, 201.60406, 306.70099, 169.55194, 319.34973, 137.29451, 332.01355, 104.37062, 246.54289, 221.36986, 258.99719, 188.84378, 271.5838, 156.11868, 284.29904, 122.9978, 296.99731, 89.728714, 210.02762, 208.60532, 222.51634, 175.44843, 235.08759, 142.08028, 247.76633, 108.42731, 260.61322, 74.343719, 172.02016, 195.51787, 184.48759, 161.55235, 197.30315, 127.79143, 210.09221, 93.286278, 223.00201, 58.50098;
  352.70871, 244.69185, 365.01392, 213.71968, 377.34735, 182.77866, 389.55264, 151.55264, 402.09091, 120.33764, 319.87006, 232.31413, 332.35696, 200.82976, 344.61322, 169.51054, 357.26831, 137.82158, 369.77451, 106.06837, 285.7262, 219.59766, 298.17175, 187.58055, 311.10693, 155.51498, 323.49808, 123.21253, 336.3898, 90.873177, 250.65862, 206.72661, 263.53418, 174.11012, 276.15088, 141.36797, 289.04169, 108.55287, 301.97794, 75.623474, 214.28534, 192.93178, 227.23584, 159.92479, 240.18906, 126.78773, 253.33868, 93.251236, 266.30649, 59.63435, 176.76506, 179.01833, 189.72377, 145.29515, 203.04774, 111.58088, 216.078, 77.484077, 229.45694, 43.237328;
  248.19437, 227.38132, 254.99847, 194.21861, 261.4454, 161.29588, 268.05829, 128.44408, 274.66888, 95.323051, 211.85071, 219.50195, 218.52342, 185.92584, 225.43304, 152.37997, 231.9454, 118.99296, 238.93231, 85.225731, 174.15247, 211.53691, 181.13548, 177.24182, 188.04236, 142.98709, 194.99229, 108.92126, 201.94711, 74.737549, 135.4516, 203.15527, 142.61705, 168.237, 149.68823, 133.38882, 156.73207, 98.771873, 163.82768, 63.905968, 95.452545, 194.6411, 102.58743, 159.02563, 109.8439, 123.67239, 117.22292, 88.443993, 124.57391, 52.872566, 53.891254, 185.82883, 61.402554, 149.65942, 69.020294, 113.55186, 76.567383, 77.704666, 84.184135, 41.763668;
  229.82426, 200.5061, 229.19951, 165.80095, 229.01611, 131.49808, 228.4621, 96.835373, 228.02791, 62.261189, 191.23944, 198.99121, 190.88754, 164.06572, 190.40407, 129.18846, 190.09088, 94.232117, 189.79063, 59.232231, 151.81601, 197.64328, 151.46896, 162.32088, 151.24513, 126.89057, 150.78992, 91.624817, 150.61118, 56.34713, 111.86964, 196.16124, 111.64393, 160.32747, 111.39504, 124.76009, 111.23241, 89.200897, 110.78362, 53.239681, 71.021645, 194.71985, 70.830727, 158.65919, 70.838402, 122.61663, 70.731682, 86.58506, 70.399773, 50.331665, 29.430285, 193.4601, 29.421049, 157.04172, 29.350752, 120.50394, 29.291351, 84.012115, 29.259113, 47.412823;
  301.78726, 200.02364, 303.74298, 162.66258, 305.59122, 125.08324, 307.62454, 87.339355, 309.44907, 49.429352, 262.2789, 196.82532, 264.22427, 159.22075, 266.15161, 121.51997, 268.05878, 83.634712, 269.88354, 45.260471, 222.51538, 193.57033, 224.23671, 155.72729, 226.31691, 117.94264, 228.20729, 79.719856, 230.04158, 41.373463, 182.54774, 190.45822, 184.46814, 152.41022, 186.18362, 114.27209, 188.3199, 75.864769, 190.2193, 37.49337, 142.2471, 187.15727, 144.11087, 149.04466, 146.07094, 110.64774, 147.93414, 72.28582, 149.9776, 33.541157, 101.65641, 184.21176, 103.49022, 145.67964, 105.35368, 107.08074, 107.41019, 68.565315, 109.64078, 29.791481;
  432.2756, 230.07819, 432.58313, 195.63242, 432.8837, 161.00381, 433.4223, 126.00629, 433.52176, 90.377312, 397.4386, 228.49947, 397.69232, 194.00986, 397.81836, 159.29829, 398.12372, 124.1237, 398.32156, 88.634323, 362.74194, 226.65015, 362.89932, 192.22696, 362.98178, 157.49118, 362.83847, 122.59554, 363.03015, 86.75499, 328.30133, 225.06633, 328.27203, 190.58987, 328.01523, 155.72377, 328.04361, 120.45824, 327.92575, 85.075485, 293.60837, 223.44051, 293.466, 188.94551, 293.39029, 154.10738, 293.10669, 118.78157, 292.93481, 83.358871, 259.08228, 221.86954, 258.87256, 187.26199, 258.5, 152.5, 258.15067, 117.25766, 257.64688, 81.496353;
  660.07611, 265.36588, 660.50635, 232.45845, 661.01318, 200.18036, 661.55884, 168.38315, 662.07587, 137.44049, 624.70673, 262.06641, 625.42493, 229.22531, 626.4201, 197.05586, 627.25171, 165.16499, 628.15356, 133.82883, 588.89478, 259.23773, 590.11554, 226.07576, 590.99908, 193.57904, 592.5061, 161.71811, 593.58691, 130.33678, 552.78076, 256.18054, 554.40558, 222.96635, 555.95642, 190.48552, 557.53821, 158.3699, 559.086, 127.01972, 516.28448, 253.1812, 518.2395, 219.96654, 520.17401, 187.22232, 522.15179, 155.13374, 524.00482, 123.42879, 479.23746, 250.2419, 481.54581, 216.77715, 483.79782, 183.96194, 486.30154, 151.7697, 488.5282, 120.05021;
  695.89917, 267.87463, 688.49213, 235.41188, 681.40094, 203.66118, 674.71472, 172.51468, 668.0235, 141.64548, 662.80292, 269.25803, 655.90533, 236.53339, 648.87177, 204.45361, 642.28265, 172.79288, 635.97052, 141.46921, 628.91376, 271.01657, 622.19049, 237.73375, 615.58234, 205.2399, 609.15765, 173.10155, 602.89771, 141.51613, 594.3045, 272.79773, 587.66644, 239.00627, 581.38013, 205.77332, 575.18329, 173.54431, 569.11493, 141.56203, 558.36359, 274.65549, 552.05554, 240.3206, 545.98505, 207.03636, 539.97272, 173.95512, 534.33417, 141.65845, 521.39551, 276.62827, 515.46582, 241.83542, 509.86545, 208.06416, 504.01852, 174.58472, 498.50269, 141.78387;
  705.55377, 245.20467, 696, 211.5, 686.67426, 177.80086, 677.36932, 144.38885, 668.10315, 111.24467, 673.19916, 250.77968, 663.50372, 216.57257, 654.05707, 182.58864, 644.88293, 148.7117, 635.64435, 115.10055, 639.56244, 256.63348, 630.22119, 222.36418, 620.76447, 187.52344, 611.4892, 153.42311, 602.33539, 119.17127, 605.44073, 263.06415, 595.98981, 227.6496, 586.57751, 192.57748, 577.3869, 157.94476, 568.00983, 123.35648, 570.08014, 269.47098, 560.69427, 233.59631, 551.28217, 198.2039, 542.12347, 162.85248, 532.7168, 127.60718, 533.78595, 276.06461, 524.35181, 239.54095, 515.02271, 203.645, 505.80255, 167.78419, 496.67307, 132.29248;
  711.25885, 246.82054, 701.97369, 212.50557, 692.59692, 178.77592, 683.29034, 145.03209, 674.16132, 111.32217, 678.93829, 252.61513, 669.33087, 218.12065, 660.06482, 183.8069, 650.88293, 149.7117, 641.6026, 115.50919, 645.53326, 258.96152, 636.08881, 223.87601, 626.61151, 189.06628, 617.41455, 154.31651, 608.30634, 120.08672, 611.23572, 265.3858, 601.92035, 229.72507, 592.42603, 194.44081, 583.01288, 159.3385, 573.80951, 124.34589, 576.04077, 271.86816, 566.5257, 235.82069, 557.11218, 200.16641, 547.76465, 164.44626, 538.4502, 128.93373, 539.63727, 278.99457, 530.19238, 242.04848, 520.88354, 205.76117, 511.62613, 169.98369, 502.15601, 133.61588;
  789.35767, 266.2933, 781.41547, 230.6803, 773.54028, 194.62714, 765.63312, 158.52769, 757.45123, 122.09801, 755.5238, 273.90857, 747.33472, 237.60147, 739.32788, 201.439, 731.33429, 164.98602, 723.14636, 128.18175, 721.02765, 281.29922, 712.81439, 244.72945, 704.59302, 208.14433, 696.38611, 171.4333, 688.26764, 134.67162, 686.02075, 288.89911, 677.65973, 252.17177, 669.45984, 215.28687, 661.03796, 178.24193, 652.79651, 140.86768, 650.3172, 296.6619, 641.74506, 259.46097, 633.45313, 222.39964, 625.02313, 185.1366, 616.35815, 147.35577, 613.91656, 304.71249, 605.32336, 267.18716, 596.82971, 229.46051, 588.23358, 192.01248, 579.62616, 153.8658;
  927.99896, 349.59308, 932.51257, 315.59106, 937.10492, 281.69049, 942.06427, 247.49692, 946.84357, 213.03815, 893.10919, 345.27155, 897.78137, 311.2146, 902.30402, 277.08896, 907.07379, 242.96872, 911.96283, 208.62602, 858.36328, 340.98996, 863.05634, 306.69415, 867.59955, 272.7522, 872.25464, 238.63705, 876.94733, 204.2997, 823.91895, 336.46515, 828.49561, 302.3996, 833.18402, 268.42102, 837.6377, 234.18198, 842.52582, 200.09969, 789.55017, 332.04877, 794.01685, 298.10818, 798.44275, 264.00345, 803.11389, 229.95622, 807.75427, 195.72774, 755.01147, 327.79248, 759.45026, 293.82156, 764.10022, 259.57785, 768.6192, 225.7764, 773.36224, 191.61975;
  880.87555, 272.33853, 882.73511, 239.29044, 884.65601, 206.08469, 886.77362, 172.69719, 888.69788, 139.05812, 848.66876, 270.93912, 850.323, 237.85629, 852.18677, 204.3683, 853.92731, 170.92018, 856.31738, 137.1918, 815.92834, 269.56729, 817.63049, 236, 819.57983, 202.76584, 821.35992, 169.07378, 823.02283, 135.00372, 783.40704, 268.02585, 785.04224, 234.27864, 786.81494, 200.80644, 788.43909, 167.12062, 790.1109, 133.14163, 750.19263, 266.39523, 751.82831, 232.82056, 753.47748, 199.09421, 755.02582, 165.0943, 756.82196, 131.03711, 716.85211, 264.97186, 718.42542, 231.12172, 719.90143, 197.2453, 721.58136, 163.15828, 723.22443, 128.95482;
  963.66937, 248.91267, 963.67438, 216.45805, 963.69824, 184.26929, 963.7215, 151.76703, 963.92798, 119.03555, 932.38312, 248.19264, 931.9928, 215.66882, 932.31348, 183.15701, 932.328, 150.47353, 932.4704, 118.02026, 900.63715, 247.46037, 900.73572, 214.70058, 900.70728, 182.07603, 900.68286, 149.4201, 900.64044, 116.86216, 869.06897, 246.64958, 868.9101, 213.84151, 868.95557, 181.31923, 868.875, 148.48595, 868.82184, 115.78381, 836.91034, 245.90887, 836.8266, 212.99457, 836.79523, 180.39041, 836.6933, 147.56236, 836.72876, 114.6335, 804.56287, 245.07855, 804.46625, 212.0154, 804.53558, 179.24083, 804.41278, 146.50319, 804.4281, 113.39762;
  1031.8792, 229.29398, 1032.7585, 197.40225, 1033.7332, 165.54858, 1034.6714, 133.82233, 1035.432, 101.94245, 998.07916, 228.27359, 998.96393, 196.42192, 999.88184, 164.87851, 1001.0131, 133.19908, 1001.8348, 101.69137, 964.55615, 227.33812, 965.63635, 195.65367, 966.6582, 164.13922, 967.73596, 132.63518, 968.82196, 101.37908, 931.62152, 226.37953, 932.60913, 194.78752, 933.79218, 163.63991, 934.85144, 132.35318, 935.94818, 101.03375, 898.67737, 225.47736, 899.89758, 194.0435, 901.00598, 163.05362, 902.09985, 131.92654, 903.3728, 101.08736, 866.01306, 224.5661, 867.35858, 193.351, 868.67487, 162.45833, 869.80206, 131.5938, 871, 100.5;
  1135.3947, 225.48392, 1138.1307, 194.7085, 1140.8138, 164.31775, 1143.3744, 133.99992, 1145.8623, 104.03291, 1099.5989, 225.85567, 1102.5981, 195.62418, 1105.3936, 165.86369, 1108.2816, 136.29305, 1111.0084, 106.67207, 1065.5309, 226.28822, 1068.4814, 196.69287, 1071.425, 167.35223, 1074.5347, 138.1873, 1077.2573, 109.3435, 1032.4471, 226.82504, 1035.7488, 197.79008, 1038.7556, 168.95772, 1042, 140.5, 1045.1183, 111.91728, 1000.5098, 227.41298, 1004.0261, 198.76755, 1007.2867, 170.59616, 1010.6227, 142.48448, 1013.851, 114.6118, 969.94043, 227.98283, 973.39551, 199.83075, 976.80835, 172.28462, 980.0614, 144.51494, 983.48303, 117.00703;
  1208.767, 254.58247, 1219.13, 221.66943, 1229.7239, 188.10585, 1240.5844, 153.92587, 1251.4995, 118.74113, 1172.2454, 247.461, 1182.1744, 214.83073, 1192.5118, 181.35164, 1202.7986, 147.43547, 1213.2301, 112.67842, 1136.4098, 240.25986, 1146.0055, 208.00856, 1155.931, 174.83835, 1165.9312, 141.16745, 1175.8224, 106.7216, 1101.4537, 233.36548, 1110.6899, 201.27118, 1120.1477, 168.62207, 1129.6279, 135.08676, 1139.2344, 100.94756, 1067.2729, 226.61124, 1076.0957, 194.75656, 1084.8622, 162.5065, 1093.6437, 129.14442, 1103.2703, 95.337296, 1033.6968, 220.04527, 1041.9113, 188.72238, 1050.4952, 156.39493, 1059.2383, 123.56447, 1068.1855, 89.987381;
  1188.7461, 280.68781, 1197.5598, 246.88019, 1206.2838, 212.49992, 1215.5562, 177.34773, 1224.6788, 141.3938, 1152.0626, 275.78796, 1160.3444, 241.91772, 1168.8073, 207.66833, 1177.6782, 172.67986, 1186.3807, 137.10132, 1115.5194, 270.85342, 1123.5271, 237.23381, 1131.7649, 202.97966, 1140.0955, 168.13684, 1148.5431, 132.54503, 1079.8998, 265.97293, 1087.3018, 232.57472, 1095.1187, 198.54047, 1102.9249, 163.8488, 1111.2307, 128.43959, 1044.5118, 261.01068, 1051.6458, 227.90518, 1058.6802, 194.09685, 1066.296, 159.56967, 1074.0928, 124.1844, 1009.3102, 256.26401, 1016.275, 223.0359, 1023.1957, 189.58791, 1030.2933, 155.2764, 1037.4906, 120.10127;
  682.80261, 508.91434, 678.50177, 463.43323, 674.62152, 418.06894, 670.6283, 372.6412, 666.46429, 326.67432, 639.7793, 516.06549, 635.46313, 469.76581, 631.2403, 423.60031, 627.01038, 377.3754, 622.90735, 330.72696, 595.19489, 523.44183, 590.85229, 476.43033, 586.28204, 429.29654, 582.0824, 382.32196, 577.7406, 335.03442, 549.27008, 531.13116, 544.75366, 483.27591, 540.24536, 435.37317, 535.67841, 387.53384, 531.21783, 339.19986, 501.61813, 538.87683, 496.92819, 490.32312, 492.20795, 441.59314, 487.62411, 392.76654, 483.04477, 343.78186, 451.93155, 546.96204, 447.21179, 497.51349, 442.52139, 447.91006, 437.67975, 398.39456, 432.9986, 348.43271;
  692.78351, 477.2883, 683.37445, 433.00906, 674.18591, 389.10547, 665.48938, 346.68295, 656.82715, 304.8403, 648.20471, 485.12173, 639.19214, 440.0137, 630.5249, 395.9704, 622.04004, 352.5957, 613.68951, 310.21378, 602.58844, 492.96564, 594.04028, 447.26202, 585.77551, 402.6109, 577.72266, 358.81039, 569.68079, 315.91428, 555.97101, 500.93112, 547.98212, 454.70618, 540.1723, 409.30164, 532.46198, 365.21268, 524.89752, 321.54333, 508.25223, 509.40854, 500.62238, 462.56055, 493.30835, 416.69284, 486.10861, 371.73941, 478.9129, 327.53784, 459.04962, 517.88684, 452.16104, 470.36691, 445.29465, 423.9071, 438.53625, 378.4765, 431.88779, 333.83426;
  572.88373, 459.47452, 571.40961, 412.28052, 569.90027, 365.24307, 568.61523, 318.61691, 567.22974, 272.06448, 528.53735, 461.65591, 527.01117, 413.37054, 525.65436, 365.41254, 524.41309, 317.61032, 523.11127, 270.05908, 481.65436, 464.28549, 480.48792, 414.60208, 479.16962, 365.46426, 478.07333, 316.50604, 476.65692, 267.80005, 432.89267, 466.91846, 431.73895, 416.07434, 430.68823, 365.50632, 429.56067, 315.48251, 428.36957, 265.66232, 381.38654, 469.73581, 380.46011, 417.40015, 379.31567, 365.80032, 378.50192, 314.32675, 377.63138, 263.23401, 327.01398, 472.48428, 326.32932, 418.90311, 325.66714, 365.82922, 324.61673, 313.28195, 323.97406, 260.8725;
  666.38257, 460.7821, 662.29999, 415.10651, 658.48871, 369.99799, 654.69226, 325.15573, 650.85889, 280.58813, 627.35986, 464.2562, 623.25085, 417.48923, 619.42944, 371.14896, 615.64606, 325.19989, 611.86273, 279.39731, 586.10449, 467.92252, 582.15308, 419.83038, 578.43445, 372.33618, 574.59241, 325.09204, 570.77087, 278.16641, 542.78784, 471.73489, 538.98285, 422.30573, 535.14807, 373.62555, 531.44354, 325.14868, 527.83258, 277.0614, 496.78439, 475.93863, 492.95465, 425.21494, 489.38217, 374.99075, 485.69876, 325.15686, 482.17441, 275.80045, 447.96243, 480.32718, 444.49487, 428.11557, 441.06201, 376.50162, 437.51404, 325.35049, 434.03485, 274.61649;
  822.33374, 460.51846, 826.67041, 414.59824, 831.68134, 368.16788, 836.5, 320.7261, 841.27704, 272.41876, 774.66382, 454.04388, 778.90576, 408.70541, 783.29291, 362.69464, 787.60736, 315.6358, 791.91882, 267.66962, 728.56201, 447.47577, 732.33295, 402.91547, 736.11163, 357.27161, 740.01013, 310.73108, 743.94922, 263.54739, 683.78699, 441.30164, 687.16077, 397.02643, 690.49664, 351.88574, 693.89868, 306.07245, 697.4765, 259.17392, 639.94336, 434.99667, 643.02087, 391.24066, 646.01678, 346.68948, 648.86206, 301.32242, 652.02484, 254.73677, 597.47839, 429.06625, 599.82306, 385.64804, 602.46936, 341.60425, 605.07947, 296.79272, 607.71167, 250.82899]
