image_Width 640
image_Height 360
board_Width 5
board_Height 6
square_Size 25.5
Camera_Matrix[484.0292433348409, 0, 336.9591535890231;
  0, 480.7255517221043, 174.4532703247294;
  0, 0, 1]
Distortion_Coefficients[0.001674280792940516;
  -0.03062514037766547;
  0;
  0;
  -0.009605491288228513]
Avg_Reprojection_Error 0.337398
Per_View_Reprojection_Errors[0.15566815;
  0.25749597;
  0.2793034;
  0.32173821;
  0.31434074;
  0.35664409;
  0.31111938;
  0.39470109;
  0.36654791;
  0.34107992;
  0.2153002;
  0.37974447;
  0.1765929;
  0.26969951;
  0.25752211;
  0.19638154;
  0.46062094;
  0.54966831;
  0.21454936;
  0.1894065;
  0.38822567;
  0.27530524;
  0.26325756;
  0.25530338;
  0.4034186;
  0.4456;
  0.35856092;
  0.2354334;
  0.37073621;
  0.39579752;
  0.46518582;
  0.34191638;
  0.35719857;
  0.31934839;
  0.35415974;
  0.30550799;
  0.2529223;
  0.24711694;
  0.22398499;
  0.23028505;
  0.2186549;
  0.30333212;
  0.41628447;
  0.65842009;
  0.30595312;
  0.37011006;
  0.38007888;
  0.46604413;
  0.26794153;
  0.27200654]
Extrinsic_Parameters[2.16509112514533, -2.239323449392818, -9.386697635609332e-005, 85.04213156311623, 48.46883087118976, 399.6806135287438;
  2.239099998586241, -2.059534348761345, -0.09100086813085005, 37.01347772166328, 70.6804435392126, 369.9073200998696;
  2.268734990091266, -2.07947181488816, -0.0576218765560049, 33.50387216288912, 70.67342577012508, 371.8778463596642;
  -2.218702945865474, 2.071716855546853, 0.204411370090674, 26.87338937192539, 27.60686679920617, 376.4924592770652;
  -2.174417702489304, 2.054228069454892, 0.1530612860437013, 34.45107941889562, 23.92696347204741, 376.2905868760137;
  2.151591032925791, -1.984688668879935, -0.3010453336138716, 149.6142004107341, 46.07434578129679, 353.2345412113773;
  2.206790203812633, -1.951009227265768, -0.3750378716656637, 149.9019399597056, 53.46529424210392, 350.9877167826188;
  2.096255255228227, -2.252430031265738, 0.00513658125878143, 142.6595699842209, 85.42525540598848, 361.1414452307905;
  2.104052220337555, -2.221419084225431, -0.02792208760833748, 139.4285218754864, 88.67012371895162, 361.1887050878918;
  2.252943646380199, -2.021213511190573, -0.2115261833715606, 100.99415187802, 114.0781355927795, 365.5196043018001;
  1.923436536076302, -2.419141492054274, 0.3278543380839645, 7.410848101531783, 101.672894482151, 393.1048346798203;
  -2.043469414786482, 2.205621050413108, -0.1825217159069933, -55.82746856241642, 107.8836894641652, 405.4593705189534;
  -1.811461542672095, 2.199711173413913, -0.4723655642908261, -73.59068039154157, 78.04635055428579, 414.7583807574463;
  -1.857315683253565, 2.336587419637286, -0.4195515057178626, -51.70477875081271, 31.05848531641948, 415.3726529327299;
  2.058810064356181, -2.284579922556425, -0.1237707478240432, -44.46743801400994, 34.07027881579941, 382.0729956292693;
  -1.853522575100258, 2.2397269122017, -0.00256629214297233, -74.14005449496359, 42.61060951365525, 404.4131590126383;
  -1.898830124137538, 2.35926934851288, -0.1749147969815639, -81.46742213900507, 40.3352145929626, 386.2949127911742;
  -1.856614593466577, 2.315841788924704, -0.2587566449089183, -89.56173442703484, 45.86909357371692, 390.2919307631925;
  -1.71311727187905, 2.161329552883506, -0.5954735622739696, -108.0896612076014, 40.40508045730567, 411.4586772121184;
  -1.898944308673102, 1.876431297773899, -0.1948034736978259, -73.87059562914517, 16.93711459976679, 449.9776799236179;
  -2.006363594418356, 2.18323168536017, -0.1095184640279002, -20.39117483595708, 7.369827747434059, 424.3722501922176;
  -1.994419905466353, 2.15911784226867, 0.1208307932316169, 95.6858153057108, 15.3429215467394, 397.8835720362783;
  -1.867133944341391, 2.189862617805538, 0.1336347276318448, 114.7182927075022, -0.8495986117707547, 397.9182919279982;
  -1.84008810437138, 2.250935815381016, 0.1480294708972714, 123.6360013940233, -9.299362890955807, 393.8664330373958;
  2.326873159651794, -2.06902439468801, -0.24572456240115, 131.6928161231164, 8.463153398769258, 343.5920794133328;
  2.147156507918837, -2.058020129198463, -0.3926109031950472, 140.687523259455, 42.37693112548936, 335.5245368861159;
  -2.272325472263543, 2.10412203812963, 0.3139337444414853, 118.3011411701525, 48.44889278311974, 351.3262679510912;
  -2.18179702360863, 2.096968119070308, 0.1834809318990789, 115.4686202074844, 47.94454775559775, 358.9468886879815;
  1.809474522170876, -2.568885144697094, 0.2606277433177914, 128.6979805254394, 37.61734862244928, 373.7265126830959;
  2.072892563165274, -2.179675542316049, -0.002909805574713353, 67.60233447533645, 68.7157793173884, 367.1767583519019;
  2.164583034935542, -2.168974773891028, -0.0349275609048776, 57.27739944961681, 74.7313023174283, 367.8611954724984;
  2.042028266273914, -2.015063830370163, -0.0394888709689426, 46.17013595242791, 96.84374264606605, 357.0376499280833;
  2.077200704052502, -2.013734327023065, -0.02519803700972726, 40.39990725771109, 97.01089044733166, 358.8881736995107;
  2.210978938599966, -2.061249365503932, 0.007533543258267092, 25.99979267711605, 97.07784823990532, 369.0788870795536;
  1.901644838796391, -1.948174233959258, -0.1824681593928917, 47.04103443362434, 91.78870578990278, 349.4887335588019;
  2.043698846428446, -1.91960453235365, -0.0840660871501302, 16.10999639792235, 99.70683998460179, 360.5966794070783;
  2.163760929516182, -1.969459318536427, 0.0253309278503167, -4.35267388840292, 99.77602898626407, 376.3875085434643;
  -1.975868551927995, 2.067303366708054, -0.01399735630408017, 9.739878990671382, 45.11233980534085, 418.6572003398999;
  -1.938407678200663, 2.064289998280383, -0.02937938235926431, 13.85444510907692, 39.0916681084001, 420.0557825843248;
  -1.778299034807738, 1.998850862535268, 0.03162601565597751, 39.44056658110426, 0.1409192257838939, 427.331041389981;
  -1.775251144842229, 2.002555012067681, 0.04576164705310489, 42.77125609266055, -4.298307664718012, 426.2385508413502;
  2.100092247763817, -2.275556110357114, -0.03951944445293499, -55.0001382937181, 51.62989693823444, 374.9189243442491;
  -2.075273626300988, 2.145742829328023, 0.08047808530387099, -78.65612970891679, 60.74071436376276, 390.2909808209034;
  -1.937704671525323, 2.434375502959536, -0.1460229528053779, 2.908580989162436, 68.76069148100827, 361.9936822166258;
  2.174668954763876, -1.921851160109411, -0.5468874034346647, 39.26621371880548, 110.1081636125946, 369.3193936523824;
  2.230099746509679, -1.947944445876932, -0.4722663974143357, 161.3216626901119, 88.76116731065734, 396.3296892397849;
  2.162799162725416, -1.899398022133744, -0.6556204925849364, 141.3047940891263, 30.7575737172222, 369.5493596631689;
  -2.161134516848764, 2.090954301538607, 0.2472028095017488, 63.26690462156971, -4.766433729900536, 381.1636571224528;
  -1.85224094416954, 1.804989010158459, -0.01441146295076833, -9.499511125540458, 1.909096738770937, 395.2344181535945;
  -2.166911551194574, 2.03377099057024, 0.3633357759601855, -21.17677973646763, 48.25601690896806, 388.5951673039927]
Image_points[439.98761, 232.63075, 438.99142, 202.03741, 437.68784, 171.49982, 436.43011, 141.06, 435.16788, 110.59251, 409.00201, 233.91827, 407.94235, 203.11971, 406.71826, 172.62422, 405.51041, 142.04105, 404.46796, 111.49254, 378.10001, 234.73453, 376.93311, 203.91495, 375.91867, 173.54947, 374.94547, 142.98427, 373.69302, 112.49207, 347.23895, 235.79269, 346.31818, 205.13876, 345.2406, 174.77797, 344.16946, 143.99167, 343.26242, 113.61417, 316.64096, 236.49464, 315.79959, 206.05568, 314.66043, 175.82872, 313.65842, 145.32954, 312.68661, 114.78402, 286, 237.5, 285, 207, 284.15567, 176.67528, 283.10989, 146.02319, 281.9567, 116.03825;
  385.12216, 265.89539, 387.97742, 233.17232, 391.00082, 200.32263, 393.97324, 167.41078, 396.76492, 134.15605, 351.84332, 262.61377, 354.88727, 229.95389, 357.80048, 197.31308, 360.67804, 164.69189, 363.51523, 131.98888, 319.36197, 259.31723, 322.24448, 227.06389, 324.98071, 194.49754, 327.95142, 162.49973, 330.92688, 129.65576, 287.38568, 256.31476, 290.25998, 223.9632, 293.18036, 191.7298, 295.80139, 159.5562, 298.70554, 127.34253, 255.48737, 253.08264, 258.51035, 221.02724, 261.44531, 189.2065, 264.16391, 157.18907, 267.05737, 125.29296, 224.49252, 249.93579, 227.5, 218.26405, 230.43791, 186.50012, 233.16805, 154.89813, 236.09363, 123.05924;
  380.15756, 265.40326, 383.29611, 232.71893, 386.38861, 200.01407, 389.38831, 167.34061, 392.45154, 134.4917, 347.10239, 262.49194, 350.11566, 229.65939, 353.19632, 197.29326, 356.19528, 164.42075, 359.34146, 131.78908, 314.56802, 258.97177, 317.60367, 226.74638, 320.49402, 194.51279, 323.56805, 161.86681, 326.50061, 129.20004, 282.32611, 256.17053, 285.32565, 223.57738, 288.25693, 191.54521, 291.27585, 158.90633, 294.1825, 126.58498, 250.25525, 253.01558, 253.37901, 220.89952, 256.35898, 188.62965, 259.01813, 156.6297, 262.02182, 124.45691, 218.50478, 249.93715, 221.65805, 217.77287, 224.43831, 186, 227.47916, 153.88602, 230.47478, 121.85417;
  372.11786, 209.74431, 374.68228, 177.6617, 376.89804, 145.04585, 379.24036, 111.66219, 381.77368, 77.701096, 339.07175, 207.22807, 341.15182, 175.68047, 343.22852, 142.61208, 345.41855, 109.38058, 347.4209, 75.064552, 306.47015, 205.02315, 308.14468, 173.07352, 310, 140.5, 311.8147, 106.93845, 313.35159, 72.873711, 273.96378, 202.80858, 275.16678, 170.78017, 276.57141, 138.1183, 278.05795, 104.62257, 279.58176, 70.750427, 241.23323, 200.49435, 242.43935, 168.34, 243.4411, 135.58327, 244.45721, 102.18618, 245.71657, 68.277184, 208.4292, 198.0157, 209.48329, 165.80766, 210.22171, 133.25095, 211.13394, 100.02502, 211.9819, 65.844032;
  381.8895, 204.94644, 384.01794, 172.74677, 386.37701, 140.19339, 388.73523, 106.90207, 391.29953, 72.588387, 348.98071, 203.50246, 350.9024, 171.27632, 352.93741, 138.3063, 354.84299, 104.7863, 357.0062, 70.325737, 316.02164, 201.63257, 317.58963, 169.49295, 319.15814, 136.48016, 320.82675, 102.72905, 322.53616, 68.178284, 283.0076, 199.86333, 284.09229, 167.59241, 285.3064, 134.57761, 286.62231, 100.64014, 288.06339, 65.730148, 249.48639, 198.18767, 250.52838, 165.49959, 251.30641, 132.57761, 252.24084, 98.298164, 253.14398, 63.764172, 215.97301, 196.49825, 216.63045, 163.58171, 217.14519, 130.6633, 217.58081, 96.08342, 218.28751, 61.082153;
  542.18231, 237.57312, 545.08466, 202.95702, 547.9635, 168.30347, 550.53418, 133.52916, 552.9903, 98.740814, 505.32263, 233.50156, 508.10178, 199.54076, 510.86273, 165.69061, 513.40393, 131.53419, 515.99713, 97.357445, 470.04965, 229.46132, 472.52872, 196.07451, 475.44739, 162.88353, 477.84821, 129.65152, 480.38419, 96.121841, 435.90375, 225.64294, 438.5842, 192.99945, 441.31601, 160.21794, 443.60202, 127.86467, 446.23428, 94.966652, 403.18011, 222.01292, 405.5864, 189.8658, 408.43188, 158.05544, 410.72003, 126.02466, 412.99915, 93.680504, 371.56616, 218.5784, 374.10339, 187.16922, 376.48718, 155.9261, 378.93109, 124.26841, 381.21765, 92.725143;
  543.91602, 247.83682, 548.89044, 213.40868, 553.74872, 178.87291, 558.63251, 143.63351, 563.3653, 108.13808, 506.85175, 241.91064, 511.65811, 208.01437, 516.2818, 174.07213, 520.9798, 139.73576, 525.50781, 105.03754, 471.59222, 235.95697, 475.99402, 202.93248, 480.46539, 169.8139, 484.8179, 136.00117, 489.09244, 101.87546, 437.5, 230.5, 441.69022, 198.34148, 445.85461, 165.46555, 450.11136, 132.44611, 454.02728, 99.008408, 404.67609, 225.09344, 408.63998, 193.46703, 412.70917, 161.20702, 416.32141, 129.14964, 420.42538, 96.093216, 373.18927, 220.14287, 376.6813, 188.74802, 380.81174, 157.66466, 384.40338, 125.61568, 388.13315, 93.537048;
  527.96014, 288.46982, 525, 254.08002, 521.95154, 220.0407, 518.84253, 186.10579, 515.48901, 152.33727, 493.31699, 290.76077, 490.45169, 256.37335, 487.66052, 222.54817, 484.73334, 188.80737, 481.74042, 155.09735, 458.8342, 292.69681, 456.17368, 258.4631, 453.54651, 224.89977, 451.0079, 191.25571, 448.42538, 157.66246, 424.99197, 294.76852, 422.54642, 260.78983, 419.92624, 227.28548, 417.36148, 193.75705, 414.67859, 160.42062, 391.03839, 296.61139, 388.6655, 263.05508, 386.4592, 229.54379, 383.98013, 196.26791, 381.5, 163, 357.59549, 298.48218, 355.09412, 264.79977, 353.06454, 231.91418, 350.74783, 198.77261, 348.41122, 165.7619;
  523.43274, 292.8429, 521.24707, 258.23157, 519.02081, 224.13718, 516.48615, 190.30565, 514.07031, 156.57076, 488.65833, 294.06332, 486.54672, 259.85904, 484.46796, 225.92999, 482.06201, 192.16884, 479.86267, 158.84828, 453.9996, 295.31207, 452.15924, 261.28177, 450.05325, 227.64697, 448.26892, 194.24724, 446.19086, 160.86093, 420.10818, 296.52643, 418.21301, 262.88263, 416.47043, 229.25533, 414.61392, 195.98114, 412.55084, 162.8136, 386.3248, 297.85153, 385.00461, 264.30746, 382.97797, 231.00777, 381.17847, 197.90678, 379.39255, 164.72942, 353.1636, 298.90039, 351.78702, 265.5, 349.99561, 232.51697, 348.33066, 199.79845, 346.5, 167.21484;
  470.30292, 324.09177, 474.47076, 291.35193, 478.65167, 258.05878, 482.60123, 224.54704, 486.70047, 190.79805, 436.01239, 318.97256, 439.87589, 286.42383, 443.85498, 253.52383, 447.78299, 220.54442, 451.66541, 186.85294, 402.42325, 313.78101, 406.21756, 281.56824, 410.02148, 249.35966, 413.98691, 216.4339, 417.68463, 183.27374, 369.92661, 308.62137, 373.61353, 276.9364, 377.30606, 244.94565, 380.98886, 212.46962, 384.5737, 180.00591, 338.37405, 303.66977, 341.86972, 272.08331, 345.31641, 240.59636, 348.73529, 208.35435, 352.22122, 176.42119, 307.30472, 298.6535, 310.62759, 267.59088, 314.1156, 236.36766, 317.5, 205, 320.60681, 173.0654;
  346.121, 298.60181, 338.89972, 267.75888, 331.69733, 237.58723, 324.69574, 207.85675, 317.53784, 178.94405, 315.4375, 306.46594, 308.41263, 275.41263, 301.67636, 244.91302, 294.92548, 214.73792, 287.92664, 185.47086, 284.14716, 314.40213, 277.37439, 282.93652, 270.67902, 252.06956, 264.28513, 221.91939, 257.96896, 191.87143, 252.46793, 322.6134, 246.19527, 290.71021, 239.91629, 259.32172, 233.40126, 228.72826, 227.02025, 198.64668, 220.03664, 330.82602, 214.11415, 298.63525, 207.94518, 267.09293, 201.76674, 235.95009, 195.66212, 205.49796, 187.39009, 339.15811, 181.33958, 306.46234, 175.45006, 274.65594, 169.64783, 243.44147, 163.90068, 212.63461;
  270.16068, 302.22736, 268.04016, 272.06439, 265.98471, 242.03778, 263.83011, 211.72707, 261.74942, 181.14468, 238.98988, 306.02841, 236.88354, 275.61688, 234.59666, 245.07303, 232.23767, 214.76233, 230.0854, 183.90802, 207.28004, 309.99088, 204.88556, 279.05045, 202.58482, 248.47745, 200.28252, 217.67729, 197.99983, 186.57368, 175.0778, 313.59341, 172.6039, 282.79541, 170.44093, 251.89935, 167.8541, 220.73978, 165.33864, 189.3757, 142.17345, 317.29123, 139.91054, 286.41229, 137.19237, 255.05788, 134.59499, 223.76921, 131.987, 192.12474, 108.90889, 321.42673, 106.25037, 290.06339, 103.69356, 258.39276, 101.08346, 226.64114, 98.510452, 194.8674;
  250.9315, 264.78363, 245.33147, 235.75826, 239.61839, 206.94388, 234.09135, 177.93639, 228.2468, 149.03836, 221.58772, 272.3764, 215.6059, 242.54716, 209.96149, 212.87132, 204.07581, 183.2186, 198.2813, 153.52994, 190.48682, 280.46448, 184.32755, 249.73288, 178.24809, 219.35158, 172.45979, 188.85643, 166.55026, 158.39603, 157.61705, 288.65845, 151.57263, 257.4364, 145.38597, 225.95137, 139.54095, 194.55089, 133.53404, 163.53404, 123.22791, 297.20413, 116.74518, 264.98129, 110.76769, 233.14182, 104.60411, 201.03461, 98.406525, 168.96182, 86.858292, 306.49942, 80.755966, 273.47681, 74.169403, 240.58878, 67.815468, 207.84332, 61.88847, 174.75734;
  277.12985, 210.8472, 270.28943, 181.95537, 263.74524, 153.50189, 256.8772, 125.33453, 250.04469, 97.517311, 247.54195, 217.32581, 240.77541, 187.87964, 234.03732, 159.23849, 227.23679, 130.59979, 220.71748, 102.24011, 216.78456, 224.34123, 210.1254, 194.65201, 203.46495, 165.11711, 196.81799, 135.93536, 190.33804, 106.7055, 185.31323, 231.62444, 178.78477, 201.31676, 171.97208, 171.09705, 165.27274, 141.19026, 158.70871, 111.8918, 152.60811, 239.08972, 146.13002, 208.17346, 139.29922, 177.5818, 132.63879, 146.93634, 126.37857, 117.05331, 118.80962, 246.72162, 112.1788, 215.35588, 105.5521, 184.05624, 99.234642, 153.33475, 92.767334, 122.75755;
  280.17288, 217.06285, 277.02728, 185.33638, 273.98038, 153.45259, 270.78278, 121.60682, 267.55157, 89.43998, 248.85448, 220.17783, 245.64589, 188.54533, 242.50784, 157.02629, 239.3689, 125.19196, 236.06186, 93.166687, 218.14955, 223.16986, 214.86101, 191.80269, 211.46596, 160.46596, 208.35947, 128.75868, 204.82159, 97.094124, 187.84961, 226.01717, 184.61299, 195.0166, 181.14636, 163.6846, 177.49417, 132.41173, 174.24783, 100.71741, 157.75005, 228.8613, 154.63997, 198.18665, 151.149, 167.18034, 147.58574, 135.82907, 144.28833, 104.66902, 128.14542, 231.87109, 125.11562, 201.0139, 121.50714, 170.20613, 118.08974, 139.51842, 114.70654, 108.41922;
  248.51201, 224.85329, 242.22195, 195.81155, 235.71727, 165.94093, 228.86487, 135.75719, 222.48436, 104.71973, 217.42264, 231.65492, 211.03024, 202.25606, 204.00897, 172.1936, 197.02031, 141.55565, 189.55827, 110.2114, 186.23282, 238.40918, 179.19185, 208.81458, 171.96548, 178.47491, 164.28445, 147.67708, 156.76091, 116.15876, 154.44359, 245.20253, 146.83765, 215.34435, 139.11374, 184.9662, 131.29597, 153.8243, 123.14297, 121.84779, 122.01524, 252.02332, 114.02814, 221.80453, 105.99755, 191.56331, 97.534409, 160.00343, 88.992332, 127.92307, 89.175972, 258.88474, 80.73645, 228.5773, 72.2808, 197.73871, 63.515152, 166.43039, 54.706192, 133.96999;
  233.76776, 224.11736, 227.57637, 193.42757, 220.9653, 162.53848, 214.58176, 131.69836, 207.82999, 100.31025, 201.93916, 231.64174, 195.38158, 200.60655, 188.69682, 169.4418, 181.96725, 137.89511, 175.15202, 106.04247, 169.41267, 239.1898, 162.62651, 207.9308, 155.76038, 176.33047, 148.68275, 144.36021, 141.63408, 112.00777, 136.31215, 247.07159, 129.17126, 215.3277, 122.27321, 183.30832, 115.07166, 151.26556, 107.79889, 118.53738, 102.33476, 254.83304, 95.430603, 222.92595, 87.958496, 190.48509, 80.54097, 157.97867, 73.238503, 125.02234, 67.831108, 262.98535, 60.497887, 230.50252, 53.063187, 197.94226, 45.659477, 165.0472, 38.315819, 131.82097;
  224.65778, 230.51434, 218.15433, 200.06172, 211.88303, 169.4751, 205.32674, 138.70659, 198.68312, 107.47576, 192.84833, 238.33644, 186.00606, 207.33073, 179.54332, 176.44197, 172.70824, 145.10532, 165.73695, 113.16344, 160.00453, 246.30669, 153.20479, 214.95676, 146.08942, 183.41588, 139.14473, 151.56735, 131.96405, 119.26056, 126.33464, 254.7282, 119.18951, 222.94794, 112.01904, 190.85968, 104.68678, 158.56458, 97.095467, 125.46592, 91.410057, 263.22849, 84.056381, 230.91403, 76.543999, 198.33324, 68.963654, 165.41306, 61.357986, 132.15422, 55.546532, 271.95917, 47.876072, 239.08447, 40.211132, 206.08435, 32.396656, 172.6115, 24.679239, 138.83305;
  209.97523, 221.92839, 203.05568, 192.73645, 196.27582, 163.85701, 189.44016, 134.95853, 182.34026, 105.88637, 179.69595, 229.30042, 172.67947, 199.36366, 165.71996, 169.45032, 158.6174, 139.6174, 151.31587, 109.5446, 147.62781, 237.14575, 140.41136, 206.21072, 133.20697, 175.43181, 126, 144.5, 118.52592, 113.45187, 113.48592, 245.67714, 106.02193, 213.68814, 98.688698, 181.86459, 91.085381, 149.929, 83.618866, 117.92493, 77.010544, 254.58051, 69.475685, 221.59151, 61.666336, 188.58896, 53.978863, 155.61081, 46.201328, 122.49153, 38.440994, 263.80698, 30.479254, 229.78296, 22.557343, 195.9283, 14.660237, 161.88005, 7.0189843, 127.8949;
  257.37695, 192.36885, 258.0961, 165.80267, 258.64969, 138.5356, 259.5004, 110.55008, 260.25751, 82.029709, 230.11469, 194.07143, 230.35637, 166.75949, 230.68889, 138.88159, 231.03824, 110.08994, 231.41887, 80.598106, 201.23346, 195.66785, 201.19499, 167.56955, 201.26604, 139.0592, 201.2919, 109.85183, 201.07846, 79.16925, 171.34808, 197.36272, 170.51639, 168.53722, 170.12772, 139.13005, 169.64658, 108.98505, 169.05209, 77.656319, 139.5103, 198.85941, 138.53369, 169.38396, 137.50377, 139.33961, 136.51836, 108.34924, 135.60638, 76.458221, 106.02555, 200.4826, 104.68832, 170.32111, 103.09617, 139.41362, 101.48053, 107.66675, 100.05016, 74.65361;
  314.08691, 183.46507, 311.52682, 154.25452, 308.95081, 125.14992, 306.16721, 95.833687, 303.4588, 66.199226, 284.98337, 185.92958, 282.22128, 156.55623, 279.46176, 127.12982, 276.61053, 97.464691, 273.92188, 67.592239, 255.17986, 188.43777, 252.22012, 158.86916, 249.5, 129.39029, 246.53935, 99.231049, 243.39529, 68.788193, 224.99768, 191.19931, 221.98822, 161.39513, 218.88339, 131.16246, 215.76926, 101.11842, 212.58299, 70.323792, 194, 194.06714, 190.74574, 163.77324, 187.75447, 133.61241, 184.45398, 102.80916, 180.93994, 71.990105, 162.25388, 196.93158, 159.08893, 166.21758, 155.79613, 135.95691, 152.48134, 104.80864, 149.03271, 73.382111;
  453.4603, 192.5652, 452.70575, 162.69572, 452.1644, 131.7988, 451.28552, 100.10427, 450.34238, 67.3955, 423.18735, 195.52858, 421.98682, 165.42604, 420.66415, 134.35194, 419.3866, 102.59653, 418.37375, 69.526276, 392.52216, 198.35455, 390.60043, 168.01527, 389.3645, 136.92593, 387.67456, 104.84902, 386.17389, 71.628349, 361.54782, 201.3181, 359.34943, 170.83972, 357.48022, 139.56267, 355.38672, 107.24533, 353.39813, 73.905861, 330.07242, 204.15144, 327.66486, 173.5, 325.14725, 141.98135, 322.72473, 109.48387, 319.95847, 76.041527, 298.39307, 207.17944, 295.74911, 175.89241, 292.61847, 144.75255, 289.41098, 112.09778, 286.41647, 78.134033;
  476.9314, 173.10091, 474.4014, 143.15669, 472.10861, 112.39349, 469.88232, 80.835831, 467.43649, 47.691967, 447.08759, 178.26422, 444.21729, 148.50214, 441.49149, 117.7319, 438.50937, 85.310402, 435.85019, 52.214733, 416.56931, 183.87776, 413.27792, 153.60239, 410.32477, 122.58458, 407.16553, 90.620575, 403.61841, 56.806808, 386.32227, 189.36571, 382.51514, 159.12953, 378.74493, 127.81773, 374.86697, 95.51255, 370.80862, 61.915771, 355.37808, 194.95609, 350.95068, 164.38406, 346.5274, 133.05548, 342.11948, 100.35013, 337.49777, 66.542747, 323.9978, 200.5761, 318.99249, 169.87376, 314, 138.5, 308.92352, 105.467, 303.65775, 71.558525;
  489.10608, 162.87866, 485.4588, 132.53181, 481.56781, 101.37479, 477.93686, 69.486366, 474.23297, 36.326244, 459.21326, 169.23073, 454.94681, 138.98131, 450.65982, 108.11163, 446.35513, 75.731636, 442.14786, 42.320465, 428.52664, 175.84979, 423.95065, 145.39093, 419.4668, 114.31833, 414.61823, 82.019951, 409.9032, 48.530262, 398.1575, 182.39223, 392.69031, 151.92357, 387.74176, 120.68355, 382.59805, 88.581978, 377.16428, 54.681137, 367.16461, 189.0679, 361.35318, 158.577, 355.78412, 127.31747, 349.83734, 94.837349, 343.91922, 60.849777, 335.88901, 195.69305, 329.89377, 165.3167, 323.35623, 133.78107, 317.01279, 101.19026, 310.21375, 67.309494;
  522.7157, 186.40053, 528.09045, 151.08925, 533.43475, 115.20191, 538.91833, 78.858315, 544.39093, 41.641216, 486.16006, 181.81731, 490.81168, 146.86002, 496.02515, 111.24628, 501.1723, 75.167656, 506.31677, 38.208111, 449.87878, 177.54486, 454.48734, 142.74294, 459.22418, 107.39251, 463.99002, 71.146652, 468.8443, 34.465225, 414.63748, 173.05885, 418.77707, 138.55426, 423.08954, 103.6853, 427.5629, 67.935287, 432.16953, 30.936924, 379.87625, 168.76044, 383.80396, 134.58569, 387.76205, 99.787003, 391.6427, 64.210442, 396.03827, 28.021061, 345.83978, 164.25323, 349.26642, 130.47993, 353.0257, 95.939651, 356.6825, 60.903461, 360.63153, 24.978001;
  538.96515, 234.70474, 542.02325, 198.57768, 544.79785, 162.01112, 547.76019, 124.73394, 550.1908, 86.775734, 500.54388, 231.79962, 503.01331, 196.37056, 505.60025, 160.4622, 508.04929, 123.88323, 510.36719, 86.755478, 463.44736, 228.92519, 465.66119, 194.23459, 467.61636, 159.04573, 469.97964, 123.28648, 471.85397, 86.86895, 427.95261, 225.93504, 429.83698, 192.15166, 431.63815, 157.58142, 433.28311, 122.89113, 435.16022, 87.021042, 393.59949, 223.39659, 395.09216, 189.92093, 396.84109, 156.37517, 398.29895, 121.93795, 399.87061, 87.108353, 360.67654, 220.62485, 362.11179, 187.85083, 363.50928, 155.03807, 364.72446, 121.24548, 365.98553, 87.329224;
  500.01001, 240.51813, 504.33316, 206.65094, 508.90683, 171.6577, 513.52606, 135.99438, 518.11359, 99.254448, 463.97989, 237.17354, 467.64279, 203.3614, 471.93213, 168.97157, 476.07095, 133.57007, 480.35165, 97.128487, 428.37195, 233.91579, 431.9574, 200.19467, 435.48895, 165.87149, 439.41461, 131.01564, 443.30127, 95.034714, 393.94116, 230.39966, 396.8891, 197.23204, 399.98004, 163.19432, 403.30829, 128.51976, 406.66641, 92.661865, 359.67673, 227.1835, 362.49902, 194.04301, 365.23193, 160.59225, 367.98822, 126.06975, 370.95926, 90.43412, 326.07294, 223.62227, 328.78891, 190.87912, 331.07224, 157.53333, 333.55145, 123.32083, 335.96146, 88.043663;
  492.5896, 238.54071, 495.95828, 205.21172, 499.05966, 171.15805, 502.47534, 136.27643, 505.87744, 100.18574, 458.32935, 237.44888, 460.77704, 204.1425, 463.87991, 169.69125, 466.75424, 134.91356, 469.60352, 98.872787, 423.68796, 235.94888, 425.8783, 202.62347, 428.46048, 168.35112, 431.10703, 133.61053, 433.78415, 97.882278, 389.58258, 234.76782, 391.28992, 201.12497, 393.32559, 167.10812, 395.35257, 132.2178, 397.77576, 96.192093, 354.99783, 233.06935, 356.60928, 199.78682, 358.30591, 165.8183, 360.06058, 130.98985, 361.88919, 94.95282, 321.00974, 231.90543, 322.12509, 198.39091, 323.53, 164.33064, 324.77527, 129.32947, 326.08673, 93.502777;
  503.69778, 222.70027, 491.41345, 191.78375, 479.32632, 161.36223, 467.21664, 131.4068, 455.27161, 101.91132, 474.37595, 234.15755, 462.13623, 202.82344, 450, 172, 438, 141.73068, 426.51657, 111.67552, 443.97284, 245.73723, 431.86652, 214.04868, 419.98209, 182.58205, 408.5, 152, 396.81128, 121.6683, 413.05826, 257.58508, 401.23514, 225.48102, 389.73312, 193.87231, 377.98001, 162.62291, 366.5022, 131.94666, 381.56998, 269.849, 369.76205, 237.13055, 358.1174, 205.40417, 347.01096, 173.83304, 335.66995, 142.5, 349.28351, 282.32227, 337.67093, 249.10986, 326.35114, 216.86502, 315.20395, 184.99652, 304.0936, 153.55142;
  425.10266, 264.22635, 423.53583, 230.58974, 421.93301, 197.53568, 419.91992, 164.86156, 417.81955, 132.33394, 391.7915, 265.62314, 390.17065, 232.23578, 388.76318, 199.25272, 386.9744, 166.522, 385.21158, 134.31583, 358.56335, 266.72806, 357.147, 233.68729, 355.96628, 200.91489, 354.35776, 168.68419, 352.74149, 136.55811, 325.83075, 268.14365, 324.71158, 235.1917, 323.54446, 202.88737, 322.26813, 170.4689, 320.64355, 138.36427, 293.06738, 269.5, 292.44479, 236.72733, 291.36545, 204.45419, 290.37106, 172.25847, 288.9614, 140.47379, 261.23306, 270.80801, 260.40234, 238.26456, 259.51257, 206.05751, 258.60071, 174.24394, 257.50195, 142.54018;
  411.43362, 271.68527, 411.70432, 238.43883, 411.90039, 205.13567, 411.84406, 171.91585, 411.81952, 138.63435, 377.82437, 271.64285, 378.11777, 238.40858, 378.39636, 205.31192, 378.46451, 172.29358, 378.57068, 139.09966, 344.84122, 271.28925, 345.09918, 238.33345, 345.09219, 205.29807, 345.32327, 172.44751, 345.47815, 139.34483, 311.94989, 271.23563, 312.23846, 238.19041, 312.46945, 205.45728, 312.72501, 172.68843, 312.90436, 139.67749, 279.38998, 271.04929, 279.87299, 238.34241, 280.0101, 205.53673, 280.26178, 173, 280.29193, 140.12288, 246.96175, 270.54111, 247.46977, 238.02789, 247.99989, 205.67567, 247.77458, 173.32364, 248.17044, 140.74471;
  399.05872, 304.4057, 399.86707, 269.68219, 400.61664, 235.81215, 400.98071, 202.50246, 401.48578, 169.51263, 365.00171, 302.76166, 366, 268.57462, 366.90854, 235.02919, 367.68732, 202.03763, 368.43045, 170.138, 331.71164, 301.21857, 333.01794, 267.57635, 333.98071, 234.49754, 335.27094, 201.9836, 336.38367, 169.99886, 299.59036, 299.56052, 301.28555, 266.35431, 302.57974, 233.91501, 304.10846, 201.8511, 305.26285, 170.25346, 268.49069, 297.79221, 270.45386, 265.35956, 272.065, 233.35173, 273.59988, 201.77885, 275.25906, 170.65401, 238.03891, 296.26337, 240.23428, 264.19934, 242.23445, 232.65538, 244.22603, 201.61714, 245.84444, 171.17476;
  391.01279, 304.0202, 392.29083, 269.50818, 393.57718, 235.80185, 394.73651, 202.52615, 395.94263, 169.53723, 357.064, 301.77521, 358.5314, 267.66461, 360.07224, 234.46667, 361.61264, 201.67502, 362.95264, 169.32928, 323.92166, 299.58792, 325.84473, 266.19479, 327.46475, 232.90718, 329.08615, 200.88501, 330.60849, 168.78479, 291.71524, 297.7713, 293.86234, 264.67352, 295.75311, 232.16592, 297.57321, 199.92227, 299.45404, 168.41492, 260.40445, 295.58893, 262.71555, 262.97018, 265.13272, 231.0213, 267.09821, 199.33322, 269.01688, 168.22054, 229.76671, 293.5257, 232.5, 261.5, 234.9967, 230.04861, 237.35736, 198.64711, 239.74976, 167.88481;
  370.819, 300.55923, 373.30951, 267.12759, 375.84302, 234.31969, 377.96304, 201.5, 380.5769, 168.67683, 337.43625, 297.56024, 339.95956, 264.49042, 342.79614, 231.54781, 345.16986, 199.21376, 347.59641, 166.65884, 304.48706, 294.83893, 307.21494, 262.02347, 310.11694, 229.46776, 312.75983, 196.89624, 315.17975, 164.63681, 272.14517, 292.09061, 274.93298, 259.47192, 277.84921, 226.81001, 280.55975, 194.75041, 283.32297, 162.65424, 240.01132, 289.42151, 243.22104, 256.6153, 246.13315, 224.72371, 248.97972, 192.42882, 251.7554, 160.91997, 208.5643, 286.53546, 211.79646, 254.32822, 214.72148, 222.33324, 217.63638, 190.43176, 220.58777, 158.9521;
  401.73975, 300.40472, 401.6124, 265.08478, 401.72824, 230.51056, 401.57895, 196.64955, 401.22159, 163.68752, 368, 299.33591, 368.41699, 264.80618, 368.76382, 231.08844, 368.99838, 198.22507, 369.00662, 165.76077, 336.39719, 297.88446, 337, 264.30325, 337.5, 231.5, 338.0491, 199.3698, 338.30219, 167.80191, 306.35361, 296.90994, 307.31589, 264.06586, 308.13596, 232.14986, 308.79498, 200.85121, 309.53552, 170.07167, 277.72104, 295.76334, 279, 264, 280.16647, 232.89265, 281, 202, 282, 172, 250.3511, 294.85995, 252.10228, 263.80969, 253.44781, 233.21724, 254.74886, 203.58473, 256.00015, 174.2363;
  358.07925, 307.00671, 361.27048, 272.758, 364.18802, 239.33556, 366.91263, 206.36508, 369.65485, 174.17686, 325.66779, 303.40973, 328.89975, 269.87955, 332.15286, 236.90186, 335.13608, 204.8806, 337.93759, 172.8793, 294.46091, 299.85007, 297.66687, 266.9332, 301.26544, 234.73145, 304.41336, 202.96428, 307.41336, 171.96428, 264.37427, 296.58591, 268.03552, 264.12613, 271.63943, 232.59729, 275.04846, 201.59563, 278.23022, 171.05707, 235.26024, 293.1192, 239.43034, 261.543, 243.2663, 230.38725, 246.89095, 200.07233, 250.44054, 170.11583, 207.46417, 290.14297, 211.71651, 259.19171, 215.63989, 228.38779, 219.44699, 198.96378, 223.59874, 169.37691;
  331.23062, 301.63208, 334.86331, 268.83072, 338.47723, 236.65971, 341.80533, 205.0083, 345.20715, 174.0415, 299.27493, 297.75342, 303.05368, 265.35266, 306.76459, 233.56081, 310.5473, 202.23112, 314.33344, 171.46228, 267.90747, 294.09491, 271.90143, 261.90729, 275.86877, 230.51588, 279.59061, 199.11946, 283.67957, 168.85393, 237.36609, 290.30042, 241.45982, 258.49805, 245.70074, 227.30667, 249.69186, 196.98108, 253.9211, 166.34337, 207.25586, 286.65402, 211.90472, 255.38554, 216.20554, 224.24739, 220.61504, 193.94212, 224.81532, 164.1432, 177.77812, 283.13193, 182.69913, 252.03421, 187.26312, 221.64226, 191.82089, 191.61984, 196.37341, 162.05132;
  348.59921, 225.92319, 347.85025, 197.62569, 346.90308, 168.65405, 346.3071, 139.02116, 345.59024, 108.61072, 319.30157, 228.65216, 318.29764, 199.90358, 317.25397, 170.5247, 316.2121, 140.57642, 315.01904, 109.78627, 289.70712, 231.31241, 288.19016, 202.23012, 286.85153, 172.54179, 285.32306, 142.21426, 283.70798, 110.8363, 259.24655, 234.11441, 257.27997, 204.58014, 255.41264, 174.50937, 253.55548, 143.67639, 251.85822, 111.81067, 227.57234, 236.6993, 225.30794, 206.82454, 223.16397, 176.40256, 220.86044, 145.01083, 218.60944, 112.97681, 195.25742, 239.61183, 192.64467, 209.2791, 189.94453, 178.49779, 187.3446, 146.6163, 184.83353, 114.16647;
  353.2851, 218.86987, 352.05246, 190.78458, 351.07666, 161.89005, 350.02261, 132.30135, 348.91476, 101.70848, 324.36655, 222.03952, 323.07382, 193.60707, 321.64975, 164.07251, 320.11517, 134.1033, 318.68655, 103.25006, 294.78766, 225.33737, 293.03604, 196.49562, 291.39627, 166.87891, 289.48373, 136.4028, 287.57394, 104.86574, 264.60117, 228.9749, 262.37439, 199.37233, 259.95853, 169.20589, 257.94806, 138.4084, 255.54816, 106.35869, 233.20399, 232.21597, 230.55318, 202.51311, 227.88565, 171.87735, 225.13542, 140.31807, 222.32898, 107.96537, 200.92349, 235.77831, 197.84047, 205.52414, 194.52597, 174.34045, 191.33682, 142.43443, 188.17102, 109.73274;
  381.8656, 174.51282, 380.98917, 146.85284, 380.09668, 118.34598, 379.29343, 88.839386, 378.10211, 57.462929, 354.80731, 179.40036, 353.45166, 151.52353, 352.01666, 122.78117, 350.15756, 92.393173, 348.93866, 60.693642, 326.72375, 184.32515, 324.55038, 156.15773, 322.77637, 126.75447, 320.66992, 96.047928, 318.46747, 63.841022, 297.83884, 189.52547, 295.0542, 161.0603, 292.48038, 131.17818, 289.522, 99.974411, 286.50058, 67.117393, 267.56082, 194.7028, 264.28845, 165.6451, 260.70859, 135.50597, 257.3418, 103.80927, 253.20834, 70.521141, 236.36624, 200.16998, 232.08792, 170.59854, 227.9962, 139.99074, 223.53696, 107.73622, 218.58131, 73.785408;
  385.88754, 169.60381, 384.93564, 142.05797, 383.96011, 112.99849, 383.01877, 83.214767, 382.09088, 51.856018, 358.57849, 174.44759, 357.2316, 146.2119, 355.62592, 117.3609, 354.11185, 87.005821, 352.59448, 55.086239, 330.44705, 179.28064, 328.44843, 151.0999, 326.37442, 121.59235, 324.24734, 90.820374, 322.0834, 58.33041, 301.34882, 184.53972, 298.83456, 155.82054, 296.18753, 126.00314, 293.14087, 94.599403, 289.99579, 61.712475, 271.33441, 189.82382, 267.92023, 160.66791, 264.27838, 130.38283, 260.73425, 98.6409, 256.88126, 65.237251, 240.17365, 195.2722, 235.93484, 165.55672, 231.58871, 134.86905, 227.0564, 102.5954, 222.14996, 68.515732;
  265.71085, 240.39101, 263.36057, 207.80884, 260.91223, 175.45493, 258.80273, 143.04358, 256.34277, 110.24783, 233.10472, 242.97479, 230.9305, 210.53485, 228.77489, 178.1738, 226.33688, 145.82187, 223.92754, 113.27387, 200.97786, 245.1875, 198.66704, 213.075, 196.18044, 180.94655, 194, 148.47685, 191.3494, 115.90301, 169.22096, 247.60129, 166.94899, 215.58163, 164.5, 183.5, 161.95451, 151.29567, 159.51448, 118.88699, 137.6261, 249.92676, 135.5099, 217.98903, 132.99646, 186.03751, 130.49844, 154.01756, 128.08736, 121.63492, 106.43298, 251.97902, 104.17843, 220.34244, 101.64397, 188.64374, 99.35112, 156.76521, 96.959442, 124.61758;
  239.12982, 248.79297, 237.53029, 218.46313, 235.95174, 187.52509, 234.21553, 155.31728, 232.73511, 122.42989, 206.98251, 250.4968, 204.91331, 220.20265, 202.99748, 188.98209, 200.87099, 156.70828, 198.71416, 123.61284, 174.60727, 252.1712, 171.90004, 221.76741, 169.69339, 190.44194, 167.12564, 158.41153, 164.71439, 124.92706, 142.1703, 253.71255, 139.30945, 223.09061, 136.43575, 191.6962, 133.34691, 159.44965, 130.56833, 126.02652, 109.48398, 255.19821, 106.45103, 224.45567, 103.17547, 192.92799, 99.688591, 160.4678, 96.362427, 127.26411, 76.85759, 256.60071, 73.334053, 225.71803, 69.656723, 194.28758, 66.056442, 161.94499, 62.492645, 128.47997;
  339.94229, 265.98593, 332.29047, 232.87427, 324.94781, 199.85591, 317.04288, 166.95448, 309.29327, 134.2184, 307.16699, 274.37305, 299.69415, 240.99762, 292.28043, 207.34105, 284.53165, 174.36006, 276.85336, 141.07051, 274.02277, 282.60547, 266.35843, 248.77957, 258.82687, 215.07532, 251.26024, 181.6656, 243.62631, 148.28789, 239.92842, 291.16223, 232.79739, 256.91724, 224.99832, 223.22989, 217.47412, 189.21033, 209.88608, 155.45737, 205.6105, 299.63922, 198.05766, 265.18173, 190.73093, 230.98514, 182.99825, 197.04485, 175.25957, 162.73299, 170.39767, 308.08612, 162.98994, 273.72211, 155.58443, 239.02206, 147.95557, 204.66675, 140.34978, 170.34978;
  389.11844, 317.64822, 392.40067, 285.96149, 395.9852, 253.82712, 399.75369, 221.17328, 403.37265, 187.93001, 357.45856, 309.48138, 360.52029, 278.61633, 363.85559, 247.22701, 367.24628, 215.32245, 370.40906, 182.49799, 327.76303, 301.69757, 330.54489, 271.44461, 333.3317, 240.98576, 336.20096, 209.62798, 339.16022, 177.73761, 299.45956, 294.63211, 301.91901, 264.94543, 304.64999, 234.86937, 307.34872, 204.30075, 309.91531, 172.95705, 272.61157, 287.1423, 274.91806, 258.08142, 277.16821, 228.79561, 279.55203, 198.81139, 281.9765, 168.4991, 246.92113, 280.33832, 249.00519, 251.89333, 251.14012, 223.01921, 253.42023, 193.97839, 255.79842, 164.00136;
  534.4613, 282.06937, 539.61188, 252.04973, 544.91455, 221.99829, 549.77667, 191.31479, 555.00208, 160.5609, 501.78769, 275.37048, 506.46323, 246.19337, 511.4115, 216.45732, 516.42871, 186.32986, 521.0827, 155.71701, 470.34879, 269.10757, 474.71957, 240.20038, 479.28311, 210.9478, 483.76953, 181.49152, 488.50296, 151.46454, 440.13736, 262.81406, 444.18747, 234.44897, 448.42535, 205.95213, 452.82504, 177.00438, 457.28766, 147.42653, 410.75363, 256.79544, 414.75555, 229.03125, 418.83459, 201.06955, 422.901, 172.47873, 426.97256, 143.42262, 382.63882, 250.81371, 386.29272, 223.69473, 390.1452, 196.1781, 393.91083, 167.85707, 397.9711, 139.70224;
  522.61493, 214.4899, 527.91925, 182.15022, 533.27887, 148.9305, 539.21344, 114.91543, 544.5166, 80.014603, 487.93106, 207.99361, 492.491, 176.50612, 497.42035, 144.36996, 502.42587, 111.13103, 507.52216, 77.229744, 455.32272, 201.93974, 459.33627, 171.34792, 463.79367, 139.97868, 467.94379, 107.78114, 472.60147, 74.685371, 424.69806, 196.32527, 428.43777, 166.47467, 432.10397, 135.93166, 435.93866, 104.48515, 440.08521, 72.349304, 395.65842, 190.76979, 398.95581, 161.93948, 402.39548, 131.9951, 405.715, 101.52122, 409.40747, 70.410583, 368.40552, 185.51131, 371.36038, 157.11343, 374.09439, 128.30566, 377.18756, 98.550308, 380.49054, 68.091675;
  417.08871, 167.87352, 419.20343, 135.81232, 421.81918, 103.19599, 424.16669, 69.335602, 426.77112, 34.585052, 384.48538, 167.02075, 386.14111, 135.20442, 388.08493, 102.40717, 390.10834, 68.472458, 392.1821, 33.849564, 352, 166, 353.21136, 134.32727, 354.87866, 101.55788, 356.31406, 67.678902, 357.69662, 33, 319.8335, 165.14449, 320.76749, 133.35289, 321.69507, 100.71401, 322.72928, 66.837074, 323.8736, 32.127399, 287.60608, 164.12671, 288.17975, 132.36319, 288.80789, 99.55442, 289.26596, 66.076118, 289.95459, 31.361454, 255.87613, 162.74174, 256, 131.5, 256.02713, 98.689728, 256.12369, 65.172203, 256.13071, 30.607;
  325.2605, 176.89131, 328.05716, 147.35872, 331.30896, 116.44351, 334.5752, 83.726364, 337.72791, 49.589058, 295.47018, 178.78764, 297.63525, 148.46344, 300.09055, 116.59354, 302.57135, 83.567139, 305.01443, 48.050816, 264.04428, 180.31001, 265.42728, 149.5201, 267.07449, 117.36103, 268.9563, 82.881073, 270.69632, 46.662552, 231.06845, 182.17725, 231.85036, 150.64323, 232.68356, 117.34281, 233.42783, 81.902298, 234.25603, 44.808105, 196.05714, 183.85791, 196.11571, 151.50211, 196, 117.37478, 195.66312, 81.340889, 195.25807, 42.799561, 159.33713, 185.9371, 158.36842, 152.32829, 157.16953, 117.52481, 155.8129, 80.356979, 154.2244, 40.571896;
  311.01089, 233.86075, 312.09814, 204.24771, 313.12326, 173.45779, 314.29608, 141.52689, 315.25891, 108.53133, 279.41452, 231.63658, 280.00052, 202.00829, 280.47229, 171.31537, 281.05591, 139.40659, 281.59949, 106.39658, 248.19633, 229.29524, 248.13454, 199.67203, 247.97748, 169.11638, 248.0778, 137.19485, 248.12247, 104.00846, 217.08054, 226.93393, 216.55341, 197.24744, 216.13896, 166.80055, 215.71246, 134.86505, 215.02277, 101.81438, 186.37144, 224.6151, 185.38736, 194.86035, 184.35381, 164.31845, 183.08708, 132.4727, 182.05373, 99.625717, 155.56107, 222.1862, 154.20522, 192.33067, 152.38284, 162.04063, 151.2413, 130.18378, 149.61328, 97.485519]
