image_Width 1280
image_Height 720
board_Width 5
board_Height 6
square_Size 25.5
Camera_Matrix[1000.163861281016, 0, 651.2559701037053;
  0, 995.317633674131, 338.0639348173153;
  0, 0, 1]
Distortion_Coefficients[0.01638550904066734;
  0.01444478845850422;
  0;
  0;
  -0.0757379576371061]
Avg_Reprojection_Error 0.288218
Per_View_Reprojection_Errors[0.16877177;
  0.16777173;
  0.20925967;
  0.2148248;
  0.21594931;
  0.25640449;
  0.23559199;
  0.23522763;
  0.25019509;
  0.22028123;
  0.21664394;
  0.26347902;
  0.26546156;
  0.22313738;
  0.21534644;
  0.21602444;
  0.24233666;
  0.21800314;
  0.35501823;
  0.21360534;
  0.20327954;
  0.27890998;
  0.23319216;
  0.17345048;
  0.14253917;
  0.20500411;
  0.22097033;
  0.25930381;
  0.22712591;
  0.27864367;
  0.25132498;
  0.30607319;
  0.22770257;
  0.2986854;
  0.27435598;
  0.45743859;
  0.39613235;
  0.34147674;
  0.33375388;
  0.28245479;
  0.34598035;
  0.46805042;
  0.53033715;
  0.35157871;
  0.45484191;
  0.26982054;
  0.39934695;
  0.37563044;
  0.28234652;
  0.32098415]
Extrinsic_Parameters[2.158617987048763, -2.210886233409312, -0.03372155495887524, 62.95069535622869, 46.22757034041721, 429.5862802926601;
  2.155910998223796, -2.212153769254212, -0.03585218569542461, 62.79741619323035, 45.93549605597173, 429.504456910988;
  2.177556449473673, -2.22165046152249, 0.00133887335826061, 60.25244708868392, 42.10603572806206, 434.82577238599;
  -2.108838752027381, 2.220946114132913, -0.110329152313251, 57.97651965852111, 40.33592523387049, 454.3719739121864;
  -2.098715419838895, 2.199423045526465, -0.1540972409540309, 57.11729678783009, 35.44332154125443, 459.5077587793803;
  -2.080202098718095, 2.187532938304181, -0.1838612892762989, 54.96866671725431, 33.59663824253016, 461.008737330541;
  -2.064067175993432, 2.173789925449835, -0.2176836667107014, 53.62237884247993, 30.7027572315145, 463.3117513562751;
  -2.001224165349938, 2.152942680372108, -0.2586859683785157, 62.98039036898212, -1.309170718908254, 462.2840264434041;
  -2.000765215277873, 2.150204153251487, -0.2512329654334604, 64.00312734406852, -2.773678186636696, 461.5248708704332;
  -2.007134459383865, 2.151739638672115, -0.2340952920954341, 68.62661538239311, -7.922146691759459, 458.8205974483406;
  -2.016691006443523, 2.153855143210949, -0.220704673295205, 74.01035505813881, -12.40955054221209, 455.8978750543428;
  -2.051696628525173, 2.156612379257815, -0.1806967125201745, 107.2227357892234, -17.82597892616114, 456.3053798391578;
  -2.056137908738598, 2.154750785756713, -0.1688836793840015, 122.660478551534, -19.81601302657889, 457.6987483318328;
  -2.019400690174319, 2.105288229073913, -0.2211407667181332, 139.2422512990854, -23.0162487953177, 461.952925384634;
  -2.011682648664603, 2.106198983711952, -0.2268790824366651, 139.8145378881104, -23.26742191938575, 461.6355144227862;
  -1.994813593287834, 2.116763711746124, -0.21681552487387, 145.9147145853682, -22.82280790808678, 456.8764649823215;
  -2.004682657180318, 2.126158295989587, -0.2196689725029113, 161.2793480980077, -24.43837252753361, 454.0791890075053;
  -2.032871308118901, 2.147963709201881, -0.1752249437627333, 175.9121134921127, -24.1180322106583, 448.403012263747;
  -2.015150132893925, 2.181149045243519, -0.05144672723176946, 231.3098601844389, 33.61133862977739, 417.3830148777653;
  -1.965054978772292, 2.227082128534718, -0.2504492513650417, -118.6731197290193, 102.6341795564863, 435.2981171771241;
  -1.953784028831647, 2.222895191362954, -0.2698669014049799, -117.326274704629, 100.3735499531283, 438.3670669453675;
  -1.960971590634367, 2.205811490612986, -0.3242007929621326, -114.6018947803987, 88.0804800480566, 446.8007868766548;
  -1.968608949476185, 2.213182525426937, -0.3557268013424622, -112.0555216938287, 80.69871944883626, 447.6960685591914;
  -1.927938331873337, 2.202129952553136, -0.4509509140930778, -102.6921316705338, 52.91943548530794, 437.7785511897817;
  -1.923693781878691, 2.207135516045196, -0.4703351763782686, -101.8280707564195, 41.56082226121288, 431.6264692295566;
  -1.857783294536359, 2.175543542446431, -0.5393054976859464, -99.21423233071361, 22.95195867682935, 423.2584086077731;
  -1.846791392740453, 2.174606832176043, -0.545158474166405, -98.18164562770248, 20.84577323085404, 423.5525895585344;
  -1.816800355897241, 2.156941344424972, -0.5946359005884047, -75.24788518953965, 12.561228488102, 421.2227202139138;
  -1.817865862080126, 2.172766280300076, -0.5987248466230332, -66.26249886405955, 6.39347998494842, 417.9171864663973;
  -2.0325166986418, 2.372964881709672, -0.2228039427296953, 15.55913517319284, -22.82496871152001, 392.3166655488851;
  1.938518116085332, -2.228375794990417, -0.3042182756963269, 50.30496021915005, -11.82726481397118, 374.8142171341217;
  1.979429480362425, -2.128666551260809, -0.4246034023651795, 71.08953479758935, 2.438201498962052, 369.1665956127142;
  2.028624540200504, -2.146962195516801, -0.3271724386626327, 75.91225583094118, 4.203177418002679, 371.5627639148138;
  2.094346473362549, -2.252873526181943, -0.1185729981972417, 79.85682177277096, 3.145577789866064, 386.5391849938252;
  -2.083479332594668, 2.279069560450562, -0.09734337183765357, 83.03246566020393, 4.313244436370681, 404.0559289491815;
  1.856873440462541, -2.291025437497293, 0.1904163773211763, 48.50517096352926, 32.41236403555277, 368.2676223028382;
  -1.688546849846931, 2.360942853240989, -0.04504196862490532, -12.10606056316946, 21.89846755498066, 384.379615669389;
  -1.760968635282318, 2.310873903029472, -0.06178874596033115, -18.18560421829632, 31.06970218859589, 384.7968281098692;
  2.214176459235102, -1.870438798213301, -0.1856163409724169, -14.91088569852989, 63.34413934717882, 361.2240056637257;
  2.036067364573929, -2.38075414267301, 0.3067187560319429, 46.97171384118278, 58.56789965639731, 404.5805291538305;
  -1.986298983447459, 2.357708190401962, -0.2800474513191958, 49.85971531653769, 60.15757973790374, 404.77648633952;
  2.227580174093082, -1.9054620414199, -0.1259898882120903, 110.3317844465574, 116.85010994876, 383.6698990151093;
  2.254013207564742, -1.800884884070892, -0.1006111533088476, 118.7978814197009, 109.865906847033, 389.663937908734;
  2.053183022297986, -2.130727621831578, 0.05119685660382604, 111.3444582533697, 18.34079036225995, 392.940261336534;
  2.079079627709513, -2.075826282178716, -0.04720285065823723, 102.2220339901801, 22.47894534950623, 390.1589636632383;
  -2.051597657157763, 2.126856196285254, 0.4045914449518166, 45.99805743819503, 38.74169678024143, 392.0242706478416;
  -1.868849163894292, 2.391587260173706, 0.05447872041948459, 33.93305825922424, 45.0386855900684, 377.8781549684415;
  -2.177247342672628, 2.123816428775216, 0.2215763668364335, -69.20759405338467, 51.61016724935784, 374.5847760676238;
  -2.080859086338445, 2.140539021564393, -0.02746016097326322, 88.75130960821406, 47.24489766586698, 415.4261349793241;
  2.266815789411734, -2.134915116985159, -0.2110589438048527, 155.5866826914526, 43.77667289063989, 424.3536714085449]
Image_points[797.85748, 445.41339, 796.0647, 385.90073, 794.62982, 327.02411, 793.2608, 268.37817, 791.84198, 209.40709, 738.25299, 446.46777, 736.71582, 387.27872, 735.17981, 328.56464, 733.75958, 269.90991, 732.2522, 211.17641, 679.12592, 447.45798, 677.73572, 388.68445, 676.21295, 329.78326, 674.98889, 271.6015, 673.48511, 213.32925, 620.41626, 448.54022, 618.9823, 389.89621, 617.64825, 331.47073, 616.4209, 273.1521, 615.19952, 215.00177, 561.97302, 449.60464, 560.47278, 391.34769, 559.42383, 332.84763, 558.1557, 274.7854, 556.86414, 216.95676, 503.55679, 450.75464, 502.42007, 392.38962, 501.10278, 334.13828, 500.10797, 276.58551, 498.71518, 218.65862;
  797.51685, 444.78876, 795.83075, 385.31967, 794.0719, 326.39413, 792.52771, 267.7623, 790.99506, 208.56801, 737.81, 445.83658, 736.14899, 386.63647, 734.66254, 328.03476, 733.23499, 269.38089, 731.53796, 210.64452, 678.77277, 446.99695, 677.15637, 388.00281, 675.68945, 329.58395, 674.16626, 271.06522, 672.82324, 212.76207, 620.12024, 448.29218, 618.65393, 389.51834, 617.2179, 331.06296, 615.86047, 272.83817, 614.3382, 214.92863, 561.6095, 449.49203, 560.19055, 390.77878, 558.91382, 332.604, 557.48712, 274.4996, 556.0788, 216.5631, 503.13867, 450.54532, 502.06177, 392.31192, 500.79962, 334.30923, 499.41312, 276.45679, 498.07437, 218.52205;
  789.75714, 434.48273, 788.45557, 375.96494, 787.16919, 317.7439, 786.19855, 259.59915, 784.97894, 201.5929, 730.9679, 435.53598, 729.82111, 376.91992, 728.59961, 318.94122, 727.40698, 260.97974, 726.21161, 203.05455, 672.43939, 436.46936, 671.16498, 378.15915, 670.09583, 320.16144, 669.06049, 262.40591, 667.89893, 204.53561, 614.23529, 437.707, 613.08618, 379.3226, 611.94824, 321.2829, 611.00793, 263.73911, 609.78558, 206.00928, 555.8584, 438.75159, 554.79187, 380.4483, 553.76758, 322.67426, 552.75964, 264.90002, 551.60138, 207.30797, 497.35364, 439.75372, 496.48444, 381.56967, 495.23141, 323.92764, 494.63303, 266.17661, 493.60751, 208.53415;
  779.03503, 426.4223, 775.93549, 370.38657, 773.07751, 314.55316, 770.599, 258.83789, 767.81598, 203.0406, 723.44489, 429.90054, 720.58331, 373.55573, 717.56683, 317.46228, 714.85931, 261.46298, 712.22144, 205.20192, 667.56177, 433.37308, 664.55066, 376.74753, 661.57275, 320.35855, 658.77954, 263.93246, 656.02258, 207.41701, 611.08588, 437.02704, 608.03748, 380.05359, 605.1842, 323.1282, 602.20648, 266.34958, 599.48608, 209.69411, 553.52612, 440.53995, 550.53625, 383.30838, 547.56519, 326.20901, 544.69, 268.94772, 541.73694, 211.88855, 495.13791, 444.20004, 492.17886, 386.48309, 489.23343, 329.00101, 486.34848, 271.58142, 483.26776, 214.03075;
  775.64575, 414.93433, 772.95673, 359.431, 770.30505, 304.22195, 767.83044, 249.30618, 765.47717, 194.0162, 721.18567, 417.96042, 718.42566, 362.2294, 715.88379, 306.64017, 713.44775, 251.21635, 710.97498, 195.51065, 666.05334, 421.30338, 663.29211, 365.0347, 660.65137, 309.11624, 658.1554, 253.05351, 655.52509, 197.14586, 610.10565, 424.86746, 607.3689, 367.91287, 604.75177, 311.34476, 602.1886, 255.1393, 599.49872, 198.70378, 552.87585, 427.86276, 550.12634, 370.97726, 547.59308, 313.90961, 545.01996, 257.10168, 542.37708, 200.21634, 494.62305, 431.54501, 491.98053, 373.78345, 489.18741, 316.46497, 486.71384, 259.15143, 484.0322, 201.7224;
  770.63702, 410.41031, 767.68903, 355.3291, 764.88684, 300.38464, 762.24438, 245.64346, 759.76013, 190.57779, 716.63525, 413.99362, 713.70447, 358.34946, 710.81177, 302.87311, 708.2536, 247.43706, 705.6601, 192.10895, 661.77032, 417.47879, 658.95404, 361.37265, 656.16101, 305.40646, 653.43317, 249.48312, 650.67505, 193.50984, 606.04974, 421.26694, 603.1615, 364.43054, 600.31366, 307.93332, 597.54999, 251.49281, 594.66968, 195.0172, 548.78058, 424.94821, 545.8385, 367.53949, 543.08093, 310.49817, 540.27399, 253.57271, 537.3681, 196.44502, 490.14063, 428.77725, 487.29422, 370.65491, 484.44598, 312.95947, 481.63022, 255.49196, 478.78741, 197.87314;
  767.17859, 404.008, 764.09735, 349.02924, 761.16949, 294.56674, 758.47217, 239.90485, 755.89978, 185.20876, 713.72302, 407.48666, 710.71503, 352.08282, 707.8053, 296.75171, 705.0835, 241.62401, 702.51343, 186.52487, 659.4444, 411.14847, 656.5094, 355.039, 653.5144, 299.19553, 650.71765, 243.46538, 647.91101, 187.58949, 604.08185, 414.87469, 601.10931, 358.11838, 598.1134, 301.68256, 595.18268, 245.27324, 592.20221, 188.93398, 546.87555, 418.71997, 543.91412, 361.28809, 540.96674, 304.26193, 537.97504, 247.05435, 535.05859, 189.91205, 488.31729, 422.70853, 485.34616, 364.50882, 482.23615, 306.78244, 479.30447, 248.96458, 476.30594, 191.04071;
  787.5, 335, 783.64929, 280.35623, 780.04095, 225.44113, 776.38666, 170.39738, 773.0202, 114.99673, 735.39972, 339.13266, 731.51471, 283.59381, 727.68616, 227.85306, 723.91077, 172.15352, 720.37054, 116.02677, 682.11749, 343.47427, 678.07666, 287.02542, 674.1712, 230.45074, 670.21863, 173.85519, 666.30304, 117.00474, 627.24884, 347.67657, 623.15021, 290.26059, 619.05591, 233.08919, 614.91516, 175.57237, 610.70435, 118.01151, 570.27289, 352.09509, 565.97711, 293.99875, 561.73486, 235.70819, 557.54108, 177.38977, 552.97314, 118.88797, 511.70078, 356.66376, 507.12271, 297.57126, 502.68918, 238.50845, 498.14383, 179.24664, 493.64554, 119.60786;
  790.12476, 331.95575, 786.11072, 277.31332, 782.70844, 221.94312, 779.27417, 167.02994, 776.08081, 111.2242, 737.72662, 335.9574, 733.98962, 280.15234, 730.18304, 224.45749, 726.67847, 168.49792, 723.13422, 111.99894, 684.36139, 340.01657, 680.46643, 283.52518, 676.62109, 226.91116, 672.70837, 170.15642, 668.92529, 112.92561, 629.51416, 344.32544, 625.53241, 286.90515, 621.3028, 229.42825, 617.29346, 171.8344, 613.22754, 114.07246, 572.48175, 348.64377, 568.21515, 290.37949, 563.95966, 232.16383, 559.79364, 173.57532, 555.54688, 114.69318, 513.80829, 353.23621, 509.32358, 294.00549, 504.86926, 234.93178, 500.34967, 175.51117, 495.93927, 115.52874;
  800.97894, 320.79141, 797.34741, 265.3335, 794.03723, 210.06126, 790.7384, 154.3353, 787.71149, 98.362434, 748.2334, 324.52722, 744.62396, 268.51501, 741.1012, 212.36635, 737.74487, 155.98438, 734.4472, 99.068855, 694.56787, 328.48041, 690.8266, 271.45786, 687.12421, 214.5869, 683.42963, 157.41995, 679.74432, 99.843178, 639.33972, 332.48422, 635.56238, 274.70215, 631.60858, 217.03819, 627.70648, 159.01793, 623.65253, 100.63249, 582.07916, 336.48804, 577.99927, 277.96542, 574.02521, 219.45285, 569.909, 160.45981, 565.8493, 101.37478, 523.3183, 340.79541, 518.83948, 281.36386, 514.57001, 221.92326, 510.5538, 162.22023, 506, 102;
  813.77051, 310.96738, 810.35175, 255.18092, 807.26727, 199.37086, 804.20239, 143.28508, 801.44855, 86.637894, 760.64288, 314.4122, 757.14673, 257.87747, 753.89685, 201.40768, 750.8092, 144.50162, 747.58447, 87.268929, 706.49707, 317.96353, 703.01526, 260.76199, 699.53882, 203.4007, 696.04681, 145.95364, 692.62073, 87.995552, 651.13483, 321.62265, 647.34991, 263.46085, 643.75238, 205.4906, 640.07404, 147.19963, 636.2373, 88.366905, 593.63477, 325.33521, 589.72498, 266.5184, 585.87708, 207.74651, 582.07159, 148.55739, 578.12994, 88.97422, 534.66565, 329.19299, 530.50336, 269.51105, 526.42139, 209.97308, 522.29303, 149.81485, 518.22656, 89.513939;
  886.57098, 299.29871, 884.28302, 243.47565, 882.10413, 187.52109, 880.17395, 131.18242, 878.43732, 74.503441, 833.35333, 301.70279, 831.05237, 245.46263, 828.73578, 188.88707, 826.74396, 131.93095, 824.54419, 74.480095, 779.56549, 304.16821, 777.19446, 247.11159, 774.84045, 190.05356, 772.39545, 132.73048, 769.88141, 74.69136, 724.91608, 306.77103, 722.35376, 249.19464, 719.61176, 191.41261, 717.01343, 133.38763, 714.22101, 74.929436, 668.44495, 309.36371, 665.58972, 251.1393, 662.72974, 192.87057, 659.93134, 134.03967, 657.13977, 74.936569, 610.6311, 312.00043, 607.46942, 253.0773, 604.5376, 194.06339, 601.52466, 134.65166, 598.38721, 74.922157;
  919.69806, 294.88443, 917.64929, 239.17717, 915.95331, 183.46277, 914.21533, 127.23009, 912.84686, 70.699249, 866.89166, 297.34702, 864.52136, 241.15227, 862.87579, 184.65036, 861.16388, 127.73775, 859.51434, 70.733856, 813.50323, 299.6409, 811.4538, 242.88329, 809.34814, 185.76608, 807.17566, 128.5748, 805.2019, 70.797852, 759.22601, 302.02737, 756.92004, 244.48071, 754.56055, 186.88754, 752.08771, 129.08075, 749.8363, 70.868317, 703.25983, 304.49017, 700.69208, 246.41164, 698.11707, 188.24313, 695.68762, 129.63161, 693.08704, 70.723961, 646.03894, 306.86865, 643.17603, 248.18344, 640.44403, 189.42218, 637.67181, 130.1821, 634.98743, 70.521378;
  953.44562, 288.39212, 952.01447, 233.0215, 951.104, 177.44623, 950.13574, 121.63101, 949.41492, 65.340729, 903.05426, 290.36365, 901.62933, 234.24002, 900.39154, 178.0172, 899.54395, 121.40179, 898.71436, 64.184761, 851.9151, 292.44019, 850.5, 235.42871, 849.17889, 178.27895, 847.80823, 120.84388, 846.54749, 62.995552, 799.34796, 294.57111, 797.95013, 236.68594, 796.20337, 178.62187, 794.65167, 120.35617, 792.98645, 61.698334, 744.85608, 296.50903, 742.9751, 237.86378, 741.30389, 179.03107, 739.56799, 119.94569, 737.69812, 60.42643, 688.78528, 298.55237, 686.59601, 239.19038, 684.74902, 179.51891, 682.62573, 119.35455, 680.65338, 58.885983;
  954.89142, 287.82623, 953.38666, 232.32028, 952.18152, 176.80116, 951.00122, 120.9669, 950.0462, 64.594879, 904.70154, 289.93619, 903.02869, 233.98155, 901.68396, 177.49487, 900.47723, 120.78841, 899.36786, 63.532707, 853.60352, 292.20407, 851.97589, 235.35611, 850.35339, 178.07242, 848.91827, 120.37521, 847.29211, 62.646217, 801.26886, 294.55124, 799.48572, 236.68111, 797.62836, 178.56476, 795.8501, 120.23326, 793.90204, 61.525475, 746.63483, 296.90771, 744.70447, 238.20055, 742.69855, 179.18597, 740.71606, 119.97415, 738.92761, 60.069378, 690.82837, 299.20093, 688.34052, 239.59142, 686.04956, 179.72192, 683.97198, 119.63092, 681.65643, 58.794147;
  971.48334, 288.30292, 969.39893, 232.22047, 967.8045, 176.14934, 966.23041, 119.53185, 964.75269, 62.309662, 920.88104, 291.28195, 918.83923, 234.48131, 916.97394, 177.48761, 915.2818, 120.00504, 913.64856, 62.020332, 869.49841, 294.38986, 867.22351, 236.85875, 865.2865, 178.94745, 863.20203, 120.774, 861.10767, 61.874653, 816.94946, 297.47333, 814.49561, 239.08174, 812.02991, 180.40024, 809.63226, 121.23294, 807.12219, 61.604023, 762.08447, 300.78842, 759.33069, 241.38336, 756.70819, 181.86076, 753.89502, 121.79147, 751.43622, 61.258476, 705.76733, 304.22235, 702.72235, 243.74147, 699.64496, 183.41187, 696.82355, 122.40482, 693.78345, 60.748558;
  1007.4128, 284.38672, 1005.2191, 228.03632, 1003.5172, 171.72853, 1001.7285, 114.77409, 1000.1761, 57.46228, 956.70508, 287.35736, 954.54828, 230.24892, 952.60291, 173.07166, 950.7774, 115.26733, 949.08875, 57.08453, 905.44159, 290.19107, 903.09399, 232.40347, 900.88733, 174.21878, 898.8042, 115.8234, 896.57251, 56.815678, 852.7901, 293.09067, 850.43109, 234.70033, 847.64929, 175.52287, 845.24976, 116.31654, 842.62402, 56.671524, 797.9046, 296.32288, 795.16101, 236.7345, 792.55286, 177.08977, 789.82056, 116.81322, 787.14642, 56.019573, 741.73792, 299.42923, 738.66302, 239.03011, 735.65265, 178.44925, 732.76013, 117.47259, 729.51202, 55.735783;
  1044.8898, 284.50244, 1042.9166, 227.26645, 1041.2014, 170.17554, 1039.6052, 112.52518, 1038.1196, 54.506744, 992.57458, 287.13193, 990.54266, 229.4789, 988.72284, 171.60648, 987.07776, 113.63786, 985.50061, 54.812283, 939.64703, 290.10236, 937.6554, 231.79994, 935.6203, 173.04118, 933.69495, 114.20163, 931.63086, 54.795631, 885.77954, 292.90338, 883.6535, 233.85776, 881.2774, 174.69191, 879.03375, 114.94076, 876.70044, 54.995567, 829.99957, 295.97821, 827.53961, 236.24348, 825.10474, 176.22881, 822.79224, 115.7606, 820.38824, 55.081413, 773.185, 298.95395, 770.37091, 238.35489, 767.63409, 177.82329, 764.96771, 116.83886, 762.12201, 55.203762;
  1207.7665, 418.62753, 1206.7114, 357.89343, 1205.9457, 296.72256, 1205.25, 234.9832, 1204.3163, 172.14635, 1151.1508, 424.51877, 1149.6812, 363.41556, 1148.5776, 301.79294, 1147.5668, 239.4039, 1146.4105, 176.16, 1094.1394, 430.62689, 1092.322, 368.966, 1090.8416, 306.76999, 1089.1577, 243.99895, 1087.4413, 180.13478, 1036.2075, 436.84167, 1034.1754, 374.74557, 1032.0397, 312.01691, 1029.8602, 248.46014, 1027.6249, 184.33475, 976.58929, 442.96948, 973.9574, 380.3403, 971.41595, 317.12323, 968.92358, 253.31419, 966.39813, 188.70999, 915.85956, 449.11469, 912.73755, 386.04242, 909.61273, 322.34625, 906.66229, 258.2384, 903.68073, 192.98975;
  378.23917, 573.42133, 370.603, 515.04681, 363.39597, 457.35596, 355.93149, 399.58047, 348.50211, 341.39899, 316.7301, 583.76721, 309.04147, 524.95801, 301.67249, 466.2598, 294.02069, 407.70059, 286.48868, 348.77811, 253.58665, 594.69879, 245.69472, 535.23285, 237.97929, 475.59418, 230.23843, 416.04132, 222.49303, 356.24896, 188.56689, 606.2301, 180.59093, 545.63232, 172.63197, 485.06598, 165.19229, 424.53082, 157.23735, 363.84106, 121.94221, 617.52802, 113.64695, 556.00385, 105.43047, 494.78323, 97.439766, 433.47214, 89.491264, 371.71432, 53.234161, 629.17767, 45.050194, 566.79132, 36.768654, 504.61057, 28.772791, 442.23566, 20.780746, 379.90244;
  383.08832, 566.37622, 375.52026, 508.91245, 367.91873, 451.43695, 360.55319, 394.00079, 352.819, 336.42166, 322.28961, 577.19421, 314.49158, 518.75708, 306.8074, 460.46054, 299.06854, 402.15109, 291.3468, 343.6492, 259.33078, 588.55029, 251.50819, 529.21271, 243.53336, 469.91699, 235.84068, 410.75549, 227.72923, 351.38785, 194.74808, 600.29688, 186.47525, 539.88043, 178.57274, 479.45349, 170.60378, 419.46432, 162.65411, 359.10968, 128.1951, 611.86774, 119.77147, 550.59497, 111.40956, 489.55313, 103.27997, 428.34497, 95.204979, 366.9147, 59.563148, 623.81317, 50.941978, 561.56519, 42.510342, 499.49438, 34.56588, 437.4447, 26.351067, 375.24728;
  394.74741, 534.84412, 387.98804, 477.87878, 381.35013, 421.48758, 374.85187, 365.07019, 368.10364, 309.01337, 334.64484, 544.35602, 328.3447, 486.31876, 321.52335, 429.10504, 314.7244, 371.96414, 307.90146, 314.87418, 272.84283, 554.28705, 266.05478, 495.64386, 259.27802, 437.17038, 252.70821, 379.05301, 245.94543, 320.95795, 208.87511, 564.50043, 202.05035, 504.77554, 195.28279, 445.47272, 188.75868, 386.33221, 181.94658, 327.30734, 142.66925, 575.10419, 135.87564, 514.1933, 129.02847, 453.98758, 122.28182, 393.86575, 115.51732, 333.76764, 74.729691, 585.74139, 67.599365, 523.89911, 60.928947, 462.57675, 54.06015, 401.56451, 47.615444, 340.59982;
  400.88107, 518.01648, 394.3548, 461.03436, 388.0083, 404.82397, 381.63461, 348.89639, 375.21729, 293.02731, 341.28687, 526.98535, 334.73444, 469.28671, 328.36887, 412.11948, 322.11694, 355.14606, 315.57059, 298.29306, 279.50229, 536.42645, 273.11966, 477.6459, 266.58344, 419.58655, 260.30161, 361.50397, 253.98775, 303.88251, 215.72395, 546.29242, 209.19984, 486.4902, 203.04465, 427.20535, 196.86949, 368.36145, 190.75798, 309.74908, 149.55962, 556.16968, 143.48003, 495.40729, 137.20126, 435.06564, 131.04161, 375.14124, 124.75354, 315.52136, 81.47348, 566.43433, 74.997536, 504.57391, 69.006287, 443.3389, 63.114296, 382.44745, 56.919678, 321.69473;
  416.31464, 458.52631, 408.8837, 400.87845, 401.62228, 343.78677, 394.40073, 287.10614, 387.12683, 230.75803, 355.79538, 467.65625, 348.54199, 408.92325, 341.16345, 350.67279, 334.20355, 292.81, 326.79355, 235.07404, 292.84854, 477.3316, 285.56818, 417.2168, 278.21701, 357.73187, 271.04248, 298.58984, 263.94122, 239.81223, 227.31168, 487.33597, 219.83519, 425.84567, 212.64549, 365.02127, 205.58408, 304.58981, 198.52058, 244.58177, 158.22189, 497.87717, 151.13235, 435.06332, 144.00569, 372.60275, 137.02493, 310.98254, 130.04222, 249.60835, 86.573677, 508.63483, 79.397186, 444.30545, 72.567787, 380.65952, 65.758911, 317.73489, 59.006748, 255.08145;
  415.02573, 433.96838, 407.27301, 375.83969, 399.38089, 318.10028, 391.98428, 260.93906, 384.35776, 204.02495, 353.69138, 443.00299, 345.95102, 383.61798, 338.34598, 324.55743, 330.95068, 266.07632, 323.26373, 207.98819, 289.57532, 452.53302, 282.07211, 391.46606, 274.48508, 331.14212, 267.11868, 271.41006, 259.73163, 211.94395, 222.87872, 462.16544, 215.42677, 399.80618, 207.97766, 338.02484, 200.66087, 277.08176, 193.39619, 216.53731, 152.71242, 472.49673, 145.38963, 408.73407, 138.07339, 345.42548, 131.0097, 283.11414, 123.91503, 221.02255, 79.424957, 483.18564, 72.196564, 417.74594, 65.237122, 353.16028, 58.472511, 289.26752, 51.558537, 225.92593;
  416.67337, 392.25186, 407.3418, 333.03964, 397.66696, 274.32037, 388.79779, 216.45915, 379.51144, 158.37895, 354.68454, 401.702, 345.15659, 340.9075, 335.89758, 280.7435, 326.85425, 221.20802, 317.43338, 161.47516, 289.47546, 411.47742, 279.90649, 349.01273, 270.7684, 287.11624, 261.39316, 225.80048, 252.06105, 164.84254, 220.82024, 421.81348, 211.1945, 357.60196, 201.8759, 293.90704, 192.68369, 230.91762, 183.47198, 168.42993, 147.86758, 432.86386, 138.22725, 366.68622, 128.98859, 301.19052, 119.79945, 236.46454, 110.6976, 171.9968, 70.549629, 444.5004, 61.183403, 376.26291, 52.000423, 308.95978, 43.265903, 242.53853, 34.615833, 176.28903;
  419.33234, 387.19049, 409.52515, 328.28079, 399.75003, 269.63345, 390.37836, 211.5816, 380.56937, 153.61903, 357.48767, 396.86084, 347.71942, 336.28131, 337.98462, 276.07614, 328.31104, 216.40678, 318.92249, 156.92371, 292.48389, 406.94836, 282.50607, 344.37958, 272.88718, 282.51956, 263.32181, 221.24371, 253.49437, 160.21991, 224.05978, 417.56027, 214.02371, 353.11398, 204.2083, 289.45819, 194.42738, 226.3739, 184.95421, 164.00214, 151.07574, 428.79434, 141.02686, 362.54688, 131.10146, 296.82504, 121.72609, 232.18506, 112.26091, 167.76587, 73.827354, 440.70276, 64.01944, 372.33591, 54.411457, 304.96606, 44.887886, 238.38858, 35.850513, 172.05775;
  472.69446, 368.23956, 462.02713, 308.91437, 451.46136, 250.17424, 441.09293, 191.9679, 430.83328, 133.88762, 412.65143, 377.38535, 401.94641, 316.48212, 391.33548, 256.0928, 380.96619, 195.94736, 370.60809, 136.28812, 349.20673, 387.06158, 338.54019, 324.21545, 327.63708, 261.8707, 317.27216, 200.29405, 306.60126, 138.76915, 281.98032, 397.39621, 271.17978, 332.39301, 260.28, 268.20959, 249.81337, 204.76515, 239.08235, 141.6851, 209.89818, 408.29483, 199.01492, 341.33426, 188.14592, 275.07843, 177.67546, 209.50189, 166.99693, 144.37906, 133.02403, 420.27548, 122.24426, 350.80832, 111.41868, 282.42871, 101.04483, 214.90289, 90.787987, 147.78456;
  492.67163, 353.40338, 481.52606, 294.20251, 470.47021, 235.41965, 459.6922, 177.04282, 448.90833, 118.89947, 432.73425, 362.7753, 421.46027, 301.65259, 410.46732, 241.11082, 399.69592, 181.15373, 388.77344, 121.22784, 369.45932, 372.21338, 358.05844, 309.23285, 347.0235, 246.84038, 336.05157, 185.17058, 325.04263, 123.65429, 302.27728, 382.44662, 291.0867, 317.32553, 279.8923, 253.00783, 268.65512, 189.56252, 257.5361, 126.48665, 230.51559, 393.35248, 219.03168, 326.37219, 207.78725, 259.89487, 196.76025, 194.23465, 185.72798, 129.0856, 153.69025, 405.08832, 142.31389, 335.60059, 131.15088, 267.25934, 120.13856, 199.50104, 109.37188, 132.35268;
  691.2782, 280.56546, 680.7215, 217.21004, 670.07727, 154.61656, 660.0022, 93.026619, 649.86554, 31.578901, 626.90717, 289.82834, 616.61481, 226.1044, 606.56903, 163.17224, 596.58759, 100.96432, 586.64246, 38.87447, 561.97394, 298.96542, 551.91901, 234.80913, 541.89801, 171.14423, 532.32086, 108.529, 522.66193, 46.323154, 495.9877, 308.16687, 486.3446, 243.26283, 476.68753, 179.41457, 467.37811, 116.41133, 457.85266, 53.873722, 428.92267, 317.75848, 419.60214, 252.42328, 410.11469, 187.9725, 400.87704, 124.32958, 391.75992, 61.185116, 360.45297, 327.13614, 351.41452, 261.38525, 342.35669, 196.52362, 333.46814, 132.63896, 324.8194, 68.945976;
  785.36511, 306.83594, 775.82367, 239.47165, 766.54498, 172.24629, 757.04712, 105.05765, 747.54767, 37.574417, 719.41687, 316.2402, 710.09491, 250.08423, 700.72406, 184.23735, 691.51849, 118.16515, 682.07776, 51.895454, 655.75244, 325.34702, 646.22479, 260.34586, 637.12244, 195.3701, 627.85474, 130.69595, 618.70459, 65.503036, 593.87506, 334.05756, 584.72614, 270.0954, 575.62952, 206.34169, 566.77417, 142.78476, 557.94122, 78.79908, 534.18005, 342.52069, 525.31512, 279.70676, 516.21698, 217.04752, 507.42636, 154.17688, 498.32285, 91.361099, 475.96011, 350.94147, 467.01083, 289.03278, 458.4787, 227.24217, 449.83185, 165.64044, 441.16736, 103.75113;
  843.82855, 345.00082, 838.87756, 276.01901, 833.74878, 206.67877, 828.7395, 137.25095, 823.4621, 66.881317, 776.4751, 348.71561, 771.30011, 281.43436, 766.15936, 213.8896, 760.91132, 146.04175, 755.37476, 77.444809, 711.82135, 352.44354, 706.58539, 286.55487, 701.35773, 220.59694, 696.008, 154.43182, 690.4967, 87.469452, 650.06427, 355.96677, 644.67542, 291.71475, 639.5047, 227.08275, 634.44659, 162.32562, 628.97021, 97.053139, 590.72479, 359.23767, 585.4444, 296.43353, 580.06976, 233.21034, 574.78113, 169.93237, 569.38477, 106.09685, 533.53827, 362.54355, 528.29205, 301.02524, 523.08624, 239.28577, 517.89337, 177.3399, 512.56506, 114.60202;
  855.64417, 349.38339, 851.71515, 281.00473, 848.0163, 212.40758, 844.39728, 143.66734, 840.65833, 74.034531, 787.31042, 352.56589, 783.35931, 285.56509, 779.50482, 218.29434, 775.64063, 150.79607, 771.69177, 82.529404, 721.22656, 355.73666, 717.28723, 289.76306, 713.18201, 223.68158, 709.31006, 157.51656, 705.39349, 90.567253, 657.79352, 358.75461, 653.59393, 293.96692, 649.74768, 229.00484, 645.93768, 164.02843, 641.99365, 98.521507, 596.31769, 361.40408, 592.1936, 297.87964, 588.0639, 234.15628, 584.20947, 170.15059, 580.12354, 105.90289, 536.29102, 364.41742, 532.20447, 301.68863, 528.40588, 239.14565, 524.60114, 176.31479, 520.52704, 113.13413;
  857.56677, 346.37396, 852.96729, 280.47, 848.36725, 214.82419, 843.70642, 149.24269, 839.37128, 82.949982, 791.33966, 350.87177, 786.45837, 285.47894, 781.92834, 220.52731, 777.28931, 155.35495, 772.62811, 89.700424, 725.88513, 355.47339, 721.16144, 290.72372, 716.53784, 225.85205, 711.77545, 161.18918, 707.0329, 96.07077, 661.65143, 360.3432, 656.78113, 295.71341, 651.97797, 231.30247, 647.34784, 166.92752, 642.76483, 102.47388, 597.52649, 364.77335, 592.78729, 300.6257, 587.89514, 236.6954, 583.45856, 172.74042, 578.69562, 108.53067, 533.96771, 369.29016, 529.2384, 305.50644, 524.53882, 241.93422, 520.05573, 178.38821, 515.41406, 114.6908;
  856.8158, 348.80447, 850.98413, 285.99323, 845.4278, 223.39459, 839.89032, 161.03101, 834.50305, 98.011391, 794.85925, 354.33118, 788.87335, 291.48621, 783.27148, 228.5303, 777.83484, 165.81787, 772.37451, 102.78879, 732.31732, 360.18393, 726.52875, 296.73233, 720.90082, 233.40855, 715.16522, 170.55026, 709.58679, 107.39525, 669.45422, 365.92264, 663.74695, 302.11768, 657.99695, 238.58052, 652.02374, 175.39874, 646.3454, 112.03181, 605.26544, 371.95233, 599.41345, 307.78183, 593.63959, 243.85658, 587.97504, 180.14438, 582.16901, 116.49832, 540.35077, 377.83252, 534.45911, 313.32465, 528.71399, 249.11313, 523.00824, 185.32774, 517.211, 121.09891;
  782.12268, 425.48242, 766.57306, 359.43765, 751.84326, 295.46884, 737.50873, 233.48317, 723.45209, 172.84938, 714.9671, 439.87537, 700.48425, 373.6391, 686.60748, 309.63809, 673.06927, 247.26851, 659.77435, 186.35503, 647.44183, 454.01834, 634.09296, 387.60712, 621.15179, 323.1947, 608.5611, 260.86203, 596.06665, 200.03137, 580.13849, 468.29013, 567.75671, 401.58316, 555.73212, 337.12378, 544.19495, 274.68649, 532.7428, 213.60799, 512.67175, 482.83487, 501.45203, 416.19525, 490.31085, 351.37433, 479.60126, 288.62119, 468.82352, 227.36057, 444.9725, 497.42148, 434.64661, 430.56638, 424.64096, 365.89966, 414.93484, 302.88925, 405.02856, 241.47272;
  619.03448, 394.54861, 598.51709, 332.60968, 577.47223, 269.0639, 555.94293, 204.23308, 533.55676, 137.2429, 556.60193, 417.72144, 534.96759, 355.3176, 512.91846, 291.32547, 490.23941, 225.98837, 466.68445, 158.57655, 492.77332, 441.47827, 470.06009, 378.43335, 446.89877, 314.04611, 422.8851, 248.10904, 398.14331, 180.09497, 427.28149, 465.42606, 403.48547, 402.18134, 379.26837, 337.12836, 354.14343, 270.56906, 328.03671, 202.13153, 359.99109, 489.56958, 335.18848, 425.88495, 309.44739, 360.66171, 283.24759, 293.81866, 256.03403, 224.86987, 291.13068, 514.11029, 265.07172, 450.11172, 238.29633, 384.55399, 210.95087, 317.37805, 182.57594, 248.08829;
  603.52557, 418.2283, 586.66107, 355.30045, 569.46173, 291.10211, 551.76801, 225.52293, 533.4278, 158.04739, 539.6524, 437.78217, 521.65936, 374.10999, 503.49225, 309.40726, 484.98419, 243.10304, 465.44016, 175.21307, 474.15576, 457.96259, 455.40134, 393.60443, 435.99881, 328.23007, 416.229, 261.52969, 395.70203, 192.86005, 407.10193, 478.39569, 387.42706, 413.53339, 366.94034, 347.40787, 346.1557, 279.97543, 324.40784, 210.68704, 338.01266, 498.81607, 317.0004, 433.40656, 295.65576, 367.05157, 273.80173, 299.02505, 250.96907, 229.11461, 267.0173, 519.80273, 245.18228, 454.15805, 222.65587, 386.99725, 199.72649, 318.51553, 175.80121, 248.03922;
  610.4826, 512.81976, 622.7439, 442.97333, 634.7392, 374.14404, 646.92566, 305.92441, 658.66119, 238.02489, 545.06177, 499.0687, 557.38556, 430.81985, 569.63879, 362.90884, 581.45874, 295.8714, 593.3526, 229.14954, 481.44614, 485.88812, 494.03055, 418.58633, 506.13162, 352.04837, 518.23639, 286.27997, 530.38885, 220.64828, 420.34665, 473.06918, 432.60934, 406.83075, 445.29767, 341.41342, 457.62097, 276.95224, 469.88681, 212.69966, 361.29895, 460.61566, 374.09235, 395.65305, 386.7417, 331.45172, 398.73523, 267.99274, 411.0047, 204.56638, 304.23389, 448.47647, 317.11957, 384.52597, 329.68945, 321.68057, 342.3512, 259.24139, 354.42636, 197.19865;
  767.64148, 482.65384, 756.2981, 420.16928, 745.25824, 358.70233, 734.60651, 298.68845, 724.10742, 239.22372, 706.12335, 493.09064, 695.26056, 429.99741, 684.47021, 368.10303, 674.3916, 307.40213, 664.19269, 247.19733, 643.88947, 503.73975, 633.17084, 439.92981, 623.18896, 377.38531, 613.1933, 316.16937, 603.44025, 255.49434, 580.69568, 514.64105, 570.61023, 450.09055, 560.65308, 386.85751, 551.03204, 324.83594, 541.79041, 263.68286, 515.7616, 525.95703, 506.25641, 460.53799, 496.58444, 396.7377, 487.48843, 333.87634, 478.41013, 272.09592, 449.38263, 537.49542, 440.04147, 471.38974, 431.24542, 406.573, 422.52295, 343.23489, 414.00958, 280.76788;
  774.74316, 486.61969, 762.68024, 424.11313, 751.1319, 362.53906, 739.70941, 301.79761, 728.59021, 241.42618, 713.59534, 498.28168, 702.06189, 435.18225, 690.5141, 372.92114, 679.5683, 311.51254, 668.46729, 250.57895, 651.69745, 510.33197, 640.33496, 446.27917, 629.08997, 383.52063, 618.24738, 321.24884, 607.31366, 259.66321, 588.83014, 522.51874, 577.66943, 457.94144, 566.73041, 394.16312, 555.96472, 331.4827, 545.16095, 269.30716, 524.04163, 535.23676, 513.13391, 469.67053, 502.40747, 405.31528, 491.90668, 341.71991, 481.40463, 278.84842, 457.66208, 547.89948, 446.95114, 481.60809, 436.62979, 416.52417, 426.46243, 352.46039, 416.30743, 288.79147;
  940.18237, 642.29486, 949.52344, 575.49854, 958.62036, 509.78888, 967.53131, 444.96881, 976.42072, 380.40399, 872.38989, 628.375, 881.7655, 562.55408, 891.16193, 497.89548, 900.30981, 434.03894, 909.43073, 370.60666, 806.5481, 614.74774, 816.08789, 550.02594, 825.70221, 486.27512, 835.06787, 423.44461, 844.1297, 360.98715, 742.59637, 601.59283, 752.42371, 538.02887, 762.00348, 475.19354, 771.84045, 413.24438, 780.83136, 351.89893, 680.16119, 588.7428, 690.2384, 526.01489, 700.04773, 464.41925, 709.78876, 403.24817, 719.44336, 342.72464, 619.2851, 576.32019, 629.54102, 514.53912, 639.7373, 453.72379, 649.54053, 393.78937, 659.3996, 334.13998;
  957.50372, 619.81671, 970.5, 555, 983.17273, 491.24463, 995.8587, 428.59317, 1008.1306, 366.40198, 891.27618, 601.99957, 904.22253, 538.46838, 917.1886, 475.83401, 929.78009, 414.2894, 942.47528, 353.18213, 826.95911, 584.78137, 840.19574, 522.4281, 853.29614, 460.94016, 866.21967, 400.48441, 878.99213, 340.51755, 764.97369, 568.33392, 778.33813, 506.80753, 791.64441, 446.50925, 804.80499, 387.17444, 817.6972, 328.38724, 704.5564, 552.21692, 718.28192, 491.93005, 731.53278, 432.46704, 744.88599, 374.16489, 757.95282, 316.48761, 645.98328, 536.49347, 659.70691, 477.164, 673.35089, 419.14478, 686.90436, 361.84323, 700.07532, 304.9382;
  934.64465, 384.87076, 930.14856, 320.76233, 925.64661, 258.33582, 921.09113, 197.41685, 916.93939, 137.07349, 868.81433, 387.2511, 864.97559, 323.66226, 861.07446, 261.62637, 857.20782, 200.76108, 853.60492, 141.11134, 803.41803, 389.8212, 800.37531, 326.57703, 797.36102, 264.61966, 794.19946, 204.24409, 791.02985, 145.03598, 739.50677, 392.17822, 737.01672, 329.36264, 734.4975, 267.84866, 732.04224, 208.04799, 729.43005, 149.08777, 675.93439, 394.90903, 674.0061, 332.52673, 672.25482, 271.5451, 670.16974, 211.73409, 668.28351, 152.96471, 612.79993, 397.56235, 611.63464, 335.4599, 610.49164, 274.81332, 608.9903, 215.66739, 607.62384, 157.38313;
  912.73438, 395.25882, 911.75659, 330.47015, 910.70093, 266.92688, 909.69061, 204.67101, 908.83221, 142.93358, 846.47778, 395.27908, 845.96436, 331.23743, 845.23944, 268.27338, 844.91351, 206.5486, 844.31421, 145.47205, 781.41925, 395.35889, 781.34235, 331.90506, 781.31818, 269.60712, 781.11243, 208.60413, 781.00378, 147.96841, 717.89978, 395.58609, 718.23657, 332.64346, 718.67114, 270.86551, 719.0014, 210.30646, 719.35284, 150.53409, 655.21667, 395.74481, 655.96735, 333.51477, 656.94556, 272.39056, 657.59686, 212.23016, 658.29102, 152.80479, 593.62073, 395.78989, 594.52283, 334.25787, 596.00134, 273.87454, 597.25629, 214.1722, 598.26471, 155.45874;
  768.3858, 435.93216, 767.6778, 375.20825, 766.92371, 311.85297, 766.26801, 245.7067, 765.60016, 176.80283, 703.37085, 437.49554, 701.35706, 376.8812, 699.16034, 313.76688, 696.97577, 247.99379, 694.76715, 179.40269, 638.99927, 438.63956, 635.59052, 378.32486, 632.01373, 315.53903, 628.61005, 250.24884, 624.96112, 182.01013, 575.67029, 439.69614, 570.8822, 379.66153, 566.02911, 317.16092, 561.29712, 252.35709, 556.22589, 184.44122, 512.60553, 440.1933, 506.58051, 380.56107, 500.56619, 318.70514, 494.29874, 254.29044, 487.75531, 186.88774, 450.22217, 441.14841, 442.9205, 381.68201, 435.64587, 320.13803, 428.2579, 256.16202, 420.30856, 188.89661;
  740.37561, 456.47287, 725.07751, 392.01236, 709.57715, 326.53802, 693.76904, 259.94144, 677.91193, 192.4854, 675.23291, 473.689, 659.31183, 409.02747, 643.17963, 343.32968, 626.93591, 276.90067, 610.27155, 209.15189, 609.62817, 490.71387, 593.12109, 425.88037, 576.44202, 360.41663, 559.65332, 293.77289, 542.36035, 225.91728, 543.89697, 507.73148, 526.81305, 442.7384, 509.59634, 377.12125, 492.07544, 310.55316, 474.1861, 242.83957, 477.52948, 524.36469, 459.9599, 459.47308, 442.06177, 394.01978, 423.96237, 327.50153, 405.2887, 259.55624, 410.96576, 541.23846, 392.6405, 476.3595, 374.1864, 410.74747, 355.50565, 344.35202, 336.22025, 276.55231;
  466.29156, 474.95718, 465.44928, 408.99667, 464.61865, 341.62225, 464.00778, 272.71713, 463.11618, 202.05707, 398.73477, 473.32431, 397.2236, 407.37872, 395.79846, 339.66675, 394.27295, 270.8212, 392.78922, 200.1579, 331.66617, 471.31168, 329.15735, 405.26282, 326.71793, 337.80106, 324.59827, 269.0433, 322.3335, 198.35388, 264.75726, 469.41479, 261.49307, 403.38342, 258.26978, 335.88217, 255.31015, 267.12802, 252.40002, 196.36816, 197.6571, 467.2348, 193.84796, 401.224, 189.71204, 333.84857, 185.66423, 265.16943, 181.88913, 194.63544, 130.502, 465.10791, 125.65746, 399.20477, 121.10876, 332.02499, 116.50332, 263.14807, 112.00254, 192.49995;
  864.69647, 451.16583, 864.8429, 390.6539, 864.97986, 329.54028, 864.91901, 267.62347, 865.1181, 204.94586, 805.25525, 454.43188, 804.89398, 393.42023, 804.31366, 331.68079, 803.85486, 269.27734, 803.50824, 206.02859, 744.81726, 457.47897, 743.8446, 395.89584, 742.96155, 333.76376, 742.16168, 270.96744, 741.24622, 207.16307, 683.45416, 460.65076, 682.17847, 398.55637, 680.73425, 335.91608, 679.41492, 272.71588, 678.05859, 208.2394, 620.67297, 463.31171, 618.90649, 400.8548, 617.03595, 337.95483, 615.36035, 274.16174, 613.71387, 209.41406, 556.91113, 466.1669, 554.79065, 403.31122, 552.60516, 339.96991, 550.3186, 275.84546, 548.21088, 210.73833;
  1018.5994, 440.71487, 1023.794, 381.61551, 1029.2783, 321.58371, 1034.7073, 261.24326, 1040.1521, 199.7361, 957.13275, 436.4686, 961.85632, 377.57712, 966.72876, 317.81659, 971.67444, 257.72473, 976.83179, 196.7952, 896.289, 432.08939, 900.53906, 373.22116, 905.10132, 314.05496, 909.61249, 254.47372, 914.06726, 193.83885, 836.14917, 427.75037, 840.17346, 369.29062, 844.22522, 310.48328, 848.40039, 251.25491, 852.65875, 190.93858, 776.50763, 423.15829, 780.22742, 365.15884, 783.95776, 306.7731, 787.72308, 247.81242, 791.66394, 188.20618, 717.70441, 418.49933, 721.08136, 360.99551, 724.44867, 302.99023, 728.00629, 244.59709, 731.5675, 185.28873]
