image_Width 640
image_Height 480
board_Width 4
board_Height 11
square_Size 24.8
Camera_Matrix[685.7260139178976, 0, 312.0849215393305;
  0, 687.0264927303239, 272.5687344146707;
  0, 0, 1]
Distortion_Coefficients[-0.4184349795870634;
  0.342047312961861;
  0;
  0;
  -0.2484774599912682]
Avg_Reprojection_Error 0.301439
Per_View_Reprojection_Errors[0.19665191;
  0.17611517;
  0.16992943;
  0.16916466;
  0.17708413;
  0.17511199;
  0.29072163;
  0.23471484;
  0.20133089;
  0.20167707;
  0.49017456;
  0.50296623;
  0.58520424;
  0.42574385;
  0.43830606;
  0.65866894;
  0.56426024;
  0.51074302;
  0.44112158;
  0.44607058;
  0.5375151;
  0.67241096;
  0.64838535;
  0.37418532;
  0.31586805;
  0.24448426;
  0.20940197;
  0.17313883;
  0.26723182;
  0.30706882;
  0.26909065;
  0.32063624;
  0.19049466;
  0.24141614;
  0.22388399;
  0.20476738;
  0.2087732;
  0.16818842;
  0.18058072;
  0.18367328;
  0.17557067;
  0.20815054;
  0.2328119;
  0.2250641;
  0.39452708;
  0.17246924;
  0.18996468;
  0.16588651;
  0.16344376;
  0.21366905;
  0.18775639;
  0.2033238;
  0.2932674;
  0.21461894;
  0.17562816;
  0.29242143;
  0.21820688;
  0.24275175;
  0.17770705;
  0.1689232;
  0.18303965;
  0.20531954;
  0.18554115;
  0.17804611;
  0.18555509;
  0.18083054;
  0.18785551;
  0.1701005;
  0.18627772;
  0.17222369;
  0.14591464;
  0.31164753;
  0.28453261;
  0.16264898;
  0.18208215]
Extrinsic_Parameters[1.979427544796771, -2.033064337214285, -0.0848988131099092, 110.7178083867485, 128.259126004712, 643.6374210960537;
  1.977108752098087, -2.032111723615288, -0.09128592048232014, 110.8929095105155, 128.3252466145356, 643.6973995301647;
  1.978792631488814, -2.030153745000781, -0.09076554148663311, 110.7593051543701, 128.5958776323663, 644.5578155151769;
  1.9777255780832, -2.029937590286689, -0.09564310888734585, 109.2615114975234, 128.8739003093693, 642.8884930524191;
  1.979261615672395, -2.030299510533426, -0.09966094262419896, 108.9292643627533, 128.5889999779925, 643.0602922780649;
  1.977192549766061, -2.027879556594323, -0.09624246355535805, 108.5486443845015, 127.9302925045445, 642.4705099074847;
  1.940332028163833, -1.985880870915571, -0.5361732147454809, 143.77915678123, 114.4507766558418, 673.7967062623959;
  -2.120383951401733, 2.176678578281543, 0.5113484766729567, 156.2723056897433, 124.1458213535816, 742.2507451856028;
  -2.08085765168675, 2.047041798093992, 0.1470559881557808, 125.2850582172108, 148.3472137538125, 764.5977860711695;
  -2.096213860434297, 1.996140288570262, -0.1398842902728307, 120.2253429833428, 170.0678477676074, 712.8765527237491;
  2.054003412695796, -2.410324359678729, -0.3800563277091196, 134.7878329357566, 7.326475987394939, 463.8020901419521;
  -1.973039071386348, 2.307651366942698, 0.3875606750416116, 134.6634520791241, 10.7076748588845, 472.5285644533215;
  -1.956518347034497, 2.275879310780986, 0.4097780320779808, 134.0386423155391, 14.59478005975644, 481.2182481894575;
  -1.82396491079368, 2.470995059146433, 0.3799731894662597, 101.1567094464216, 112.1139636275089, 607.6388034641252;
  -1.807958418230975, 2.421738375898864, 0.4074613935607495, 99.17812343181322, 106.9357143817124, 614.2055789043961;
  -2.01297853596331, 2.097261813084639, 0.2511520556307251, 33.50830736135369, 58.65245703587677, 649.3383118131477;
  -2.067372423149117, 2.056653262250882, 0.2256712466447861, 23.37018256508217, 55.26214419709959, 645.8727938141428;
  -2.148387408397255, 2.001421409453019, 0.1832068996580042, 8.654752935747116, 55.61522627953851, 639.1731564486296;
  -2.190306260725409, 1.687786463505505, 0.2144539791096121, -16.81211890549604, 29.97629568315218, 680.2653710971662;
  -2.243323547530901, 1.64048947424782, 0.2572163804333125, 1.658760008514745, 22.8359638761218, 669.3617129422015;
  1.789021216158369, -2.503406449740017, 0.02576014077642198, 182.6987960509401, -82.35076599289998, 581.2468351907033;
  1.439055998475856, -2.631920138497102, 0.1474904575523471, 177.9765512923518, -115.1439888462149, 604.1318859334155;
  1.390739902538434, -2.647872376646701, 0.1567509333985223, 175.1752151133863, -118.0144813635831, 609.6436565320167;
  1.576959027870561, -2.699214385963219, -0.05982601862028437, 90.14262723362474, 46.20365366139181, 749.1555857038471;
  2.693291728618303, -1.616576228832097, 0.007979303612400504, -11.39550775658376, 140.4317321458438, 744.4980814036284;
  2.760054568502834, -1.536932057646813, 0.05533716903110125, -22.68803508842645, 142.6014428139511, 748.1369466966064;
  -2.734168159015462, 1.389757221060052, -0.06371535159661368, -40.50541151865983, 144.981291531868, 760.3046576053714;
  -2.620898110664103, 1.158388699108688, -0.1927938343491519, -77.42095010558819, 129.7180839475932, 813.8351867137948;
  -2.870213581446297, 1.021854625910917, -0.3687004335272844, -45.10125058937749, 129.1550946785521, 756.6243038723685;
  2.961412057119018, -1.082962639698517, 0.3674793113240584, -38.16372668385343, 129.1975713783478, 746.4993613753564;
  1.048176884091809, -2.454097300301861, 0.1826619665224206, 32.02721541601946, -106.4502584843621, 721.4818387142923;
  -1.467650986358785, 2.455625373334602, 0.5091994781463303, 120.7849876337047, 30.72796312782912, 941.5939073486991;
  1.66463075144567, -2.163418896409711, 0.5171855169531793, -245.8304935157548, 205.2969460425533, 1097.590650874646;
  1.928063727683596, -2.482781633798513, 0.3254173586729384, -157.8228627935577, 280.1543388375462, 1160.604559246837;
  -1.891308503215944, 2.33190136864117, -0.262396051549576, -141.2477495837442, 291.5455102452737, 1170.839034599018;
  -1.9825546423473, 1.977492936224035, -0.1442700774129554, -90.83779337019634, 316.681789125903, 1163.683577802962;
  2.251804236687603, -2.049011790881508, -0.006901587177989473, 116.0780273582669, 204.233224546179, 878.7819442400001;
  -2.377299579174344, 2.08989478852561, 0.06546019551735631, 116.5558466519316, 211.2346594524376, 890.3545251828419;
  -2.234105706176409, 1.613532888403179, -0.5161409342741834, 52.88705080401312, 225.2197170816709, 978.5880243816733;
  -2.216270141924102, 1.562700626926779, -0.3889289347311443, 55.97841929441017, 236.7234265227129, 988.4879012913824;
  -2.359862676160526, 1.811434068992358, -0.2696420990808995, 162.6931684925735, 301.8272031684264, 1107.610219745425;
  1.682779140998721, -2.219241357679137, 0.3412507174150218, 435.0866683054058, 65.36431243542906, 858.1189421780576;
  -2.102098453762304, 1.933506920112431, 0.2284296186108214, 292.5598558873014, 63.21636160023795, 979.9961799589428;
  -2.16195616174709, 1.819687647370641, 0.3026155183717758, 149.0781394426925, -138.5719072882852, 1014.409360814472;
  2.196956876851674, -2.276175177025622, -0.2658566841253385, 186.6627354871065, -183.2534245687975, 1024.347983535841;
  2.504489939033567, -2.19122956358598, -0.1215956172849608, -18.51086686839724, -153.5847346058643, 1097.000302940395;
  2.469608249765261, -2.188605480350155, -0.1481381648933005, -16.9448776675042, -155.6277440333813, 1093.336270043634;
  2.298322011750939, -2.159764600405052, -0.2831417587401204, -7.38868661452797, -162.0671749605899, 1077.501282634075;
  2.096269773539696, -2.078878773940173, -0.3044619587194308, 5.888128677899965, -149.8827921083958, 1115.15907302731;
  -1.968021817717094, 1.789808571186045, -0.7865497665453185, -282.9753610690594, -131.8462582002202, 1211.232254459615;
  -1.539829281899342, 2.073525888263722, -0.6042904082995991, -238.1283829505326, -132.8095477233273, 1228.385796124136;
  -1.911174417740567, 1.786713870770396, -0.5886864787745707, -129.8228275062546, -92.72375363486076, 1212.134043717393;
  -2.212358833142996, 1.829257699010259, -0.7352513775333371, -29.17237388203379, -49.02352119632364, 992.4700994861501;
  -2.257629309821216, 1.761724293320862, -0.2138926482597542, -34.73176663124946, 87.58491925685776, 986.4378184618328;
  -2.080225229762434, 2.234657790245864, -0.3614770107211506, 363.9074109459688, 72.08786990527374, 946.9639002687226;
  -2.510772258084269, 1.624249301641076, 0.1132302079403347, 34.68658972567835, 101.5924017471461, 1073.455786762974;
  1.269735499709895, -2.2703973494335, 0.1983465356459723, -47.1563319024989, -57.77571415787792, 890.0292665603993;
  -1.692492747059295, 2.454326175322402, 0.2244035373132432, 217.424690241041, -24.58725312881564, 940.7978862007323;
  -2.158819872002479, 1.573953095612545, -0.2907674493748098, 180.3119811364444, 69.66454795681364, 1097.81113726506;
  -2.304909400694715, 1.565440661341795, -0.1276390878310079, 197.4734699771475, 79.71730267764553, 1084.598361537003;
  -2.372300878265696, 1.585971583569895, -0.04944442676151656, 209.6361813522275, 83.50828605304177, 1074.229506656102;
  1.280043431270185, -2.342527046816122, -0.2436409698791197, 174.4341821454543, -58.75859070983982, 933.3975882939301;
  1.309314295103976, -2.307408099421915, -0.005975116333437966, 123.2615678332268, -63.49309409141502, 984.0419094923755;
  1.349927084144405, -2.255486507215069, 0.1365652182287057, 104.3647131101253, -64.23569852894693, 1006.127068375323;
  1.40615528055128, -2.18215350157777, 0.2919019318940558, 91.20531259712799, -61.99478293066247, 1026.194755591761;
  1.826191716837151, -2.067038699223049, 0.5622468856260083, 76.66982524704017, -11.24531785761873, 1083.788284157616;
  2.24518932466115, -2.104892088496197, 0.1482127877864946, 76.95825654667247, 47.06931868052111, 1130.714983554867;
  2.470215824886385, -1.89867345022385, -0.4845894540841852, 34.14839264577539, 73.53982296022312, 1191.950835277722;
  2.417422192155691, -1.824627601544031, -0.6238753010564331, 22.33114372809607, 72.9981785094261, 1185.977748891601;
  2.034269470975924, -1.787091083646607, -0.8224168332315971, -63.34253205272871, 54.05755954356658, 1159.06122490955;
  2.222463476839923, -2.278402037389942, 0.2063551290629836, -249.7332180381131, 82.86707033863488, 1304.02516894867;
  -2.084882068645284, 2.03951543230479, -0.08170023654455533, 42.19887408598112, 52.44731328680161, 1096.861310323583;
  -2.1305877622045, 1.992029163402354, -0.0960059311030901, 48.84404703192804, 54.57583646526435, 1093.939084188996;
  2.204670530962452, -2.022906557123372, -0.1038632956079841, 102.6968600225426, 24.0533535259738, 993.8706325711634;
  2.169428522223342, -2.050426529260853, -0.07502831327640579, 108.5335727145162, 26.35991315624255, 980.0586350172222]
Image_points[426.65686, 405.76553, 426.24435, 354.58411, 425.14804, 304.08157, 423.58948, 254.15532, 401.42014, 381.00928, 400.71924, 330.19296, 399.57364, 280.05557, 398.04797, 230.70374, 376.68027, 406.76541, 376.1109, 356.2623, 375.32504, 306.18707, 374.24652, 256.48068, 351.44165, 381.83884, 350.97696, 331.88629, 350.29388, 282.57166, 349.65897, 233.50243, 327.04752, 407.1261, 326.7189, 357.41867, 326.4136, 307.89047, 326.02615, 259.02518, 302.88467, 382.47043, 302.62958, 333.08627, 302.25848, 284.88058, 302.13434, 236.5191, 279.08896, 407.03241, 279.13525, 358.01892, 279.20538, 309.77203, 279.36221, 261.99597, 255.88806, 382.39224, 256.02191, 334.17099, 256.44214, 286.63867, 257.13715, 239.8367, 233.69054, 406.18652, 233.48996, 358.32544, 233.8582, 311.07855, 234.44414, 264.39505, 211.55705, 382.0629, 211.73116, 335.1066, 212.37714, 288.74765, 213.81091, 242.67288, 190.05009, 405.08429, 190.42354, 358.62796, 190.9111, 312.1499, 191.92943, 266.61469;
  427.06509, 405.78867, 426.18335, 354.59552, 425.15396, 304.27826, 423.71564, 253.99988, 401.40067, 381.09595, 400.76239, 330.37036, 399.71219, 280.20779, 398.17773, 230.78058, 376.73425, 406.80231, 376.20602, 356.33838, 375.47818, 306.4769, 374.42401, 256.62228, 351.74738, 381.81284, 351.26257, 331.97818, 350.62643, 282.39545, 349.83844, 233.53406, 327.15659, 407.04031, 326.99133, 357.4516, 326.67554, 307.88626, 326.20694, 259.17844, 303.15695, 382.42184, 302.9408, 333.39853, 302.91064, 284.5705, 302.58255, 236.7442, 279.55386, 406.9744, 279.47232, 358.31845, 279.64297, 309.90222, 279.66168, 261.92874, 256.45801, 382.47977, 256.41565, 334.21506, 256.75443, 286.85355, 257.34973, 239.8159, 233.95869, 406.16251, 233.95786, 358.91284, 234.47026, 311.17117, 235.01059, 264.62234, 212.12411, 382.28668, 212.32561, 335.2865, 212.79185, 288.92471, 214.10353, 242.76849, 190.76009, 405.14981, 190.98412, 358.82907, 191.25777, 312.60275, 192.45445, 266.90833;
  426.5863, 405.8511, 426.07916, 354.73053, 425.21356, 304.33148, 423.61057, 254.34306, 401.38306, 381.27216, 400.57367, 330.45255, 399.72119, 280.30453, 398.34949, 231.0186, 376.43515, 406.82672, 376.07498, 356.37701, 375.48431, 306.46246, 374.36874, 256.70026, 351.42258, 381.91299, 351.05103, 332.40457, 350.74039, 282.57825, 349.94046, 233.87852, 327.14648, 406.95776, 326.97986, 357.50702, 326.84717, 308.24536, 326.3367, 259.23239, 303.07196, 382.40015, 302.90836, 333.34308, 302.84729, 284.87988, 302.90567, 236.83791, 279.55136, 406.87808, 279.48505, 358.06647, 279.57892, 309.82257, 279.81482, 262.09552, 256.43481, 382.29843, 256.45117, 334.28177, 257.0231, 286.83484, 257.47318, 239.92207, 233.97089, 405.98334, 234.06133, 358.20084, 234.44371, 311.06665, 235.13023, 264.46198, 212.10129, 381.86334, 212.35603, 334.98242, 213.02188, 288.5397, 214.39413, 242.77666, 190.76006, 405.11002, 191.10693, 358.53329, 191.46419, 312.40482, 192.72284, 266.89651;
  425.5759, 406.55457, 424.87549, 355.47946, 423.91733, 304.58716, 422.30334, 254.52579, 399.91391, 381.62427, 399.42331, 331.09637, 398.22879, 280.67892, 396.93097, 231.18839, 375.03082, 407.36694, 374.69141, 356.8179, 373.95767, 306.56027, 373.07541, 257.12799, 350.1243, 382.5062, 349.86395, 332.39929, 349.22006, 282.85495, 348.50809, 233.97797, 325.8309, 407.59229, 325.56461, 357.96393, 325.26312, 308.58002, 324.99396, 259.60812, 301.74286, 383.0239, 301.39462, 333.66614, 301.55344, 285.09799, 301.35757, 237.08591, 278.10486, 407.55319, 277.89969, 358.67184, 278.14648, 310.14374, 278.46207, 262.22833, 255.11031, 382.8533, 254.98001, 334.85413, 255.53174, 287.04968, 256.24124, 239.9424, 232.45644, 406.49353, 232.60786, 358.88126, 232.73886, 311.81946, 233.78131, 264.92996, 210.78183, 382.51245, 210.94649, 335.49796, 211.61508, 288.95059, 212.91127, 243.00809, 189.33789, 405.27792, 189.81029, 359.06436, 190.14841, 312.66071, 191.27176, 266.71146;
  425.0491, 406.24548, 424.54596, 355.052, 423.55542, 304.23499, 422.10327, 254.19756, 399.46463, 381.50479, 399.06564, 330.48157, 398.03079, 280.41425, 396.61105, 230.78271, 374.53625, 407.03738, 374.39148, 356.42148, 373.8566, 306.35889, 372.90372, 256.51639, 349.87457, 382.10788, 349.49811, 332.12653, 349.05786, 282.46222, 348.21762, 233.69511, 325.52341, 407.25861, 325.21555, 357.60361, 325.02374, 308.11575, 324.84732, 259.16547, 301.33139, 382.29178, 301.26999, 333.3429, 301.22073, 284.60416, 300.97531, 236.30849, 277.90845, 407.00516, 277.93701, 358.18912, 277.94073, 309.72678, 278.1441, 261.81277, 254.67838, 382.37994, 254.85149, 334.18521, 255.28371, 286.69955, 255.72829, 239.52029, 232.30539, 406.18295, 232.49544, 358.34564, 232.41051, 311.04642, 233.50684, 264.21854, 210.54871, 382.06604, 210.65927, 334.94641, 211.31825, 288.30542, 212.88992, 242.55287, 189.15506, 405.01611, 189.46329, 358.47232, 189.94972, 312.14023, 191.12672, 266.36536;
  424.59531, 405.76242, 424.29678, 354.42413, 423.5386, 303.80057, 421.90118, 253.6841, 399.25159, 380.68808, 398.53973, 330.06442, 397.53775, 279.55237, 396.45694, 230.23351, 374.36615, 406.57413, 374.19888, 355.80112, 373.4794, 305.69403, 372.66647, 256.11774, 349.42044, 381.66577, 349.20663, 331.33356, 348.80853, 281.99042, 348.01227, 233.04425, 325.09814, 406.5744, 324.90259, 357.00946, 324.83771, 307.37735, 324.31342, 258.83789, 301.00369, 382.00977, 300.90256, 332.87411, 300.9946, 284.07175, 301.03729, 236.14182, 277.46439, 406.47446, 277.39255, 357.72952, 277.582, 309.0947, 278.08801, 261.15457, 254.41557, 381.98856, 254.39618, 333.96509, 254.90813, 286.18506, 255.65854, 238.91371, 231.91628, 405.71564, 232.16757, 357.98865, 232.42267, 310.38464, 233.40167, 263.77478, 210.15587, 381.68494, 210.48105, 334.53171, 211.16093, 288.14996, 212.3623, 242.03691, 188.88597, 404.35892, 189.054, 358.04938, 189.58904, 311.85461, 190.92581, 265.7652;
  453.50699, 385.69113, 453.4718, 337.55463, 453.12595, 288.23599, 451.94702, 238.1071, 430.64972, 360.94681, 430.21945, 312.73911, 429.33072, 263.67566, 428.00696, 213.88625, 408.21756, 383.59009, 407.84869, 336.409, 406.9924, 288.30875, 405.74365, 239.46461, 386.31546, 359.21835, 385.37747, 312.24603, 384.14752, 264.27011, 382.50394, 215.87891, 365.11557, 381.31122, 364.03638, 335.28659, 363, 288.5, 361.41992, 240.93553, 343.66086, 357.46317, 342.33603, 311.68118, 340.97086, 265.07474, 339.22015, 217.93237, 323.59146, 378.70868, 322.42889, 333.9642, 320.99786, 288.51132, 319.37488, 242.27428, 303.3298, 355.49106, 301.54529, 310.9877, 299.95166, 265.85345, 298.4556, 219.89471, 284.67078, 376.18784, 282.77029, 332.51041, 281.37854, 288.52774, 279.68344, 243.53883, 265.18915, 353.42673, 263.3075, 310.41544, 261.56635, 266.5668, 260.14746, 222.18863, 247.92752, 373.48587, 246.06219, 331.40433, 244, 288.5, 242.3644, 245.07497;
  452.4881, 384.32303, 453.45544, 342.74146, 453.81284, 299.76947, 454.01587, 254.5036, 430.62454, 363.69131, 431.08493, 321.6572, 430.96796, 277.45749, 430.46313, 231.38274, 408.48764, 383.79938, 408.47897, 342.72171, 408.08841, 299.54196, 407.38199, 254.54921, 386.56909, 363.18408, 385.49982, 321.142, 384.89081, 277.33551, 383.40616, 231.44557, 364.58032, 383.21048, 363.5318, 342.02234, 362.20499, 299.42856, 360.85373, 254.49495, 342.20581, 362.43936, 340.35794, 320.73657, 338.59467, 277.27191, 336.32883, 231.76144, 321.46848, 382.06683, 319.12036, 341.44666, 316.79068, 299.02921, 314.53397, 254.59888, 298.51999, 361.3378, 295.64236, 319.99573, 292.93283, 277.05862, 290.47546, 231.93265, 278.85974, 380.52963, 275.66852, 340.45291, 272.50125, 298.55908, 269.5463, 254.67967, 256.18631, 359.92892, 252.61, 319.32712, 249.19963, 276.94742, 245.56964, 232.41597, 237.33058, 378.66638, 233.48668, 339.27365, 229.58337, 298.00931, 225.95457, 254.87601;
  421.67099, 402.40936, 425.1207, 362.16867, 428.29462, 319.85822, 431.15189, 275.42749, 402.11517, 383.25125, 404.98309, 341.39105, 408, 298, 410.71335, 252.56725, 379.1409, 403.6116, 381.91608, 362.92261, 384.44608, 320.07947, 386.67026, 275.51038, 358.49857, 384.06696, 360.79996, 341.99649, 362.97452, 298.07498, 365.11823, 252.00797, 335.60275, 404.71536, 337.43057, 363.31345, 339.21274, 320.17972, 341.00922, 275.35062, 314.3934, 384.6636, 315.50436, 342.13925, 316.8186, 297.91833, 317.94125, 251.69952, 291.71201, 404.78641, 292.06595, 363.84821, 293.01758, 320.40634, 293.93082, 274.71216, 269.32468, 384.68256, 269.72192, 342.29102, 269.8848, 297.60492, 270.5, 251.16672, 247.14404, 404.95508, 246.62244, 363.52628, 246.44405, 320.20694, 246.39427, 274.40561, 224.39494, 384.18665, 223.57309, 341.93948, 222.90094, 297.32907, 222.93617, 250.83299, 202.74878, 404.39392, 201.19447, 363.02097, 200.0701, 319.65204, 199.12723, 274.05646;
  424.0791, 430.96075, 428.86166, 387.04199, 433.03818, 341.41583, 436.93668, 294.09262, 404.70853, 409.86612, 409.06848, 364.69888, 413.23569, 317.92041, 416.85846, 269.17316, 380.55774, 432.93893, 384.80496, 387.98859, 388.77643, 341.43481, 392.513, 293.10712, 360.28009, 411.34076, 363.95715, 365.12613, 367.57584, 317.13287, 371.28598, 267.46649, 335.38779, 434.56479, 338.84271, 388.871, 342.23904, 341.1413, 345.52936, 291.67264, 313.74179, 412.28516, 316.72214, 365.15015, 319.75665, 316.14429, 322.98145, 265.42078, 288.28479, 435.57614, 290.78586, 389.06314, 293.60556, 340.50064, 296.50504, 289.98383, 265.276, 412.76602, 267.3504, 364.89032, 269.9245, 315.16318, 272.47409, 263.34286, 239.66306, 436.12711, 241.57503, 389.04224, 243.43253, 339.69556, 245.5, 288.5, 215.54752, 412.50204, 217.21875, 364.23361, 218.79456, 313.51694, 220.97295, 261.22916, 190.4165, 435.86206, 190.97932, 388.22989, 192.23189, 338.54956, 194.00717, 286.55026;
  506.10983, 282.88312, 497.14896, 212.81943, 486.48251, 141.66109, 474.14038, 70.504494, 466.91275, 253.25996, 456.6763, 182.25523, 444.83371, 110.78294, 431.94931, 40.034924, 436.59055, 293.04773, 426.37073, 223.04311, 415.04419, 151.75343, 402.52899, 80.4179, 396.15912, 263.35626, 384.86182, 192.79483, 372.61975, 121.46399, 359.95566, 50.697304, 366.11929, 303.28217, 354.70731, 233.55238, 342.83893, 162.82576, 330.21689, 91.931648, 325.38788, 273.8161, 313.1875, 203.84169, 300.88873, 133.2636, 288.18152, 63.120621, 296.82645, 312.69733, 284.31625, 244.3763, 271.84076, 174.62665, 259.39917, 104.72671, 256.45798, 283.45798, 243.52643, 215.22278, 230.95647, 145.87273, 218.94196, 77.181572, 229.9482, 321.48383, 216.56389, 254.91818, 203.5874, 186.81419, 191.59013, 118.41732, 191.09453, 292.80588, 177.69501, 226.43843, 165.01698, 159.04839, 153.756, 92.118423, 167.24132, 329.63043, 153.16808, 264.71329, 139.83064, 198.80289, 127.9775, 132.59354;
  502.6908, 287.51492, 494.63022, 219.11833, 485.00198, 148.95229, 473.60294, 78.111092, 464.46234, 258.33154, 454.95004, 188.62785, 444.02444, 118.10002, 431.86438, 47.32774, 434.23502, 297.34055, 424.73972, 228.55341, 414.11484, 158.36218, 402.36334, 87.562195, 394.53906, 268.27142, 383.99606, 198.79256, 372.40472, 128.2028, 360.18958, 57.552567, 364.961, 306.82782, 354.04062, 238.84239, 342.43079, 168.96828, 330.37088, 98.446167, 324.92554, 277.90988, 312.94623, 209.28845, 300.9451, 139.43794, 288.46838, 69.329895, 296.42148, 315.89902, 284.23361, 249.1167, 271.78989, 180.11272, 259.56363, 110.47775, 256.54361, 287.4938, 243.67589, 220.12276, 231.14622, 151.50642, 219.09117, 82.585983, 230.34781, 324.36429, 216.92131, 258.89633, 203.77205, 191.7657, 191.56807, 123.57433, 191.81282, 296.16455, 178.00603, 230.90709, 165.0757, 163.93723, 153.46753, 96.885948, 167.8781, 332.04248, 153.82314, 268.39645, 140.24345, 203.30817, 127.91312, 137.19572;
  498.80023, 292.55203, 491.81625, 225.97025, 483.16489, 156.82846, 472.73285, 86.847221, 461.491, 264.12411, 452.80887, 195.99832, 442.8573, 126.02711, 431.82535, 55.715683, 431.49966, 301.74765, 422.55966, 234.73845, 412.84854, 165.74783, 401.96225, 95.382896, 392.73291, 273.20712, 382.69318, 205.28006, 371.8158, 135.49008, 360.10867, 65.036499, 363.14981, 310.89539, 352.797, 244.29416, 341.73401, 175.60919, 330.14996, 105.55412, 323.66467, 282.56281, 312.14853, 215.29874, 300.58905, 146.02907, 288.45514, 76.202904, 295.6521, 319.3399, 283.76041, 253.87677, 271.46002, 186.03423, 259.4342, 116.96313, 256.17694, 291.20132, 243.3837, 225.30151, 231.03484, 157.26942, 218.95299, 88.64534, 230.06117, 327.3356, 216.81908, 263.07202, 203.87169, 196.91328, 191.53574, 129.19456, 191.87079, 299.55817, 178.04372, 235.2274, 165.09122, 169.09497, 153.31967, 102.00593, 168.26067, 334.37888, 154.00237, 272.15366, 140.2733, 207.86722, 127.7009, 141.93127;
  422.60547, 396.20135, 408.7706, 347.1684, 393.6268, 295.4581, 377.86215, 240.8407, 389.51212, 379.27441, 374.46146, 329.22098, 358.40936, 276.33655, 341.49017, 221.11147, 370.84323, 409.90192, 355.59103, 361.65756, 339.53281, 310.66025, 322.60217, 257.06494, 337.56674, 392.92883, 321.33035, 343.70508, 304.29547, 291.78384, 286.45728, 237.66571, 320.04895, 422.98654, 303.56265, 375.38333, 286.38919, 325.40277, 268.55292, 272.94452, 286.68497, 405.76999, 269.23715, 357.53864, 251.5013, 306.85532, 233.11388, 253.76845, 270.43939, 434.8855, 253.0325, 388.45596, 235.04823, 339.55743, 216.66566, 287.97635, 237.6107, 417.96576, 219.28206, 370.55569, 200.85527, 321.1358, 182.11481, 269.27551, 223.01717, 445.51968, 204.77667, 400.33417, 186.08289, 352.79501, 167.36266, 302.59366, 191.0688, 428.43079, 172.14517, 382.69678, 153.21588, 334.62427, 134.48518, 283.8671, 178.07806, 455.07309, 159.22047, 411.22754, 140.12932, 365.0798, 121.16564, 316.18399;
  419.73373, 389.36981, 406.64166, 341.25583, 392.45206, 290.10583, 377.32672, 236.14171, 386.87784, 372.5369, 372.58865, 323.3569, 357.37994, 271.25607, 341.28815, 216.08383, 367.96097, 402.66849, 353.36411, 355.32074, 338.22668, 304.76859, 321.85706, 251.77872, 335.0799, 385.80945, 319.39819, 337.15323, 302.9137, 285.91632, 285.8461, 231.97266, 317.22745, 415.00732, 301.28033, 368.43115, 284.64624, 318.9577, 267.27472, 266.61279, 284.00888, 398.13974, 267.24615, 350.56284, 249.76761, 300.46021, 231.59372, 247.35315, 267.90536, 426.49814, 250.67453, 380.89682, 233.04251, 332.60388, 214.88089, 281.41226, 235.00133, 409.59024, 217.02603, 363.2717, 198.76688, 314.15143, 179.98624, 262.44955, 220.52577, 436.61243, 202.12656, 392.51337, 183.60696, 345.43646, 164.99388, 295.30988, 188.40977, 419.81094, 169.53249, 375.00354, 150.50217, 326.95624, 131.93823, 276.70645, 175.23927, 446.23523, 156.56737, 403.04999, 137.35632, 357.28781, 118.21224, 308.6976;
  346.8175, 333.96207, 345.70523, 284.55026, 344.54645, 232.89096, 343.05286, 178.77429, 320.0098, 310.80026, 318.33188, 260.1864, 316.50943, 206.99039, 314.8313, 151.9413, 295.14346, 336.64673, 292.7099, 287.09619, 290.32022, 235.03996, 288.18372, 180.78917, 267.8342, 313.45477, 264.72269, 262.4014, 261.94012, 209.48364, 259.28046, 154.06853, 243.75368, 339.09457, 239.86501, 289.43372, 236.08099, 237.40437, 232.94458, 183.03647, 215.68669, 315.71301, 211.21185, 265.08762, 207.33238, 211.86441, 204.0162, 156.56467, 192.58429, 341.3342, 187.34212, 291.77026, 182.68355, 240.06987, 178.34732, 185.77347, 164.35071, 317.72635, 158.93605, 267.50943, 153.80292, 214.61882, 149.75392, 159.7449, 142.82333, 343.03891, 136.21289, 294.25287, 130.50735, 242.77702, 125.56261, 188.78886, 114.95109, 319.65808, 108.2125, 270.05276, 102.36391, 217.60973, 97.79068, 163.50438, 94.958771, 344.55066, 87.269234, 296.3287, 80.58239, 245.58009, 74.861702, 192.56929;
  336.60892, 330.63992, 337.26343, 280.61465, 338.42667, 228.23428, 339.53503, 173.92361, 310.8248, 306.30115, 310.97742, 254.60445, 311.43991, 201.09985, 312.25635, 145.86188, 284.58115, 331.17825, 284.10028, 280.71518, 284.11273, 227.94238, 284.31885, 173.43881, 257.9108, 306.26138, 257.07162, 254.59285, 256.69434, 200.81177, 256.68478, 145.44353, 232.40567, 331.51791, 230.81876, 280.76886, 229.64722, 228.00201, 229.02306, 173.32693, 205.23833, 306.26764, 203.49451, 254.76801, 202.11589, 200.92137, 201.39731, 145.5641, 181.02596, 331.1188, 177.99301, 280.9823, 175.94411, 228.2675, 174.4832, 173.58737, 153.77675, 306.25751, 150.55104, 254.86024, 148.46443, 201.54648, 147.21902, 146.58151, 130.61011, 330.61389, 126.64646, 280.90561, 123.46348, 228.56754, 121.53864, 174.43132, 104.02724, 305.84601, 99.674812, 254.98848, 97.078094, 202.50299, 95.2164, 147.68607, 82.642067, 330.27481, 77.37603, 280.6676, 73.528008, 229.18134, 70.791862, 175.95818;
  321.39148, 331.71201, 325.23373, 280.68848, 329.4516, 227.71986, 333.8118, 173.0778, 296.85565, 305.03311, 300.41245, 252.63826, 304.18277, 198.33983, 308.32428, 143.34616, 268.83411, 329.00342, 271.51959, 277.20609, 274.69373, 223.98627, 278.56381, 168.88416, 243.49324, 301.61353, 245.94499, 249.0067, 249.4263, 194.5327, 252.66048, 139.33533, 216.08766, 325.6076, 217.74101, 273.97937, 220.04866, 220.35091, 223.37238, 165.43031, 190.45239, 298.27795, 191.99425, 245.64369, 194.47459, 191.45877, 197.60245, 135.81177, 164.18094, 322.25797, 164.86856, 270.55234, 166.36685, 217.04785, 168.91745, 162.37558, 138.56758, 294.82983, 139.03816, 242.43127, 140.85442, 188.50664, 143.99155, 133.47922, 113.67887, 318.3642, 113.29353, 267.08673, 114.06981, 214.11642, 116.06137, 159.62334, 88.607803, 290.98941, 88.447723, 239.27794, 89.29554, 185.64255, 92.011688, 131.17072, 65.240364, 314.51599, 64.045647, 263.94839, 63.947701, 211.45453, 65.470612, 157.62109;
  294.53653, 302.62589, 308.45615, 257.45465, 322.88342, 209.94942, 338.19238, 160.0584, 276.85886, 274.78607, 290.64413, 227.84456, 304.89725, 179.05281, 320.08179, 127.90219, 246.1702, 291.83505, 258.75815, 245.80455, 272.02737, 197.49132, 286.57529, 146.9641, 227.67468, 263.74457, 239.86809, 216.31682, 253.45949, 166.26181, 267.63922, 114.3481, 197.27513, 281.21436, 208.50745, 234.40266, 220.63692, 185.39311, 234.03146, 134.28603, 177.92352, 252.47867, 188.93857, 204.2686, 201.26282, 154.01221, 214.58899, 101.85418, 148.55258, 269.96414, 158.18712, 223.14635, 169.21904, 173.78618, 181.58549, 121.89492, 128.66293, 241.2715, 138.28922, 192.89026, 149.2832, 142.20183, 161.85294, 89.694427, 100.65257, 259.10712, 108.92547, 211.79648, 118.44569, 162.31375, 129.75752, 110.39326, 80.451408, 230.5486, 89.007423, 182.02199, 98.884293, 131.11346, 110.44633, 78.535126, 54.073982, 248.32753, 60.883247, 200.99535, 69.503059, 151.58467, 79.421509, 99.965019;
  313.22244, 295.69406, 329.95535, 250.46445, 347.14914, 202.95013, 365.32657, 153.19342, 296.99469, 266.34158, 313.33502, 219.52184, 330.61728, 170.5498, 348.79166, 119.53633, 264.76004, 282.20187, 280.05475, 236.03966, 296.26901, 187.53699, 313.58325, 137.03468, 247.42953, 252.31544, 262.77985, 204.63315, 278.92966, 154.91632, 296.40317, 102.86471, 215.80748, 268.3623, 229.60117, 221.44901, 244.88617, 172.27657, 261.35162, 120.99105, 197.55124, 238.01587, 211.37036, 189.83574, 226.68117, 139.32635, 243.08875, 86.912079, 166.64291, 254.67828, 179.15279, 207.16037, 193.08517, 157.49193, 208.54622, 105.65749, 148.21265, 224.11343, 160.68947, 175.32394, 174.5675, 124.53246, 190.07854, 71.56604, 118.44193, 240.76654, 129.49054, 192.89142, 141.91115, 143.01175, 156.28065, 91.167587, 99.650253, 210.37773, 110.77533, 161.5, 123.68361, 110.64399, 138.41727, 57.614002, 71.303345, 227.46251, 81.166245, 179.45032, 92.461037, 129.58917, 105.6235, 77.666008;
  518.03076, 180.49069, 498.42914, 128.40291, 477.74249, 78.265846, 456.49484, 31.129314, 483.55569, 162.23933, 463.52081, 110.50056, 443.04874, 61.533398, 421.91882, 15.156176, 467.85779, 197.3656, 448.23004, 144.05463, 428.20425, 93.376846, 407.90506, 45.026169, 432.09741, 178.99234, 412.42505, 126.55861, 392.79596, 76.655403, 372.81396, 29.374203, 415.29153, 214.85396, 396.2963, 161.09264, 376.84091, 109.58884, 357.18964, 60.647678, 378.91959, 196.64885, 359.88898, 143.62326, 340.92014, 93.378525, 321.92398, 45.352646, 361.0296, 232.93504, 342.49127, 178.60379, 323.9451, 126.8904, 305.39142, 77.576523, 324.36581, 214.93629, 306.17325, 161.46796, 288.01175, 110.8027, 270.27576, 62.977688, 305.93179, 251.47066, 287.95248, 197.19199, 270.38406, 144.86072, 253.20432, 95.612335, 269.70419, 233.33949, 252.26552, 179.86504, 235.3566, 129.12704, 218.99071, 81.301636, 251.06296, 269.64734, 234.08711, 215.62656, 217.3717, 163.49884, 201.22876, 114.06761;
  505.68655, 148.55223, 474.21854, 105.56547, 442.74408, 65.292084, 411.64893, 27.66608, 468.85022, 139.85497, 437.60211, 97.609093, 406.56937, 58.215458, 376.34317, 21.461691, 463.18173, 175.46591, 431.89972, 131.34625, 400.76117, 90.24778, 370.45242, 51.450298, 425.12231, 167.02864, 394.4809, 123.91048, 364.07501, 83.251839, 334.42316, 45.218464, 418.3403, 203.90515, 387.32098, 158.97006, 357.1329, 116.80604, 327.5202, 76.702614, 379.92392, 195.46867, 349.60229, 151.37213, 320.01956, 109.95261, 291.27859, 70.820221, 371.82468, 233.17482, 341.71448, 187.24022, 312.035, 144.13191, 283.45447, 103.61181, 332.78571, 224.81509, 303.35849, 179.85336, 274.98306, 137.53748, 247.48515, 98.066879, 323.85983, 262.88898, 294.51437, 216.47139, 266.11288, 172.50427, 238.86838, 131.27208, 285.39456, 254.25017, 256.75119, 208.72963, 229.71147, 165.65396, 203.7175, 125.70605, 275.94446, 292.71069, 247.52142, 245.93936, 220.11964, 201.33516, 194.19238, 159.41835;
  501.22864, 146.34343, 468.54459, 104.90418, 436.16269, 66.135544, 404.19925, 30.017721, 464.46002, 139.0881, 431.85428, 98.34156, 399.77945, 60.3414, 368.53455, 24.732904, 459.95035, 174.49681, 427.26779, 132.11559, 395.20129, 92.452309, 363.99643, 54.824654, 422.08591, 167.48376, 390.15445, 125.78964, 358.53397, 86.633644, 328.04712, 49.90461, 416.28769, 204.25851, 383.99188, 160.82375, 352.81158, 120.01808, 322.09421, 81.796333, 378.05823, 197.02017, 346.50143, 154.57518, 315.83072, 114.49523, 286.29431, 76.66082, 371.35269, 234.85422, 339.59943, 190.49573, 308.99512, 148.76216, 279.34128, 109.52607, 332.38342, 227.84004, 301.60944, 184.39778, 272.0116, 143.27098, 243.46298, 105.10114, 324.80273, 265.75974, 294.06073, 221.00247, 264.24167, 178.36137, 236.04237, 138.43291, 286.25974, 258.47171, 256.60968, 214.53636, 228.15532, 172.71893, 200.92351, 133.76627, 278.28091, 296.8378, 248.44041, 251.56816, 219.78545, 208.5009, 192.67245, 167.7352;
  394.35294, 314.4816, 372.14984, 275.59143, 349.8382, 236.41858, 327.72342, 196.66949, 363.42776, 306.13861, 341.20923, 266.64423, 319.02829, 227.53226, 297.33719, 188.46158, 354.67648, 336.61404, 332.50204, 297.46472, 310.34335, 258.32999, 288.43863, 218.75998, 324.24014, 328.20303, 301.61673, 288.70273, 279.52725, 249.44717, 257.74069, 210.16679, 315.6489, 358.50766, 293.00803, 319.45862, 270.71161, 280.28839, 249.05478, 240.79294, 285.16016, 349.7294, 262.48358, 310.63345, 240.56766, 271.51108, 218.8504, 232.34232, 276.81253, 379.7814, 254.40938, 341.21353, 232.36583, 302.30643, 210.52992, 262.96161, 246.65273, 371.23633, 224.36578, 332.43036, 202.54408, 293.42096, 181.26486, 254.28629, 239.2972, 400.60226, 216.72252, 362.45764, 194.66539, 323.63083, 173.28917, 284.57391, 209.67281, 391.54163, 187.29141, 353.47488, 165.73462, 314.94583, 145.06653, 276.01282, 202.78677, 420.56918, 180.33502, 382.75446, 158.29614, 344.39828, 137.41797, 305.79102;
  302.27777, 400.18271, 323.13699, 360.96994, 344.28931, 321.25522, 365.72531, 280.77896, 292.41895, 370.3096, 313.54501, 330.43076, 334.6312, 290.42349, 356.34549, 250.03925, 262.20712, 379.37207, 282.88489, 339.79126, 303.76862, 299.88519, 325.46918, 259.46918, 252.50674, 349.11765, 273.18121, 309.35059, 294.56723, 269.02734, 316.43561, 228.60262, 222.37631, 358.09708, 242.798, 318.4624, 263.73459, 278.49783, 285.33737, 238.14999, 212.68867, 327.73856, 233.37625, 287.75815, 254.52695, 247.52695, 276.34241, 207.08409, 183.02809, 336.66763, 203.53741, 297.05252, 224.11931, 257.12418, 245.5816, 216.83247, 173.38589, 306.19055, 194.04829, 266.41727, 214.98671, 226.25847, 236.75, 186.28329, 144.8076, 315.27182, 164.55843, 275.59631, 185.32954, 235.79089, 206.43152, 195.60744, 135.98663, 284.86502, 155.67703, 245.19293, 176.85806, 205.62633, 198.71671, 165.82997, 108.03658, 294.02948, 127.3018, 254.564, 147.76122, 215.26297, 168.96199, 175.52582;
  292.03027, 401.60178, 315.46301, 363.68283, 338.87582, 325.58224, 362.75766, 287.31357, 284.39359, 371.31503, 307.71103, 333.24106, 331.50638, 294.59409, 355.49329, 256.04355, 253.50241, 378.32944, 276.67557, 340.48953, 300.41107, 302.17032, 324.05048, 263.44324, 245.78239, 347.73529, 269.13416, 309.5, 292.81406, 270.74698, 317.26874, 231.96204, 215.31114, 354.75687, 238.17163, 316.79221, 261.67752, 278.19333, 285.73868, 239.5567, 207.45029, 323.74496, 230.59985, 285.53745, 254.45326, 246.98184, 278.76517, 208.3587, 177.37724, 331.08136, 200.04474, 292.74838, 223.43372, 254.37244, 247.52159, 215.60371, 169.70187, 299.71204, 192.55783, 261.58002, 216.46234, 223.16081, 240.66832, 184.66832, 140.07779, 307.16525, 162.56267, 268.81915, 185.71371, 230.53125, 209.79944, 192.30157, 133.077, 276.06802, 155.74066, 238.10588, 179.42938, 199.71704, 203.61255, 161.60631, 104.35202, 283.31491, 126.43355, 245.36803, 149.30475, 207.45264, 173.25116, 169.32809;
  276.54657, 401.57434, 302.42099, 366.48984, 328.23471, 330.91577, 354.53876, 294.69528, 271.35413, 371.39514, 297.15771, 335.96103, 323.47827, 300.11517, 349.68512, 263.58627, 240.34703, 376.33865, 266, 341, 292.14117, 305.11285, 318.58432, 268.71225, 234.74709, 345.60849, 260.50723, 310, 287.25293, 273.60849, 313.8541, 237.30165, 204.01369, 350.44131, 229.59065, 314.95694, 255.69641, 278.66727, 282.23547, 242.06134, 198.64584, 319.53824, 224.4272, 283.57281, 250.69687, 247.01787, 277.54184, 210.55348, 168.36531, 324.5368, 193.42755, 288.49774, 219.4212, 252.24817, 246.00507, 215.57866, 162.60977, 293.2684, 188.50934, 257, 214.48149, 220.5284, 241.46002, 184.03348, 132.81381, 297.99142, 157.69829, 261.84851, 183.58983, 225.64391, 209.77435, 189.33138, 127.86752, 267.15085, 152.88681, 230.63145, 178.77528, 194.4325, 205.83147, 158.0804, 98.494957, 271.71646, 122.98985, 235.63593, 148.44705, 199.47235, 174.86964, 163.33449;
  248.02606, 380.47519, 275.24115, 350.42737, 303.00607, 320.00607, 331.03348, 288.94901, 246.18175, 352.97632, 273.96649, 322.19534, 302.08167, 291.07675, 330.37631, 259.90424, 216.98962, 355.40927, 244.80022, 324.81494, 273.0441, 293.13632, 301.26236, 261.9588, 215.05585, 327.13004, 243.1851, 295.62155, 271.86951, 263.89175, 300.87225, 231.95979, 185.34425, 329.11328, 213.52686, 297.82675, 241.90541, 266.01404, 270.87747, 233.8671, 183.39238, 299.96802, 211.63669, 268.01529, 240.53354, 236.0351, 270.02261, 203.67705, 153.46367, 302.04401, 181.70656, 270.01782, 210.27676, 237.69537, 239.60641, 205.15149, 151.20998, 272.07114, 179.49992, 239.47871, 208.49704, 206.84689, 238.48119, 174.35327, 121.07392, 274.31631, 149.31178, 241.54965, 178.12277, 208.87677, 207.60658, 175.87242, 119.07215, 243.61389, 147.57307, 210.72285, 176.74109, 177.85022, 206.7446, 144.79114, 89.072647, 246.02011, 117.0951, 212.84177, 145.85341, 179.85341, 175.82542, 146.51379;
  271.33231, 388.5094, 304.84732, 359.71579, 337.76804, 331.29398, 369.49078, 303.04288, 274.39264, 357.37231, 307.95441, 328.57965, 340.72623, 300.55911, 372.52484, 272.50745, 243.35576, 355.15372, 277.57584, 326.25052, 311.07156, 297.55032, 343.88098, 269.47482, 246.603, 323.43085, 280.78223, 294.64124, 314.43027, 266.405, 347.04855, 238.67488, 215.21965, 320.5, 249.76672, 291.55859, 283.92377, 263.33487, 317.19202, 235.48672, 218.27759, 288.40091, 253.02095, 259.82034, 286.95404, 231.82173, 320.13879, 204.68724, 186.41426, 285.14532, 221.57993, 256.5, 256.4274, 228.42567, 290.11865, 200.87047, 189.7706, 253.10539, 224.90155, 224.55984, 259.34805, 196.93201, 293.03818, 170.3494, 157.93643, 249.63306, 193.43045, 220.91748, 228.57994, 193.30646, 262.64471, 166.50507, 161.73441, 217.45758, 197.03889, 189.46101, 231.90079, 162.58286, 265.90405, 136.46814, 130.07524, 214.10191, 165.56699, 185.80331, 200.6649, 158.35176, 235.51752, 132.28462;
  276.73752, 390.24292, 310.61871, 360.43591, 343.18637, 331.19659, 375.1604, 302.28528, 279.5307, 358.41714, 313.10315, 328.99954, 346.04303, 300, 377.48657, 271.41153, 248.16629, 356.40784, 282.47812, 326.58368, 315.61392, 297.62933, 347.90964, 268.70218, 250.80542, 324.25961, 284.85828, 294.62555, 318.30069, 265.95834, 350.60068, 237.84401, 218.91071, 321.86362, 253.46626, 292.17749, 287.52991, 263.19196, 320.4884, 234.51587, 221.74773, 289.45328, 256.41162, 260.27621, 289.97089, 231.54996, 322.93631, 203.98254, 189.36902, 286.66284, 224.42535, 257.11874, 258.8703, 228.56964, 292.53101, 200.46901, 192.37685, 254.1142, 227.20004, 225.30579, 261.42239, 197.26454, 294.86447, 169.93745, 160.23906, 251.19331, 195.33478, 222.2029, 230.31126, 193.65671, 264.02469, 166.59352, 163.44362, 219.05527, 198.63541, 190.48917, 233.31685, 163.0399, 266.72852, 136.79765, 131.47606, 216.28505, 166.85362, 187.47255, 201.63126, 159.64217, 236.05243, 133.03796;
  342.55435, 172.17702, 313.98227, 146.34378, 287.62338, 122.49227, 262.94293, 101.14216, 311.77887, 175.10625, 284.99289, 149.55145, 259.98746, 126.23947, 237.11769, 104.96548, 309.1832, 205.05472, 282.01089, 177.86307, 256.98868, 152.92831, 233.31909, 130.07382, 279.05481, 207.50945, 253.51083, 180.79149, 229.98889, 156.29488, 207.87111, 133.84776, 275.99628, 237.75719, 250.16023, 209.77861, 226.2618, 183.65303, 204.1217, 159.68088, 246.68764, 239.65276, 222.56822, 211.97438, 200.03304, 186.59352, 179.3858, 162.9196, 243.0275, 270.59796, 218.48264, 241.50893, 196.01212, 214.51497, 175.16037, 189.57379, 214.6792, 271.61038, 191.94576, 243.07428, 170.78963, 216.95515, 151.33463, 192.53952, 210.74872, 302.55536, 187.56999, 272.59076, 166.41805, 245.157, 146.78703, 219.47409, 183.5312, 303.10886, 161.92316, 273.83908, 142.3598, 246.74046, 124.50435, 221.37413, 179.62502, 334.06601, 157.96008, 303.27185, 137.58105, 274.91205, 119.6148, 248.08847;
  399.38358, 294.64355, 384.06628, 265.93555, 368, 236, 351.4848, 205.03909, 375.62643, 288.38538, 359.56863, 259.32813, 343.17252, 228.87303, 325.62247, 197.20093, 367.27533, 310.06049, 351.45743, 281.74939, 334.9364, 252.41916, 317.83005, 221.60471, 343.50745, 303.88715, 326.97049, 275.03812, 309.98941, 245.41577, 291.95563, 214.26245, 336.19217, 325.03772, 319.0946, 297.37518, 301.97818, 268.58133, 284.33798, 238.29169, 311.78799, 318.94876, 294.89621, 290.96637, 276.94968, 261.60599, 258.81293, 231.14847, 304.88141, 340.09885, 287.64661, 312.91855, 270.04645, 284.43805, 251.83046, 254.6066, 280.85062, 334.11215, 263.08594, 306.51801, 245.05226, 277.72736, 226.5448, 247.63029, 274.5466, 354.70642, 256.79718, 328.19266, 238.88734, 300.24051, 220.08687, 270.77478, 250.85466, 348.69662, 232.59564, 321.98862, 214.16922, 293.53201, 195.07159, 263.74716, 245.09995, 368.68674, 226.96849, 342.53342, 208.41478, 315.53857, 189.69653, 286.85101;
  163.81146, 396.96793, 159.35413, 369.90646, 155.03276, 344.09442, 151.18701, 318.83533, 147.5, 386.5, 143.43892, 360.00192, 139.69595, 334.35077, 136.32222, 309.67236, 135.73856, 403.04996, 132.01865, 376.35001, 128.16254, 350.44025, 125, 325, 120.27022, 392.62936, 116.82481, 366.40067, 113.69074, 340.82901, 110.53435, 316.04904, 108.44279, 409.0614, 105.09496, 382.40649, 102.16979, 356.89777, 99.27079, 331.27203, 93.55175, 398.59509, 90.645027, 372.45078, 88, 347, 85.381149, 322.35382, 81.940125, 414.90933, 79.17569, 388.14215, 76.357018, 362.74579, 74.106308, 337.81332, 67.875702, 404.1907, 65.231468, 378.07489, 63, 353, 61.095413, 328.6608, 56.300705, 420.19458, 53.887375, 393.96024, 51.692444, 368.39709, 49.805527, 343.74646, 42.753693, 409.30893, 40.408405, 383.95923, 38.483372, 359.00558, 37.394897, 334.71567, 31.647892, 425.11514, 29.733864, 399.17914, 27.5, 374, 26.180786, 349.47195;
  221.62424, 433.11572, 214.41484, 406.39478, 207.38542, 378.80447, 200.36168, 351.08563, 204.19962, 423.18674, 197.06374, 395.68137, 190.08795, 368.46362, 183.207, 340.66956, 194.43411, 439.77347, 186.9408, 412.80109, 179.78516, 385.5, 172.92456, 357.94104, 177.01648, 430.06201, 169.66663, 402.53229, 162.79045, 375.04358, 155.7861, 347.46762, 167.2625, 446.37195, 159.68782, 419.64917, 152.6877, 392.28162, 145.63121, 364.60455, 150.03789, 436.01898, 142.78862, 409.08032, 135.56926, 381.69235, 129.00201, 354.06949, 140.61595, 452.73438, 133.29295, 425.65176, 125.88643, 398.72342, 119.21079, 371.30508, 123.55064, 442.27286, 116.16418, 415.26276, 109.35255, 387.85489, 102.5, 360.5, 114.11174, 458.66867, 106.88836, 431.70627, 99.547104, 404.77295, 92.83432, 377.57358, 97.520126, 448.06729, 90.233734, 421.17789, 83.304787, 394.1257, 76.776657, 366.78543, 88.384193, 464.31003, 81.031769, 437.51395, 73.83091, 410.6221, 67.114105, 383.71533;
  231.81094, 438.47021, 225.57285, 411.53149, 219.4507, 384.45068, 213.14539, 356.53445, 214.856, 428.17456, 208.63199, 401.09515, 202.29242, 373.56961, 196.23537, 345.50031, 204.5, 444.5, 198.13538, 417.58972, 191.66315, 390.50143, 185.533, 362.77271, 187.64116, 434.36911, 180.87991, 406.89871, 174.6628, 379.64697, 168.67705, 351.73468, 177.50157, 450.5, 170.61497, 423.72211, 163.93625, 396.48746, 157.70073, 368.65088, 160.44522, 440.20972, 153.57111, 412.92813, 147.26248, 385.48245, 140.76765, 357.59311, 150.07593, 456.09329, 143.49806, 429.54019, 136.63187, 402.21902, 130.40688, 374.44244, 133.38403, 445.68604, 126.5, 418.5, 120.17105, 391.3255, 113.57255, 363.41068, 123.57285, 461.53149, 116.61763, 434.83701, 109.68126, 407.70203, 103.19798, 380.00827, 107.06175, 450.94006, 100.04809, 424.07864, 93.186699, 396.66586, 87.027344, 368.8851, 97.4049, 466.55176, 90.066933, 439.9126, 83.426979, 413.08444, 76.932594, 385.51245;
  260.42773, 453.41394, 260.5, 428, 260.37476, 401.39658, 260.61288, 373.90445, 246.50508, 442.08606, 246.15636, 415.836, 246.09464, 388.73264, 246.24225, 360.54688, 232.67538, 455.8262, 231.99031, 430.10956, 231.59421, 403.19562, 231.66496, 375.66037, 218.28609, 444, 217.55844, 417.58493, 217.24435, 390.53165, 217.07607, 362.27457, 204.91379, 457.94168, 203.76714, 431.85135, 202.81464, 405.11307, 202.39668, 377.22946, 189.79805, 446, 188.58926, 419.30447, 188.01953, 392.05704, 187.496, 363.34036, 176.42155, 459.93256, 174.72629, 433.86349, 173.75137, 406.58356, 172.98991, 378.53674, 161.39944, 447.80997, 159.69263, 421.08896, 158.57616, 393.27322, 157.495, 364.54187, 147.75748, 461.44791, 146.01976, 435.23337, 144.59183, 408.13693, 143.23186, 379.56158, 132.81354, 449.14282, 130.5495, 422.58234, 129, 394.42233, 127.78381, 365.4809, 119.49531, 463.08591, 117.48238, 436.75922, 115.35123, 409.29242, 113.69318, 380.78772;
  399.94858, 427.83331, 404.14066, 390.96545, 408.06372, 353.43924, 411.8869, 315.561, 383.32269, 407.69131, 387.12772, 370.48279, 391.2265, 332.95966, 395.02963, 294.94727, 362.84116, 424.15845, 366.75766, 387.75766, 370.45648, 350.10263, 374.17197, 312.29794, 345.91092, 404.21838, 349.59726, 366.96637, 353.5, 329.5, 357.5, 291.5, 325.17719, 420.89716, 329.03488, 383.98816, 332.78952, 346.57193, 336.63306, 308.69202, 308.39117, 400.65549, 312.04907, 363.4454, 315.80011, 325.96335, 319.65063, 288.00577, 288.17139, 417.04544, 291.66129, 380.17236, 295.38837, 343.00797, 298.86353, 305.16284, 271.1463, 396.53381, 274.74228, 359.6792, 278.29745, 322.36703, 282.138, 284.44281, 251.07941, 412.92245, 254.51213, 376.02945, 257.98129, 339.21057, 261.88116, 301.68372, 234.86656, 392.13007, 237.85069, 355.65604, 241.55315, 318.72491, 245.28491, 280.98343, 215.14993, 408.05853, 218.22377, 372.09125, 221.42397, 335.08279, 225.02541, 298.06921;
  399.10913, 430.7402, 404.80582, 395.133, 410.03162, 358.75125, 415.66595, 321.10287, 383.67508, 410.96088, 389.11154, 374.77356, 394.30334, 337.7637, 399.47873, 299.93024, 362.81766, 426.6044, 368.03333, 390.75476, 373.04953, 353.94373, 378.21219, 316.38962, 347.1073, 406.4306, 351.83649, 370.05695, 356.90408, 332.93805, 361.97403, 295.16443, 325.82104, 422.08374, 330.49963, 385.94727, 335.65063, 349.08054, 340.68137, 311.59119, 309.81525, 401.49704, 314.49673, 364.98462, 319.50058, 328.23203, 324.40567, 290.40567, 288.99655, 416.98328, 293.49036, 380.996, 298.15787, 344.19977, 303, 306.64343, 272.93646, 396.37064, 277.14154, 360.12137, 281.97806, 323.15454, 286.70239, 285.2811, 252.38388, 411.51974, 256.65128, 375.79904, 261.12274, 339.0556, 265.81097, 301.54065, 236.0027, 390.91925, 240.53751, 354.96765, 244.73332, 318.08618, 249.29749, 280.2522, 216.21733, 405.92953, 220.15292, 370.23569, 224.13762, 333.88763, 228.71338, 296.82471;
  348.5246, 427.44208, 358.48349, 395.03305, 368.13611, 362.6268, 377.59363, 329.96307, 339.5499, 407.86545, 349.55188, 374.94293, 359.62589, 341.98853, 369.65778, 308.98724, 320.48697, 420.89914, 330.32657, 387.85657, 340.6629, 354.53964, 350.85211, 321.1499, 311.12906, 400.75259, 321.11993, 367.21826, 331.46826, 333.32693, 341.89807, 299.46082, 290.97607, 414.03448, 301.09283, 380.14435, 311.66275, 345.90997, 322.1597, 311.57324, 280.63208, 393.25504, 291.21329, 358.8811, 301.81662, 323.89883, 312.47003, 289.30722, 259.68323, 406.64413, 270.40884, 371.84726, 280.69586, 336.85132, 291.66193, 301.69708, 248.73155, 384.96524, 259.69095, 349.70883, 270.52109, 314.06473, 281.48999, 278.43835, 227.07141, 398.77246, 238.06311, 362.85065, 248.60973, 327.1199, 259.91757, 291.06876, 215.72418, 376.11569, 226.87122, 340, 237.99715, 303.68018, 249.16539, 267.26343, 193.23273, 389.96811, 204.13359, 353.31412, 215.47934, 316.5892, 226.93556, 279.61365;
  350.16757, 433.30664, 361.60764, 402.42352, 373.46698, 370.97046, 384.7092, 339.05038, 342.14413, 414.64282, 353.94138, 383.14465, 365.55991, 351.26962, 377.49786, 318.48209, 322.3793, 427.55515, 334.16672, 395.61954, 346, 363.5, 357.93164, 330.54041, 314.1232, 408.20419, 325.98288, 375.65274, 337.93622, 342.74292, 349.9726, 309.53149, 293.20029, 421.12152, 305.10873, 388.3215, 316.99054, 355.21613, 329.50681, 321.73398, 284.03992, 401.21939, 296.00693, 367.76358, 308.23358, 333.92172, 320.67456, 299.60022, 262.56589, 414.07083, 274.49191, 380.68411, 286.64081, 346.48578, 298.79117, 312.06531, 252.5226, 393.20462, 264.57159, 359.00238, 277.04037, 324.62628, 289.56412, 289.14944, 230.32147, 406.46619, 242.41763, 372.06055, 254.68622, 337.09619, 267.14908, 301.71255, 219.64627, 384.95313, 232.09293, 349.99774, 244.25615, 314.50845, 257.17184, 278.43033, 197.0013, 398.0256, 208.94818, 363.05234, 221.18939, 327.27872, 234.00366, 291.02301;
  408.89883, 452.96802, 417.15747, 424.97159, 425.08008, 396.47369, 432.71091, 367.83072, 399.96365, 436.45618, 407.88559, 408.24716, 415.83701, 379.44107, 423.39151, 350.18588, 382.35196, 448.03577, 390.51712, 419.48932, 398.30161, 390.75119, 406.22482, 361.60641, 372.54611, 431.34943, 380.54932, 402.45068, 388.61539, 373.20126, 396.73346, 343.55402, 354.68552, 442.88583, 362.84143, 414.0658, 370.73349, 384.66644, 378.65927, 355.12524, 344.66461, 425.66461, 352.69949, 396.3544, 360.69025, 366.68991, 368.67047, 336.83804, 326.36624, 437.47427, 334.37085, 407.93008, 342.10291, 378.1022, 350.16025, 348.10773, 315.90921, 419.76111, 323.81613, 389.81613, 331.91376, 359.86725, 339.84692, 329.49359, 297.16266, 431.16266, 305.16617, 401.56387, 313.05801, 371.61539, 320.95349, 340.98038, 286.09137, 413.13382, 294.21912, 383.15387, 302.1405, 352.85599, 310, 321.91998, 267.79498, 424.76093, 275.38742, 394.83203, 283.435, 364.44571, 291.10834, 333.78824;
  628.41998, 319.98062, 615.34894, 288.06995, 602.09167, 257.04523, 589.14838, 226.85164, 606.75336, 309.09387, 594.11285, 277.24112, 580.93634, 246.35086, 567.97595, 216.24913, 598.12891, 330.59375, 585.10828, 298.15375, 572.25067, 266.49628, 559.5755, 235.49203, 575.95007, 319.52374, 563.33667, 287.15106, 550.84387, 255.83583, 537.99176, 224.59036, 566.53076, 341.63266, 553.79938, 308.70773, 541.4787, 276.20526, 528.63586, 244.88748, 543.93005, 330.52374, 531.41595, 297.36719, 519.08276, 265.12317, 506.89154, 233.94427, 533.64026, 352.87711, 521.23169, 319.08154, 508.89917, 286.17871, 496.54034, 254.02142, 510.46423, 341.3804, 498.28055, 307.77075, 486.46228, 275.02496, 474.46521, 243.0972, 499.22131, 364.27066, 487.32367, 329.65326, 475.62042, 296.49576, 463.49481, 263.95108, 475.87375, 352.45377, 463.9469, 318.30563, 452.51849, 284.96527, 441.25681, 252.57536, 464.2327, 375.3768, 452.38052, 340.59622, 441.17456, 306.59732, 429.81412, 273.56354;
  509.28741, 314.93381, 515.41431, 283.43817, 521.07159, 251.35948, 527.15753, 217.8642, 496.95917, 298.61472, 502.99228, 266.14578, 508.49945, 233.0405, 514.05499, 199.00752, 478.90805, 313.59058, 484.17813, 281.38556, 489.92749, 248.50496, 495.61139, 214.54921, 465.49658, 296.6954, 471.07196, 263.76764, 476.37354, 229.99414, 481.94916, 195.36082, 446.79199, 311.96631, 452.23352, 279.12381, 457.37552, 245.60912, 462.64554, 211.3739, 433.27289, 294.41937, 438.04507, 261.2142, 443.00101, 226.96754, 448.18048, 191.68355, 414.10037, 309.75308, 418.61368, 276.59198, 423.51611, 242.76323, 428.50192, 207.50616, 399.33456, 292.41592, 403.96414, 258.62933, 408.52234, 223.87486, 413, 188, 380.14938, 307.97305, 384.28406, 274.465, 388.72787, 240.04985, 393.02011, 204.37117, 364.89319, 290.24011, 368.9332, 256, 373.00797, 220.97453, 377.09512, 184.56015, 345.62616, 305.58041, 349.03946, 271.96518, 353.03412, 237.08691, 357.01352, 201.16792;
  410.93872, 180.42415, 418.03421, 148.88831, 424.95239, 116.92449, 431.6669, 84.198357, 398.48196, 161.51804, 405.26935, 129.51265, 412.12732, 97.044495, 418.59787, 64.557831, 379.08844, 174.33054, 385.55298, 142.37358, 392.18707, 110.11488, 399.05737, 77.440819, 366.46161, 155.53279, 372.8056, 123.18684, 379.37958, 90.768394, 385.50354, 57.770992, 346.59924, 168.68251, 353.06732, 136.35933, 359.36917, 103.91466, 365.78683, 70.980644, 333.39383, 149.78391, 339.52902, 117.0167, 345.87027, 84.309097, 352.06897, 51.229385, 313.79419, 162.84167, 319.83813, 130.44958, 325.9888, 97.801498, 332.21164, 64.815689, 300.47638, 143.93208, 306.19608, 111.54062, 312, 78.5, 318.26987, 45.111229, 280.77487, 157.5, 286.60498, 125, 292.45706, 92.341728, 298.32416, 58.902729, 267.16187, 138.55042, 272.57019, 105.71794, 278.42139, 72.702599, 284.21198, 39.542492, 247.58249, 152.10847, 253.1525, 119.54067, 258.59415, 86.658333, 264.0062, 53.550217;
  434.49481, 152.9511, 432.87656, 121.12198, 431.20889, 89.650169, 429.14697, 58.506008, 417.37366, 137.33632, 415.8428, 105.42061, 413.97891, 74.236671, 412.08398, 43.39526, 402.1286, 153.50206, 400.40637, 121.88412, 398.9256, 90.074409, 397.08002, 59, 384.93909, 137.90257, 383.48907, 106.30615, 381.78888, 75.152634, 380.03314, 43.929359, 369.78391, 154.37379, 368.00055, 122.48895, 366.1301, 91.177559, 364.63965, 60.193981, 352.78162, 139.08943, 350.88965, 107.12314, 349.44891, 76.159813, 347.89218, 45.396526, 337.44211, 155.34157, 335.67892, 123.70213, 334.21921, 92.249809, 332.71173, 61.269897, 320.63965, 140.15501, 318.81879, 108.61842, 317.32178, 77.552246, 315.79312, 46.793091, 305.47256, 156.42625, 303.93207, 125.01704, 301.95892, 93.989891, 300.93063, 62.910004, 288.76343, 141.3833, 287.08624, 110.13276, 285.81085, 79.22139, 284.57416, 48.68877, 274.00754, 157.94499, 272.20642, 126.4781, 270.87689, 95.853653, 269.58362, 65.080894;
  300.54111, 177.16194, 304.90628, 146.99844, 309.01266, 116.62212, 313.16266, 86.837349, 287.34018, 160.18173, 291.82819, 129.79578, 296, 99.5924, 300.21274, 69.547333, 270.16708, 173.22148, 274.42673, 143.00061, 278.52756, 112.54058, 282.79489, 82.623909, 257, 156, 261.23532, 125.78746, 265.53619, 95.627144, 269.78146, 65.57766, 239.79333, 169.28413, 243.89702, 138.70164, 248.18776, 108.65675, 252.42239, 78.455948, 226.53195, 152.41719, 230.86641, 121.80029, 235.08005, 91.808426, 239.28807, 61.98138, 209.43443, 165.8338, 213.37341, 135.21774, 217.76208, 105.02021, 222.16264, 75.162651, 196.21661, 148.61716, 200.33974, 118.34097, 204.64592, 88.690613, 209, 58.577675, 179.3295, 162.09114, 183.33223, 131.76878, 187.63214, 101.66425, 192.04507, 71.746399, 166.2805, 145.05681, 170.5, 115, 174.78647, 85.135086, 179.42134, 55.464092, 149.62433, 158.89433, 153.68648, 128.52518, 157.59174, 98.651405, 162.20749, 68.635292;
  301.44119, 175.74391, 305.01361, 145.31027, 309.15201, 114.88541, 312.8959, 84.681564, 288.23218, 158.6622, 292.06549, 128.06331, 295.55746, 98.032936, 299.35135, 67.829628, 271.08948, 171.98067, 274.79413, 141.53012, 278.40948, 111.27468, 282.23663, 81.24424, 257.39847, 155.1644, 261.38242, 124.50963, 265.17395, 94.404297, 269, 64.521301, 240.24403, 168.80226, 244.14867, 137.96892, 247.86725, 107.91376, 251.94615, 77.946159, 227.16708, 151.77852, 231.09651, 121.41959, 234.56865, 91.092926, 238.39253, 61.378597, 210.09895, 165.3409, 213.91826, 134.79933, 217.72949, 104.62258, 221.50536, 74.826126, 196.95795, 148.49022, 200.34859, 118.54626, 204.36526, 88.42572, 208.35522, 58.534088, 180.16264, 162.16264, 183.67842, 131.92082, 187.36195, 101.94206, 191.49043, 71.959549, 167.04478, 145.47414, 170.67262, 115.43031, 174.64421, 85.519066, 178.71117, 56.336945, 150.44676, 159.22008, 154.16264, 129.16264, 157.86469, 99.294472, 161.662, 69.540276;
  307.33975, 170.34096, 309.2243, 139.18053, 310.76163, 108.50353, 312.40759, 78, 292.93274, 154.03345, 294.42914, 123.17525, 296.04086, 92.619637, 298, 62.577675, 276.44867, 168.86032, 278.42181, 138.0571, 279.9097, 107.43472, 281.75879, 77.132477, 262.34778, 152.48122, 264, 122, 265.7088, 91.949379, 267.47372, 61.895412, 246.17606, 167.06071, 248.04521, 136.71617, 249.78595, 106.51261, 251.60936, 76.527641, 232.07918, 151.32158, 234.06944, 121.32071, 235.66179, 91.346024, 237.60854, 61.494106, 216.57768, 166, 218.23909, 135.9052, 219.98659, 105.9866, 221.68898, 76.419708, 202.74208, 150.45123, 204.37477, 120.55491, 206.35579, 90.745071, 208.34306, 61.729408, 187.64589, 165.15781, 189.07768, 135.26694, 190.94228, 105.54218, 192.88147, 76.487877, 174.26537, 149.93498, 175.60521, 120.06042, 177.49066, 90.830986, 179.89735, 61.712601, 159.53082, 164.35001, 161.05383, 134.62505, 162.69534, 105.38329, 164.83699, 76.38237;
  315.82996, 181.13878, 315.76654, 151.07103, 315.75461, 121.83472, 316.17896, 93.312935, 301.51282, 166.45363, 301.53644, 136.82901, 301.57544, 108.41707, 301.79254, 80.05674, 286.76038, 181.71382, 287.03787, 152.44691, 287.5, 123.5, 287.58112, 94.980667, 272.75613, 167.42044, 273.10315, 138.65994, 273.63, 109.96696, 274.12091, 82.004097, 258.8978, 182.52605, 259.10315, 153.65994, 259.50934, 124.89273, 259.93655, 96.959618, 245.10841, 168.61179, 245.61221, 139.91415, 246.21431, 112.01344, 246.78198, 84.294044, 231.5, 183.5, 232.04031, 154.77242, 232.37154, 126.8368, 233.14905, 99.207741, 218.29993, 169.66707, 218.9532, 141.67679, 219.7668, 113.93063, 220.60307, 86.832954, 205, 184.5, 205.42375, 156.3611, 206.22614, 128.81367, 207.28899, 101.51302, 192.57913, 171.2924, 193.14905, 143.20775, 194, 116, 195.36336, 89.249908, 179.57689, 185.66621, 180.226, 157.77841, 181.23692, 130.78532, 182.29247, 103.72644;
  155.72382, 199.73227, 158.65845, 173.79959, 161.5688, 148.48679, 164.31506, 123.52666, 145.20422, 184.15442, 148.1698, 158.10225, 151.35091, 133.22806, 154.04811, 108.36941, 131.42929, 195.08015, 134.66716, 168.58995, 137.62198, 142.83345, 140.61273, 117.52068, 120.61213, 178.93594, 123.94508, 152.83206, 127.16979, 127.10224, 130.4919, 101.94418, 106.44077, 189.98811, 109.84467, 163.10947, 113.16808, 137.16808, 116.63759, 111.72563, 95.413673, 174.08858, 99.101273, 147.24892, 102.66161, 121.65554, 106.36688, 96.24585, 81.04937, 185.05876, 84.685867, 158.02295, 88.371338, 131.31454, 92.172554, 106.03339, 69.84864, 168.73381, 73.5, 142.06693, 77.68203, 115.79572, 81.617065, 89.950974, 54.860683, 179.92743, 58.964222, 152.46622, 62.830204, 125.89776, 66.964256, 100.03574, 43.5, 163.5, 47.814091, 136.17397, 52.178249, 109.9976, 56.369175, 84.433365, 28.055399, 174.75099, 32.569164, 147.11676, 36.992165, 120.2607, 41.522442, 94.248634;
  181.71056, 199.89305, 175.27266, 173.68968, 168.70918, 147.75897, 162.37878, 122.19339, 166.85736, 189.64085, 160.34583, 163.10228, 154.09592, 137.13454, 147.62698, 111.56985, 158.45624, 205.9744, 151.80328, 179.1297, 145.33047, 153.12996, 139, 126.70287, 143.06442, 195.468, 136.68906, 168.86327, 130.1698, 142.10225, 123.97029, 115.74251, 134.40669, 212.01865, 127.62043, 184.92816, 121.20255, 158.03647, 114.93559, 131.468, 118.88925, 201.66649, 112, 174.5, 105.65943, 147.19594, 99.334633, 120.87807, 109.74757, 218.69591, 103.11732, 191, 96.14991, 163.70148, 89.994598, 136.5, 93.561203, 208.06238, 86.94191, 180.40884, 80.212318, 152.92599, 74.206314, 125.61809, 84.312912, 225.52296, 77.283951, 197.5, 70.757019, 169.64244, 64.061775, 142.01424, 67.981483, 214.7744, 61.019485, 186.75494, 54.670059, 158.49359, 48.110924, 131.36305, 58.308289, 232.44373, 51.151325, 203.87347, 44.798939, 175.87787, 38.055397, 147.75099;
  239.17883, 220.18488, 241.35626, 192.70833, 243.31653, 165.40891, 245.67867, 138.88649, 228.4556, 204.89984, 230.39044, 177.179, 232.54625, 150.00639, 234.81828, 123.19771, 214.95343, 217.59708, 217, 189.5, 219.2672, 161.80389, 221.77684, 134.65662, 203.3092, 201.98376, 205.6174, 173.79369, 208.20953, 145.9803, 210.97337, 118.55883, 189.73703, 215.0918, 191.85321, 186.19371, 194.28177, 157.94075, 196.87228, 130.11299, 177.88991, 199.21371, 180.28726, 170.37029, 183.03462, 142.0688, 185.88663, 114.22922, 163.33504, 212.50552, 166.0307, 182.98996, 168.49341, 154.29547, 171.19128, 125.58659, 151.13077, 196.19919, 153.9157, 166.93672, 157.08223, 137.9549, 159.93373, 109.67843, 136.5, 210, 139.07283, 179.79034, 141.86586, 150.35818, 145.08319, 121.49233, 123.76438, 193.36539, 126.78477, 163.13306, 130.04291, 133.67487, 133.31972, 104.80842, 108.76492, 206.96153, 111.8847, 176.47935, 114.84456, 146.47375, 118.11519, 117.31884;
  291.98343, 237.90617, 296.28348, 206.43732, 300.52682, 175.90451, 304.67349, 146.89209, 279.03876, 217.68793, 283.58966, 186.81326, 288.21588, 156.4101, 292.68329, 127.60887, 261.26669, 229.6122, 266.03467, 197.75177, 270.93832, 166.70612, 276.13269, 137.07959, 248.14284, 209.30553, 253.26105, 177.48679, 258.63599, 147.0907, 263.75977, 117.36968, 229.65567, 221.15668, 235.0096, 188.69048, 240.46394, 157.12975, 246.1759, 127.00123, 216.03928, 200.06294, 222.01976, 167.78174, 228.08951, 137.21895, 233.9843, 107.28563, 196.50182, 212.11659, 202.89407, 179.15866, 209.10924, 147.50006, 215.27408, 117.0906, 183.33543, 190.76927, 189.69812, 158.3638, 196.23624, 127.05023, 203.05067, 97.329124, 163.12511, 202.89223, 169.60896, 169.40732, 176.7408, 137.35052, 183.79358, 106.89755, 149.40433, 181.39293, 156.65388, 148.28226, 164.25429, 116.85962, 171.56099, 87.023109, 128.75006, 193.59824, 136.1123, 159.67197, 144.25533, 127.45951, 151.80443, 96.499207;
  287.69855, 333.60257, 296.40695, 300.4278, 305.1683, 266.66626, 313.70181, 232.91064, 275.91837, 313.29825, 284.40448, 279.5834, 293.31207, 245.81706, 301.79199, 211.6517, 255.56761, 326.44064, 263.70352, 292.73419, 272.6774, 258.70352, 281.26013, 224.49028, 243.07529, 305.91635, 251.5963, 271.75381, 260.47342, 237.61935, 269.16574, 203.05785, 222.0668, 319, 230.43489, 284.90485, 239.14149, 250.62524, 248.01161, 215.98839, 209.56006, 298.34091, 217.95212, 263.82947, 226.63416, 229.06094, 235.4379, 194.31831, 188.04837, 311.60889, 196.55698, 277.08774, 205.12119, 242.18248, 214.03368, 207.27733, 175.09915, 290.14059, 183.64719, 255.45396, 192.1039, 220.67593, 201.0274, 185.92644, 153.89087, 303.7402, 162.08601, 268.85815, 170.64882, 233.97556, 179.48903, 199.01312, 141.08882, 282.16849, 148.96715, 247.12341, 157.964, 212.17778, 166.94557, 177.14586, 119.46475, 295.64255, 127.75589, 260.66306, 136.21916, 225.78975, 144.85042, 190.21982;
  560.52795, 321.84637, 557.31659, 288.18002, 553.45947, 254.81801, 549.12457, 221.68541, 544.99384, 306.32037, 541.79083, 272.29843, 537.62335, 238.83681, 533.03918, 205.47064, 532.90509, 325.11713, 529.13129, 290.59628, 525.45093, 256.35391, 521.26691, 222.71396, 516.49304, 309.16003, 512.93781, 274.4386, 508.84354, 240.22769, 504.83426, 206.00009, 503.24908, 328.34094, 499.67032, 292.9476, 495.71555, 258.07474, 491.78879, 223.37657, 486.12106, 311.87488, 482.5, 276.5, 478.7627, 241.44495, 474.73151, 206.70615, 471.95377, 331.49854, 468.45096, 295.54349, 464.88736, 259.72971, 461.00809, 224.6384, 454.10776, 315.07532, 450.6951, 278.57651, 446.76135, 242.81209, 442.80154, 207.20491, 439.1188, 335.20004, 435.78571, 298.07977, 432.17535, 261.93344, 428.19202, 225.59088, 420.3479, 318.07462, 416.96826, 281.07843, 413.47607, 244.40811, 409.36899, 208.1729, 404.64871, 338.41586, 401.40091, 300.87772, 397.71219, 263.49393, 394.36066, 226.81212;
  334.32407, 337.142, 347.202, 309.26505, 360.43323, 280.61682, 374.1734, 251.80513, 326.53986, 316.93488, 339.45068, 288.71176, 352.70724, 259.82629, 366.03989, 230.30705, 305.79349, 324.93793, 318.53839, 296.46719, 331.94049, 267.73627, 344.6611, 238.50688, 297.57803, 304.22034, 310.77713, 275.68997, 323.66574, 246.57341, 337.11713, 217.08134, 276.63077, 312.49414, 289.40894, 283.5126, 302.52032, 254.85106, 315.51306, 225.1562, 268.43655, 291.53372, 281.37286, 262.3923, 294.36685, 233.32843, 307.47946, 203.79021, 247.37296, 299.51089, 260.06381, 270.55569, 272.71283, 241.47986, 286.05566, 211.45638, 238.76767, 278.48203, 251.69992, 249.42101, 264.61655, 219.87102, 277.57861, 190.29741, 218.05739, 286.55917, 230.58464, 257.51395, 243.1075, 228.09555, 256.11115, 198.35431, 209.65022, 265.65024, 221.99396, 236.39659, 234.57137, 206.7543, 247.95399, 176.77998, 189.05716, 273.73178, 201.03392, 244.54147, 213.84523, 215.09677, 226.53156, 185.38078;
  276.19006, 228.38007, 261.4386, 201.6402, 248.08679, 176.98604, 235.3793, 154.18285, 253.51651, 225.26926, 239.90871, 199.31894, 227.35728, 175.47841, 215.63264, 152.95995, 245.13385, 249.31075, 231.72514, 222.37416, 219.09723, 197.4288, 207.37297, 173.95229, 223.18047, 246.01082, 210.99957, 219.95139, 199.42303, 195.43742, 188.43355, 172.39948, 214.63829, 270.31711, 202.65102, 242.89919, 190.99577, 217.35239, 180.40552, 193.60664, 194.05324, 266.52838, 182.74867, 239.8895, 172.18971, 215.05438, 162.41389, 191.6498, 185.38695, 290.3284, 174.27513, 262.87375, 163.65413, 237.14833, 154.23956, 213.04471, 165.60884, 286.29568, 155.37437, 259.53976, 145.55655, 234.63322, 137.08414, 210.98561, 156.96748, 309.92599, 146.82619, 282.39951, 137.23877, 256.38022, 128.67883, 232.09775, 138.40604, 305.39273, 128.97498, 278.48572, 120.26343, 253.45071, 112.508, 229.74783, 130.08415, 328.71732, 120.68104, 301.13354, 112.0248, 275.08981, 104.00092, 250.53964;
  467.53369, 254.84193, 456.62598, 221.77081, 445.34854, 188.40321, 433.42474, 154.60573, 445.70917, 244.60095, 434.53281, 211.37529, 422.81915, 177.81644, 410.68375, 143.56543, 434.99277, 267.31702, 423.65103, 234.30614, 411.75195, 200.62979, 400, 166.81442, 412.74487, 257.25317, 401.15051, 223.90651, 389.04584, 190, 377.03882, 155.8696, 402, 280, 390.12036, 246.80167, 378.11249, 213.21512, 366.08032, 179.18393, 379.20541, 269.80646, 367.05014, 236.48175, 355.09409, 202.69716, 342.16821, 168.14368, 368.45245, 292.56741, 356.13477, 259.53, 343.92755, 226.10036, 331.24454, 192.05446, 345.65402, 282.74222, 332.94775, 249.28532, 320.54852, 215.50243, 307.81223, 181.0554, 334.84387, 305.44788, 322.43814, 272.49283, 309.85941, 239.09915, 296.96643, 205.03662, 312.05798, 295.48148, 299.12354, 262.33139, 286.1564, 228.55826, 273.46451, 194.38591, 301.61929, 318.00659, 288.91534, 285.36188, 275.8721, 252.03377, 262.86633, 217.96297;
  423.11407, 315.57739, 433.86517, 286.68622, 443.9368, 257.85254, 453.9762, 228.9823, 417.07544, 297.49857, 427.40567, 268.50272, 437.62167, 239.38643, 447.79083, 209.7421, 399.61401, 308.979, 410.06174, 279.48993, 420.84033, 249.70784, 431.27884, 220.02641, 392.86163, 290.42374, 403.15738, 260.45886, 414.03894, 230.39911, 424.535, 200.11911, 374.67108, 301.92038, 385.45047, 271.56512, 395.94922, 240.96559, 406.89896, 210.5177, 367.2236, 282.98718, 378.04749, 252.05533, 388.78464, 221.27956, 399.69867, 190.10114, 348.45053, 294.578, 359.44949, 263.16107, 370.44226, 232.13344, 380.96146, 200.73949, 340.19464, 274.81381, 351.42493, 243.16982, 362.24902, 211.30467, 373.24765, 179.55792, 320.58237, 286.73932, 331.9704, 254.6216, 343, 222.5, 353.71933, 190.39224, 311.91852, 266.3923, 323.08997, 233.79593, 334.38495, 201.50679, 345.40128, 168.65329, 291.50494, 278.42453, 302.87723, 245.72887, 314.1441, 212.58165, 325.52765, 179.62761;
  434.93634, 322.34561, 447.36523, 294.21176, 460.00211, 265.47366, 471.9259, 237, 428.84473, 303.52032, 441.34424, 274.84396, 453.65466, 246.20212, 465.97485, 217.13397, 409.59961, 313.01376, 422.24551, 284.16898, 434.85086, 255.16901, 447.31857, 225.81725, 403.14215, 293.59607, 415.63898, 264.09778, 428.49203, 234.87239, 440.89362, 205.40337, 383.46091, 303.23236, 396.19934, 273.80008, 408.77588, 244.00409, 421.85886, 214.28664, 376.01324, 283.27734, 388.87979, 253.33322, 401.70975, 223.41553, 414.46738, 193.19891, 355.79547, 292.93021, 368.79456, 263.10434, 381.57843, 232.7171, 394.39114, 202.15009, 348.06213, 272.48474, 360.83472, 242.00151, 373.73044, 211.32848, 386.88898, 180.59894, 327.11917, 282.68817, 340.16757, 251.72523, 353.00595, 220.70787, 366.10413, 189.76083, 318.8605, 261.49597, 332.04956, 230.55182, 345.04553, 199.1011, 357.94217, 167.8885, 297.45187, 271.45038, 310.45618, 240.20956, 323.53073, 208.61967, 336.79443, 177.61505;
  443.42889, 325.10718, 456.43817, 296.85956, 469.36996, 268.5257, 481.93628, 239.47226, 437.17691, 305.76627, 450.2236, 276.98718, 462.7995, 248.22951, 475.61536, 219.05037, 417.35352, 314.70471, 430.57251, 286.03885, 443.5, 257, 456.33704, 227.89929, 410.54544, 295.05237, 423.61285, 265.84259, 436.51077, 236.21638, 449.54678, 206.80354, 390.16266, 304.16266, 403.42612, 274.8038, 416.21707, 245.06818, 429.42636, 215.31372, 382.83368, 283.87054, 396, 254, 409.29529, 224.12575, 422.09283, 193.98265, 362, 293.08002, 375.20721, 262.7673, 388.66861, 233.02444, 401.66519, 202.53763, 354.07059, 271.98203, 367.42609, 241.95444, 380.65118, 211.53778, 393.95197, 181.10831, 332.82504, 281.48322, 346.08444, 251.12125, 359.46707, 220.62904, 372.85342, 189.9151, 324.55264, 260.44736, 338.28879, 229.68092, 351.30167, 198.6515, 364.55569, 167.9362, 303.18604, 269.52115, 316.47479, 238.71294, 329.85843, 207.88214, 343.05621, 176.90675;
  438.47324, 229.86887, 419.87894, 201.06274, 402.02292, 173.63086, 384.38708, 147.0526, 415.28775, 225.52267, 397.05322, 197.24927, 379.88504, 170.23271, 362.99878, 144.1759, 410.37222, 250.32158, 392.29858, 221.46307, 375.20239, 193.70479, 358.22809, 167.0585, 387.71783, 245.49803, 370.43387, 217.12416, 353.81082, 190.05011, 337.4043, 164.17796, 382.65753, 269.63608, 365.51401, 241.27621, 348.87958, 213.46329, 332.93243, 186.69978, 360.70956, 264.9809, 344.06848, 236.69437, 328.18301, 209.5629, 312.51553, 183.40004, 355.71112, 288.80374, 339.12781, 260.44321, 323.41348, 232.70125, 308.30661, 206.1371, 334.15027, 283.80435, 318.3851, 255.82504, 303.54749, 228.84839, 288.66086, 202.66144, 329.42703, 307.29532, 313.82632, 278.92969, 298.41846, 251.40515, 283.91721, 225.03053, 309.01471, 302.11215, 293.55615, 274.22964, 279.40933, 247.34557, 265.24451, 221.12726, 304.14728, 325.19366, 288.97589, 297.04755, 274.60641, 269.71625, 260.65576, 243.15604;
  397.48849, 228.59242, 381.22818, 202.02504, 365.83118, 177.16884, 351.1604, 153.44035, 375.20593, 224.81952, 359.86624, 198.85703, 345.02405, 174.26314, 330.8129, 150.96893, 369.20419, 247.42012, 354.10434, 220.79456, 338.98648, 195.4911, 324.78876, 171.29623, 347.92743, 243.06841, 332.93735, 217.02792, 318.98718, 192.22362, 305.45001, 168.5291, 341.44669, 265.94815, 326.87308, 239.34477, 312.62231, 213.64253, 299.49564, 189.27545, 320.46561, 261.71335, 306.4805, 235.35507, 293.44135, 210.22748, 280.2999, 186.34982, 314.29446, 284.14816, 300.237, 257.20917, 286.8103, 231.77126, 274.33911, 207.16267, 293.99292, 279.6976, 280.60773, 253.19502, 268.04749, 228.05533, 255.86011, 203.94498, 287.61313, 301.92972, 274.25272, 274.99905, 261.51389, 249.29047, 249.85574, 224.66295, 267.95374, 296.98978, 255.23697, 270.62524, 243.03094, 245.55412, 231.94518, 221.50484, 261.88953, 318.5954, 249.03128, 292.40988, 236.91785, 266.6767, 225.82932, 241.86568;
  382.828, 229.08954, 368.66714, 203.59621, 355.21683, 180.01109, 342.38605, 157.64847, 361.42706, 224.58165, 347.97595, 199.73686, 335.13104, 176.42696, 322.72385, 154.41792, 354.1268, 245.90173, 340.61218, 220.56351, 327.78912, 196.25023, 315.48306, 173.34131, 333.18213, 241.40665, 320.60617, 216.60617, 308.25708, 192.74294, 296.61227, 170.00858, 325.72266, 262.98676, 313, 237, 300.68759, 212.63228, 289.44006, 189.29108, 305.4769, 258.04898, 293.31418, 232.81868, 281.81949, 208.88167, 271.0307, 186.0307, 297.58276, 279.69022, 285.46802, 253.64363, 274.14505, 228.79616, 263.5, 205.5, 277.57507, 274.83017, 266.39188, 249.28773, 255.826, 225.01721, 245.91272, 202.11699, 269.93933, 296.01175, 258.55896, 269.8887, 248.00558, 245.10974, 238.23096, 221.50264, 251.15857, 290.9342, 240.33911, 265.16269, 230.3327, 240.81577, 221.06976, 217.84612, 243.20255, 312.00992, 232.66089, 285.83731, 222.44876, 260.73352, 213.30878, 236.90533;
  372.8912, 231.42889, 360.80927, 206.94571, 349.29816, 184.50706, 338.62891, 163.41556, 352.01273, 226.27309, 340.63232, 202.72218, 330.03635, 180.5634, 319.83643, 159.42133, 343.12485, 245.60365, 331.95541, 221.29597, 321.29407, 198.12529, 311.3642, 176.61674, 322.91568, 240.51196, 312.51215, 216.59319, 302.50519, 194.01131, 293.17075, 172.46645, 313.88586, 260.39832, 303.1604, 235.44035, 293.54242, 212.08392, 284.26724, 189.92426, 294.22974, 254.53288, 284.27701, 230.45653, 275.44818, 207.819, 266.5, 186, 284.7016, 274.44733, 275.04132, 249.41328, 265.83569, 226.03232, 257.32153, 203.89807, 265.32901, 269.10873, 256.37665, 244.47813, 248.06534, 221.49207, 240.2782, 199.62619, 255.79778, 288.7514, 246.6429, 263.57904, 238.51508, 239.7037, 231.00471, 217.09128, 237.2863, 283.28784, 229.05273, 258.32822, 221.48915, 234.99117, 214.5, 213, 227.58784, 302.84647, 219.5, 277.5, 211.91609, 253.19955, 205, 230.5;
  360.38907, 265.10229, 355.60519, 238.98123, 350.72549, 214.12669, 345.97006, 190.43459, 342.53, 253.55351, 338.05725, 228.00652, 333.60965, 203.43953, 329.57849, 179.8454, 329.54053, 268.77124, 325.20386, 242.04309, 321.14349, 216.95483, 317.28934, 192.59273, 311.96542, 256.56787, 308.14618, 230.96478, 304.34579, 206.21028, 300.92499, 182.49771, 298.36072, 271.84744, 294.63129, 245.09045, 291.20886, 219.74762, 287.88354, 195.58487, 280.8862, 260.00928, 277.7402, 233.85718, 274.65778, 208.81071, 272.13052, 185.1066, 266.86813, 275.2377, 263.77673, 248.10866, 261.08417, 223.02737, 258.66754, 198.56738, 249.88438, 263.224, 247.14616, 236.96478, 244.87857, 212.04929, 242.9467, 188.30659, 235.39543, 278.49261, 233.38936, 251.60394, 231.15286, 225.90186, 229.31953, 201.49612, 219.00813, 266.54651, 216.87093, 240.1424, 215.50919, 214.90482, 214.25966, 191.08336, 204.26054, 281.7738, 202.49706, 254.87975, 201.50584, 229.03799, 200.40323, 204.39258;
  358.46326, 300.9899, 360.35425, 271.35727, 361.66809, 241.61499, 363.5, 212.90001, 344.5, 285, 346.06143, 255.44797, 348.07565, 226.38512, 349.5, 197.29509, 328.65982, 299.18173, 330.55746, 268.96707, 332.40265, 239.68094, 334.1965, 210.65668, 314.65228, 283.21185, 316.49371, 253.45303, 318.47675, 224.10632, 320.43265, 195.04135, 298.78555, 297.12021, 300.72922, 267.3461, 302.60248, 237.79547, 304.54868, 208.90686, 284.76834, 281.26724, 286.77383, 251.39233, 288.82538, 222.36098, 291.11789, 193.08507, 268.79193, 295.05377, 270.82901, 265.42291, 272.8252, 235.89578, 275, 206.42232, 254.89671, 279.24326, 256.85507, 249.58409, 259.07962, 220.41383, 261.51364, 191.36047, 238.72844, 293.36511, 241.01309, 263.4339, 243.36195, 233.94206, 245.40747, 204.7746, 225, 277.40759, 227.41832, 247.88199, 229.90018, 218.42661, 232.492, 189.65242, 209.09445, 291.2594, 211.45697, 261.54504, 213.67743, 232.24791, 216.59975, 203.32803;
  331.56924, 314.69235, 338.32532, 288.14679, 345.31207, 260.82321, 352.51254, 233.06375, 321.5, 297.5, 328.11679, 270.78418, 335.05438, 243.396, 341.48746, 214.93625, 305.08835, 306.71262, 311.21155, 280.21155, 317.87433, 253.11337, 324.30765, 225.43074, 294.68094, 289.68094, 301.18082, 262.8024, 307.5, 235.5, 313.79105, 207.44685, 278.31985, 298.68015, 284.56656, 272.40057, 290.78558, 245.28989, 297.03549, 217.8811, 268.25244, 281.69592, 274.25385, 255.15523, 280.3255, 227.77444, 286.82617, 200.00665, 252.30202, 291.01938, 258.11102, 264.69952, 264.01624, 237.72253, 270.13876, 210.38498, 242.36002, 273.78949, 248, 247.5, 253.85304, 220.34607, 259.84097, 192.85895, 226.93416, 283.31589, 232.14767, 256.80975, 237.93416, 230.31587, 243.91095, 203.31053, 217, 266.5, 222.30177, 239.93323, 227.99782, 213.27982, 234.0741, 186, 202.02649, 275.5675, 207.21887, 249.68083, 212.57828, 223.28979, 218.15115, 196.30487;
  324.99588, 314.48117, 331.69592, 288.25244, 338.32553, 261.27759, 345.44147, 233.16716, 315.12646, 296.88654, 321.63141, 270.39722, 328.19788, 242.90718, 334.80551, 214.71461, 299.11411, 305.71533, 305.08142, 279.45825, 311.5, 252.5, 317.96295, 224.85185, 289.237, 288.07904, 295.39481, 261.57623, 301.5, 234.5, 307.90042, 206.65535, 273.879, 297.034, 279.24295, 270.68805, 285.22702, 243.98775, 291.5, 216.5, 264.1738, 279.67538, 269.93414, 253.31587, 275.85083, 226.37794, 281.82748, 198.70544, 249.03984, 288.09738, 254.52028, 262.2153, 260.19476, 235.81372, 266.09274, 208.78728, 239.56168, 271.00522, 245.04951, 245.08331, 250.54227, 218.44662, 256.20154, 191.12933, 224.76382, 279.8378, 230.03333, 254.05777, 235.28903, 227.81371, 241, 201, 215.7887, 262.83636, 220.46564, 236.99821, 226.23984, 210.86736, 231.68254, 183.9247, 201.76466, 271.44244, 206.54131, 246.01137, 211.51985, 219.99701, 216.82423, 193.75099;
  274.59979, 304.68747, 275.9859, 276.13388, 277.43555, 246.74971, 278.77338, 217.3943, 264.27838, 287.6315, 265.4162, 259.13892, 266.85928, 230.15144, 268.2533, 200.62253, 252.87381, 298.79868, 253.84358, 270.98779, 255.13071, 242.43188, 256.44583, 213.58189, 242.99147, 282.18854, 244.14041, 254.36266, 245.04047, 226.18973, 245.91985, 197.5, 232.27171, 293.09457, 233.1938, 266.06793, 233.9684, 238.36858, 235.13106, 210.28412, 222.89383, 277.03818, 223.93031, 250.13643, 224.5023, 222.60202, 225.52797, 194.92491, 212.9707, 287.974, 213.44698, 261.35916, 214.09621, 234.59538, 215.36156, 207.12534, 203.72586, 272.4664, 204.34003, 246.08549, 205.16292, 219.21529, 206.43544, 192.20485, 194.47495, 282.9657, 194.84036, 257.11011, 195.45236, 231.1187, 196.54807, 204.2108, 185.62463, 267.88065, 186.18753, 242.15546, 186.64081, 216.16087, 188.00368, 189.67577, 176.88512, 278.31125, 177.28391, 252.82838, 177.71835, 227.59486, 178.73012, 201.70807;
  183.05138, 315.56454, 182.52719, 290.03424, 181.83192, 264.16809, 181.44373, 238.83069, 170, 302.94061, 169.4778, 277.11926, 169.02971, 251.74251, 168.87228, 226.27623, 157.79355, 316, 157.16652, 290.41129, 156.7251, 264.92569, 156.47186, 239.31169, 144.94862, 303.43546, 144.40843, 277.9386, 144.20453, 252.48184, 144, 227, 132.94862, 316.43546, 132.3967, 290.79691, 131.81625, 265.15662, 131.64986, 240.14627, 120.31857, 303.76111, 119.58606, 278.29044, 119.51609, 253, 119.62697, 227.63948, 108.31857, 316.76111, 107.65376, 291.16696, 107.43934, 265.85175, 107.42447, 240.79367, 95.772827, 304.0491, 95.44883, 278.77518, 95.504684, 253.54066, 95.546669, 228.5, 84.267601, 317.03473, 83.57888, 291.79031, 83.54821, 266.48486, 83.508331, 241.31018, 72.130196, 304.54425, 71.416451, 279.46735, 71.416451, 254.46735, 71.622383, 229.19696, 60.416447, 317.46735, 60.203178, 292, 59.796822, 267, 59.796822, 242;
  338.767, 305.34952, 339.94586, 274.46204, 340.9827, 243.18724, 342.06622, 211.91669, 324.08002, 290, 324.95364, 258.89929, 326.07388, 227.18579, 327.17679, 195.80763, 308.0477, 305.53177, 308.90146, 274.09854, 309.9147, 242.8696, 311.13391, 211.18658, 292.97504, 289.98096, 293.87613, 258.12387, 294.91827, 226.842, 296.1369, 194.84984, 276.91016, 305.3111, 277.54599, 274.04034, 278.71857, 242.15331, 279.83112, 210.5, 261.48605, 289.58466, 262.54599, 258.04034, 263.31503, 225.92201, 264.61362, 193.85158, 245.48196, 305.51804, 246.11873, 273.77713, 246.89345, 241.80122, 248.34068, 209.71068, 229.87949, 289.35675, 230.69571, 257.49554, 231.67305, 225.67305, 232.75797, 193.28642, 213.94453, 305.06845, 214.55783, 273.40213, 215.18579, 241.61493, 216.55765, 209, 198.64444, 289.38971, 199.03235, 257.28336, 200.03975, 225.02608, 201.22505, 192.86559, 182.94633, 305.00308, 183.09785, 273.08557, 183.70323, 241.10823, 184.89629, 208.57213;
  343, 307, 345.43207, 275.64066, 348.03159, 245.01399, 350.23587, 213.27216, 329.00214, 290.83704, 331.51254, 259.23676, 333.9187, 228.02089, 336.39658, 196.28111, 312.38345, 305.47641, 314.67053, 274.12918, 317.06079, 242.8421, 319.78632, 211.01797, 297.82321, 289.01874, 300.14063, 257.76773, 302.80133, 225.98158, 305.31027, 193.92513, 281.07108, 304.14011, 283.40213, 272.55783, 285.76456, 240.97116, 288.59802, 208.91075, 266.6272, 287.59561, 269.04218, 255.75101, 271.51962, 223.69582, 273.99539, 191.71742, 249.90804, 302.41205, 251.96304, 270.78564, 254.32228, 238.88391, 256.72443, 206.72441, 235.09816, 285.86111, 237.16284, 253.78368, 239.61224, 221.66234, 242.31711, 189.61855, 218.21855, 301.00241, 220.2789, 269.04114, 222.66035, 236.79936, 225.18079, 204.69725, 203.5, 284.22513, 205.50519, 251.9511, 207.93756, 219.73112, 210.69324, 187.33344, 186.89598, 299.2814, 188.6422, 267.3898, 190.63306, 235.10663, 193.35814, 202.56894;
  382.48297, 289.0463, 385.41443, 255.22606, 388.08966, 221.60356, 390.51395, 188.58464, 367.28046, 270.66531, 369.99036, 237.05052, 372.46692, 203.91492, 375.06055, 170.94397, 349.05237, 286.4548, 351.78809, 252.48268, 354.54263, 219.09055, 357.37921, 186.06175, 333.68497, 268.09479, 336.53824, 234.60283, 339.50296, 201.41025, 342.20767, 168.75804, 315.62683, 283.51559, 318.39755, 249.73837, 321.41199, 216.92133, 324.5, 184.00764, 300.61212, 265.33099, 303.51913, 231.96289, 306.52985, 199.13139, 309.59848, 166.80138, 282.60553, 280.77896, 285.79495, 247.51022, 288.79938, 214.66035, 291.91019, 182.01642, 267.70792, 262.43909, 271.01767, 229.79971, 274.21838, 196.91057, 277.48953, 165.04752, 250.25021, 277.96948, 253.20935, 244.92577, 256.65024, 212.34978, 260.01065, 180.17511, 235.88612, 260.41754, 239.06714, 227.68094, 242.4971, 195.30789, 245.99269, 163.66519, 218.83989, 275.31711, 222.21999, 242.68904, 225.0098, 210.51115, 228.9203, 178.75299;
  387.40024, 290.8093, 389.29608, 256.61218, 391.23035, 222.42552, 392.44586, 189.05058, 371.4595, 272.87894, 373.18494, 238.41064, 374.97437, 205.07191, 376.44254, 171.95746, 353.33258, 289.33615, 355.50116, 254.85667, 357.23383, 221.02406, 358.72986, 187.58336, 337.40948, 271.09888, 339.36697, 237.14983, 341.37537, 203.58052, 343.10867, 170.48239, 319.41769, 287.41769, 321.45941, 253.36674, 323.5069, 219.6611, 325.49268, 186.49268, 303.45621, 269.54532, 305.67307, 235.67305, 307.84546, 202.56061, 309.83112, 169.5, 285.68057, 285.70782, 288.05984, 251.59029, 290.16449, 218.5993, 292.41592, 185.6328, 270.30145, 267.60257, 272.59814, 234.38377, 274.55002, 201.27534, 277.20572, 168.79428, 252.70105, 283.45706, 255.03268, 250.18779, 257.62204, 217.13489, 260.08603, 184.9424, 237.95468, 265.91956, 240.27129, 232.99197, 242.65022, 200.34978, 245.17429, 168.17328, 220.70801, 281.59634, 223.11818, 248.6834, 225.36732, 216.05693, 228.04732, 183.95268]
