image_Width 1280
image_Height 720
board_Width 5
board_Height 6
square_Size 25.5
Camera_Matrix[994.1857055250848, 0, 652.763799552283;
  0, 989.6658171664607, 339.8798641887981;
  0, 0, 1]
Distortion_Coefficients[0.01233655913584688;
  0.01378170329631141;
  0;
  0;
  -0.07007801575618876]
Avg_Reprojection_Error 0.291829
Per_View_Reprojection_Errors[0.16887158;
  0.16910696;
  0.16767263;
  0.21756808;
  0.19034855;
  0.22383405;
  0.22339199;
  0.21926168;
  0.26274657;
  0.23753743;
  0.30296537;
  0.22697361;
  0.2419619;
  0.23769611;
  0.21429664;
  0.21128015;
  0.25823671;
  0.26016277;
  0.26131555;
  0.2057479;
  0.22077712;
  0.21482401;
  0.22604832;
  0.21357353;
  0.23649868;
  0.20312674;
  0.21519701;
  0.34763059;
  0.30267623;
  0.20093448;
  0.18491319;
  0.1871924;
  0.27493668;
  0.22390553;
  0.1579465;
  0.17893291;
  0.14904056;
  0.21386248;
  0.20323159;
  0.21825285;
  0.24532714;
  0.26242208;
  0.22675753;
  0.33924603;
  0.28148299;
  0.24843676;
  0.32609323;
  0.30904746;
  0.22380406;
  0.23378563;
  0.28362098;
  0.27733946;
  0.57239068;
  0.45035663;
  0.40278614;
  0.5188759;
  0.3670513;
  0.33635357;
  0.34101343;
  0.28970537;
  0.35591322;
  0.3175154;
  0.50925118;
  0.57717627;
  0.33911586;
  0.33491901;
  0.43587708;
  0.31694067;
  0.24897534;
  0.38712373;
  0.33758634;
  0.36733502;
  0.27105123;
  0.24196793;
  0.33689934]
Extrinsic_Parameters[2.159093683202304, -2.211284290750912, -0.03282948621960154, 62.30018642623148, 45.43978194546567, 427.0458195496673;
  2.157398207417566, -2.210384291033352, -0.03256651464721132, 62.21384390516196, 44.81077299083199, 426.9002218706881;
  2.156414355864205, -2.21257710913298, -0.03494896447634942, 62.14710653099415, 45.14796111112727, 426.9674809680045;
  2.177644917847729, -2.221731304584434, 0.002166996515982553, 59.59486572325684, 41.30890599919678, 432.2262635772858;
  2.181415142816161, -2.225643609737523, 0.005947824384307011, 59.32344533906246, 40.04636984996418, 435.1167112593054;
  -2.108986753044638, 2.221334830686528, -0.1091792383568661, 57.30856302192082, 39.51323475361385, 451.7409460039145;
  -2.098659441996122, 2.199670103740321, -0.152477893755075, 56.44646619238916, 34.61084250757293, 456.9024424303341;
  -2.087326881888417, 2.194668575046544, -0.1658046793959763, 55.73015996036008, 33.79702705966852, 457.5652066709162;
  -2.07995239788242, 2.187634037276281, -0.1821047579103516, 54.29816055302634, 32.76111293685574, 458.44059757494;
  -2.063604045831792, 2.173725630596265, -0.2156800945743274, 52.95015493410649, 29.86157800615145, 460.7799808516066;
  -2.031334691772045, 2.170171767755011, -0.2525427746928905, 55.0428034540924, 20.01253980373945, 463.4065533376709;
  -2.000433952039687, 2.152690989709803, -0.2558346665372167, 62.32233066190626, -2.162353694714505, 459.8562345473236;
  -1.999982021611876, 2.149950439918018, -0.2483089942072541, 63.34724154404241, -3.625960895163483, 459.1026770584153;
  -2.002120645832581, 2.149467565663436, -0.2387203923895065, 65.58938055088653, -6.314609801409977, 457.7775743495601;
  -2.006420666878441, 2.151538873241006, -0.2310446000586856, 67.977847069444, -8.770535253890817, 456.3982716668968;
  -2.016043543682937, 2.153707019862997, -0.2175215924169149, 73.36891199541566, -13.25351255171247, 453.4739651847692;
  -2.028050124812607, 2.163091518804607, -0.2096389824303885, 84.85149241105955, -18.30940907446663, 452.2264356560558;
  -2.051337383483293, 2.156753423635617, -0.1771384404596712, 106.5994824932317, -18.67079529324567, 453.8001741395729;
  -2.055874498149553, 2.155009921090646, -0.1651590959207925, 122.045482344358, -20.66395167833358, 455.1550565626199;
  -2.032972440832928, 2.119835392660889, -0.2152653866936997, 136.2453612970405, -24.44217409456308, 458.854442396113;
  -2.01890794757565, 2.105610897890546, -0.2172688864727367, 138.6535218270732, -23.88389998892337, 459.4332206096445;
  -2.011172182675189, 2.106527115550112, -0.223015131678439, 139.2280784842404, -24.13536510552794, 459.121257222532;
  -2.005535982490231, 2.111111826954657, -0.2213626304241012, 140.599335286869, -24.18219137651359, 458.0263334865113;
  -1.994350527713086, 2.117153669341828, -0.2128756238820806, 145.3415842543898, -23.68181144033216, 454.3742616124914;
  -2.004360904229957, 2.126713804472635, -0.2155970661592717, 160.7191599068739, -25.29180252455455, 451.5349377375296;
  -2.012106341420738, 2.129835697983821, -0.1998693604489431, 165.6982749034478, -25.58162275264791, 451.2173583276879;
  -2.032836924951373, 2.148676520925101, -0.1709285355212034, 175.3586738740727, -24.95480188901591, 445.8019854890025;
  -2.015951046798637, 2.182730472521079, -0.04726763861556745, 230.8255172894311, 32.85912519756441, 414.6962330343234;
  1.924277086517114, -1.917938021494951, -0.3129031000455519, -22.51217219663673, 115.2127498541116, 348.2889219187003;
  -1.963327418594624, 2.225937563167513, -0.2563027204127815, -119.3872199968158, 101.8591786446254, 432.7222254880794;
  -1.952034842491609, 2.221831987345137, -0.2757530248129684, -118.0414287944983, 99.59222972491722, 435.7771217194788;
  -1.952871557255928, 2.209315497784665, -0.2937228021540774, -117.4217926759775, 96.86258014193953, 439.602410167581;
  -1.959376913278755, 2.205452090597504, -0.3298997044886349, -115.2941691824124, 87.26814402885694, 444.0998449748269;
  -1.967168516812796, 2.21313239573874, -0.3606413464727808, -112.7238977572567, 79.87419191972469, 444.9322531053724;
  -1.945023420339007, 2.198326731930408, -0.4122231870960797, -109.7639583273824, 67.32529651768429, 444.5030130720471;
  -1.926904317849079, 2.202334834588068, -0.4524029217441495, -103.3243658844205, 52.11752698585295, 435.0592362643288;
  -1.922583520649797, 2.207120567347463, -0.4710016868541617, -102.4576871519085, 40.77314625537711, 428.9632372768277;
  -1.906521606798539, 2.201345337400936, -0.4771159045586475, -100.8235161914204, 32.67740364382375, 423.8226931569554;
  -1.856585012846441, 2.175075221202106, -0.5381363212954571, -99.87043016850265, 22.18817779785844, 420.7857057073366;
  -1.845583425272158, 2.174085226895915, -0.5438006152828814, -98.84376498425472, 20.08146602089187, 421.0997333235781;
  -1.830731520389155, 2.174036056361497, -0.5550123468054939, -97.64254266971538, 18.37143544250381, 421.8533685781268;
  -1.815297714209304, 2.155960295655172, -0.5923550970195037, -75.94351146963668, 11.79372390728018, 418.9920432241652;
  -1.816240148087978, 2.171747854471549, -0.5965292360142706, -66.95019346738663, 5.627307033617456, 415.7262828505527;
  -1.971383003221672, 2.323668770240049, -0.3460021401383546, -1.471176640376765, -22.13995113526143, 397.3088539875954;
  -2.031287161263921, 2.372078818505214, -0.2219867723546781, 14.96999098064323, -23.53697248054209, 390.0565146639704;
  1.940663291889259, -2.230314474870453, -0.3033577914912036, 49.75524935622676, -12.51912522305604, 372.7706718322084;
  1.945770120148464, -2.15313038603368, -0.4103357824593339, 67.45416903612342, -2.384249885119159, 365.9243253158952;
  1.981857739208602, -2.130594070920847, -0.4240292423892875, 70.56327842957127, 1.756860678906627, 367.1801701216783;
  2.030717618952735, -2.148705259148176, -0.3261612768780366, 75.3758266816735, 3.518954980167368, 369.5110074577959;
  2.083002764546018, -2.226634246976008, -0.1657241862053464, 78.43027864987772, 2.515393890173025, 380.0062162553177;
  2.094884413276397, -2.253230946904485, -0.1177744591113316, 79.26885976347293, 2.446029287134727, 384.2042988221252;
  -2.083710272946296, 2.279460435917258, -0.09541205155025274, 82.44011855174648, 3.582615716096103, 401.6621360733631;
  2.068931295976023, -2.10863120015136, -0.3983799906754494, 159.9823220245011, 38.87401625232072, 341.1138138758935;
  1.857862395858019, -2.292501256074392, 0.1907673605098922, 47.95160993887581, 31.73156617936498, 366.1156547791708;
  -1.687385994978307, 2.359480988128744, -0.04681819513504561, -12.71252551366754, 21.22016412048006, 382.3634870044577;
  -1.705077448353749, 2.34553592763887, -0.04736794513197797, -13.71629235865371, 24.3217003292791, 381.7726920699874;
  -1.759761153547628, 2.309489816981312, -0.06407738735522339, -18.79512851718222, 30.39164859172967, 382.7755572586306;
  2.216253993749005, -1.871820585753707, -0.1837103366780173, -15.46143071204867, 62.68038736588268, 359.1434011120127;
  2.160553387126045, -1.92706119117673, 0.05491439846412707, -0.6739831929321417, 55.54026568350809, 373.0494219366042;
  2.03610373154607, -2.381322112191941, 0.3060335031717319, 46.37237533049305, 57.8197211810982, 402.2298610225834;
  -1.986025966358978, 2.357900402027622, -0.279182344250806, 49.26575386821498, 59.4134349643207, 402.4352900873198;
  -1.844650125205585, 2.220425001824809, 0.01650537395649554, 69.95853237516558, 86.25744836649132, 398.1684857072324;
  2.22781038932884, -1.905599866835636, -0.1269863768951648, 109.7117146471029, 116.1020532049238, 381.1041302042439;
  2.254435032280377, -1.800875896710383, -0.09960342095055987, 118.1652989592541, 109.1015391543946, 387.0316751688725;
  2.434720864851908, -1.934365224030678, -0.3261739404597955, 148.4115313620723, 96.06546341106682, 413.5353935007468;
  2.053465827145779, -2.130891272745282, 0.05140933632672073, 110.7271458634411, 17.61494860861778, 390.405965538449;
  2.079844159536985, -2.076379771522177, -0.04637566697553833, 101.6190537382882, 21.75896843039894, 387.7069769917343;
  -2.191297308281127, 2.175180397955842, 0.3578848467330439, 54.7337536830086, 33.92023653041913, 392.3013120431981;
  -2.050260312209459, 2.124704392022105, 0.4039402062753511, 45.40426729575365, 38.03933120451529, 390.0025831436685;
  -1.8681832549086, 2.390545169399128, 0.05332445050315863, 33.35986021930954, 44.36579456749195, 375.8045302174143;
  -1.840501800463737, 2.336242954473073, -0.3380158912931204, -45.47828202758897, 40.21627563986491, 415.084024049609;
  -2.175731240067846, 2.121582913108645, 0.2173818188738254, -69.84842765621852, 50.94306867730565, 372.6216013930174;
  -2.080677123194204, 2.140584760207817, -0.02508794388268412, 88.16478183305615, 46.50190288204238, 413.0982720180484;
  2.233102931922392, -2.114220962595597, -0.3267325680929755, 135.834627749196, 59.49978214294971, 405.6329600735635;
  2.265620962335029, -2.133628483363737, -0.2151426103833155, 154.9278063401198, 43.01544588150443, 421.5856174074029]
Image_points[797.85748, 445.41339, 796.0647, 385.90073, 794.62982, 327.02411, 793.2608, 268.37817, 791.84198, 209.40709, 738.25299, 446.46777, 736.71582, 387.27872, 735.17981, 328.56464, 733.75958, 269.90991, 732.2522, 211.17641, 679.12592, 447.45798, 677.73572, 388.68445, 676.21295, 329.78326, 674.98889, 271.6015, 673.48511, 213.32925, 620.41626, 448.54022, 618.9823, 389.89621, 617.64825, 331.47073, 616.4209, 273.1521, 615.19952, 215.00177, 561.97302, 449.60464, 560.47278, 391.34769, 559.42383, 332.84763, 558.1557, 274.7854, 556.86414, 216.95676, 503.55679, 450.75464, 502.42007, 392.38962, 501.10278, 334.13828, 500.10797, 276.58551, 498.71518, 218.65862;
  797.6106, 444.10989, 795.95758, 384.5054, 794.34283, 325.47415, 792.94611, 266.71704, 791.45374, 207.87225, 738, 445, 736.46307, 385.86365, 734.9613, 327.13474, 733.65985, 268.60663, 732.07654, 209.9449, 678.90308, 446.17044, 677.3717, 387.14856, 676.00598, 328.52219, 674.5979, 270.22144, 673.21387, 211.82973, 620.31989, 447.26294, 618.88586, 388.4639, 617.5578, 330.20898, 616.25159, 271.66785, 614.92157, 213.74287, 561.75018, 448.37497, 560.48639, 389.71231, 558.98883, 331.69864, 557.99298, 273.56833, 556.66241, 215.49313, 503.36404, 449.50018, 502.1749, 391.02695, 500.94858, 333.14859, 499.84534, 275.15604, 498.65225, 217.34018;
  797.51685, 444.78876, 795.83075, 385.31967, 794.0719, 326.39413, 792.52771, 267.7623, 790.99506, 208.56801, 737.81, 445.83658, 736.14899, 386.63647, 734.66254, 328.03476, 733.23499, 269.38089, 731.53796, 210.64452, 678.77277, 446.99695, 677.15637, 388.00281, 675.68945, 329.58395, 674.16626, 271.06522, 672.82324, 212.76207, 620.12024, 448.29218, 618.65393, 389.51834, 617.2179, 331.06296, 615.86047, 272.83817, 614.3382, 214.92863, 561.6095, 449.49203, 560.19055, 390.77878, 558.91382, 332.604, 557.48712, 274.4996, 556.0788, 216.5631, 503.13867, 450.54532, 502.06177, 392.31192, 500.79962, 334.30923, 499.41312, 276.45679, 498.07437, 218.52205;
  789.75714, 434.48273, 788.45557, 375.96494, 787.16919, 317.7439, 786.19855, 259.59915, 784.97894, 201.5929, 730.9679, 435.53598, 729.82111, 376.91992, 728.59961, 318.94122, 727.40698, 260.97974, 726.21161, 203.05455, 672.43939, 436.46936, 671.16498, 378.15915, 670.09583, 320.16144, 669.06049, 262.40591, 667.89893, 204.53561, 614.23529, 437.707, 613.08618, 379.3226, 611.94824, 321.2829, 611.00793, 263.73911, 609.78558, 206.00928, 555.8584, 438.75159, 554.79187, 380.4483, 553.76758, 322.67426, 552.75964, 264.90002, 551.60138, 207.30797, 497.35364, 439.75372, 496.48444, 381.56967, 495.23141, 323.92764, 494.63303, 266.17661, 493.60751, 208.53415;
  788.24847, 431.05096, 786.94171, 372.8819, 785.66125, 314.83142, 784.60095, 257.23773, 783.37451, 199.39644, 729.90259, 432.11877, 728.65729, 373.88666, 727.30347, 316.18115, 726.1723, 258.87363, 725.17181, 200.99689, 671.70215, 433.13232, 670.54126, 375.04724, 669.37555, 317.51291, 668.1955, 259.99615, 667.12598, 202.21986, 613.80151, 434.34302, 612.79321, 376.27319, 611.56659, 318.70731, 610.49268, 261.10876, 609.49121, 203.70244, 555.71118, 435.40158, 554.67651, 377.41736, 553.67316, 319.81882, 552.60693, 262.33463, 551.50745, 205.01248, 497.46301, 436.47125, 496.59, 378.50082, 495.58215, 321.00723, 494.6853, 263.53467, 493.66693, 206.21684;
  779.03503, 426.4223, 775.93549, 370.38657, 773.07751, 314.55316, 770.599, 258.83789, 767.81598, 203.0406, 723.44489, 429.90054, 720.58331, 373.55573, 717.56683, 317.46228, 714.85931, 261.46298, 712.22144, 205.20192, 667.56177, 433.37308, 664.55066, 376.74753, 661.57275, 320.35855, 658.77954, 263.93246, 656.02258, 207.41701, 611.08588, 437.02704, 608.03748, 380.05359, 605.1842, 323.1282, 602.20648, 266.34958, 599.48608, 209.69411, 553.52612, 440.53995, 550.53625, 383.30838, 547.56519, 326.20901, 544.69, 268.94772, 541.73694, 211.88855, 495.13791, 444.20004, 492.17886, 386.48309, 489.23343, 329.00101, 486.34848, 271.58142, 483.26776, 214.03075;
  775.64575, 414.93433, 772.95673, 359.431, 770.30505, 304.22195, 767.83044, 249.30618, 765.47717, 194.0162, 721.18567, 417.96042, 718.42566, 362.2294, 715.88379, 306.64017, 713.44775, 251.21635, 710.97498, 195.51065, 666.05334, 421.30338, 663.29211, 365.0347, 660.65137, 309.11624, 658.1554, 253.05351, 655.52509, 197.14586, 610.10565, 424.86746, 607.3689, 367.91287, 604.75177, 311.34476, 602.1886, 255.1393, 599.49872, 198.70378, 552.87585, 427.86276, 550.12634, 370.97726, 547.59308, 313.90961, 545.01996, 257.10168, 542.37708, 200.21634, 494.62305, 431.54501, 491.98053, 373.78345, 489.18741, 316.46497, 486.71384, 259.15143, 484.0322, 201.7224;
  773.98511, 413.03, 771.04315, 357.7438, 768.29205, 302.55585, 765.64069, 247.64102, 763.18958, 192.50458, 719.66644, 416.28885, 716.81677, 360.56601, 714.02423, 305.1235, 711.37225, 249.69633, 708.80334, 194.07103, 664.67798, 419.83133, 661.85205, 363.55475, 659.07373, 307.63602, 656.27405, 251.72404, 653.58655, 195.58629, 608.8656, 423.53183, 606.00085, 366.92471, 603.14618, 310.12683, 600.44788, 253.78465, 597.55811, 197.29433, 551.58887, 426.91614, 548.71136, 369.7724, 545.8844, 312.68259, 543.2041, 255.87517, 540.18451, 198.86926, 493.23929, 430.86154, 490.3779, 372.97653, 487.55225, 315.41135, 484.67142, 257.93478, 481.68936, 200.43164;
  770.63702, 410.41031, 767.68903, 355.3291, 764.88684, 300.38464, 762.24438, 245.64346, 759.76013, 190.57779, 716.63525, 413.99362, 713.70447, 358.34946, 710.81177, 302.87311, 708.2536, 247.43706, 705.6601, 192.10895, 661.77032, 417.47879, 658.95404, 361.37265, 656.16101, 305.40646, 653.43317, 249.48312, 650.67505, 193.50984, 606.04974, 421.26694, 603.1615, 364.43054, 600.31366, 307.93332, 597.54999, 251.49281, 594.66968, 195.0172, 548.78058, 424.94821, 545.8385, 367.53949, 543.08093, 310.49817, 540.27399, 253.57271, 537.3681, 196.44502, 490.14063, 428.77725, 487.29422, 370.65491, 484.44598, 312.95947, 481.63022, 255.49196, 478.78741, 197.87314;
  767.17859, 404.008, 764.09735, 349.02924, 761.16949, 294.56674, 758.47217, 239.90485, 755.89978, 185.20876, 713.72302, 407.48666, 710.71503, 352.08282, 707.8053, 296.75171, 705.0835, 241.62401, 702.51343, 186.52487, 659.4444, 411.14847, 656.5094, 355.039, 653.5144, 299.19553, 650.71765, 243.46538, 647.91101, 187.58949, 604.08185, 414.87469, 601.10931, 358.11838, 598.1134, 301.68256, 595.18268, 245.27324, 592.20221, 188.93398, 546.87555, 418.71997, 543.91412, 361.28809, 540.96674, 304.26193, 537.97504, 247.05435, 535.05859, 189.91205, 488.31729, 422.70853, 485.34616, 364.50882, 482.23615, 306.78244, 479.30447, 248.96458, 476.30594, 191.04071;
  770.96863, 382.4017, 767.05444, 327.97211, 763.60223, 273.73666, 760.09277, 219.80078, 756.82947, 165.40564, 718.43073, 386.48727, 714.67035, 331.46899, 711.026, 276.65787, 707.52338, 221.74632, 704.24274, 166.82765, 665.02881, 390.81467, 661.24072, 335.00073, 657.57404, 279.32376, 653.8725, 223.91212, 650.33105, 167.97826, 610.20355, 395.17654, 606.46069, 338.55875, 602.59979, 282.20105, 598.7771, 225.86618, 595.1073, 169.37181, 553.45966, 399.6553, 549.51166, 342.25027, 545.60583, 285.14429, 541.90411, 227.8717, 538.06018, 170.69904, 495.00031, 404.30551, 490.98782, 346.11438, 487.03116, 288.17517, 483.12704, 230.2509, 479.1304, 171.95786;
  787.5, 335, 783.64929, 280.35623, 780.04095, 225.44113, 776.38666, 170.39738, 773.0202, 114.99673, 735.39972, 339.13266, 731.51471, 283.59381, 727.68616, 227.85306, 723.91077, 172.15352, 720.37054, 116.02677, 682.11749, 343.47427, 678.07666, 287.02542, 674.1712, 230.45074, 670.21863, 173.85519, 666.30304, 117.00474, 627.24884, 347.67657, 623.15021, 290.26059, 619.05591, 233.08919, 614.91516, 175.57237, 610.70435, 118.01151, 570.27289, 352.09509, 565.97711, 293.99875, 561.73486, 235.70819, 557.54108, 177.38977, 552.97314, 118.88797, 511.70078, 356.66376, 507.12271, 297.57126, 502.68918, 238.50845, 498.14383, 179.24664, 493.64554, 119.60786;
  790.12476, 331.95575, 786.11072, 277.31332, 782.70844, 221.94312, 779.27417, 167.02994, 776.08081, 111.2242, 737.72662, 335.9574, 733.98962, 280.15234, 730.18304, 224.45749, 726.67847, 168.49792, 723.13422, 111.99894, 684.36139, 340.01657, 680.46643, 283.52518, 676.62109, 226.91116, 672.70837, 170.15642, 668.92529, 112.92561, 629.51416, 344.32544, 625.53241, 286.90515, 621.3028, 229.42825, 617.29346, 171.8344, 613.22754, 114.07246, 572.48175, 348.64377, 568.21515, 290.37949, 563.95966, 232.16383, 559.79364, 173.57532, 555.54688, 114.69318, 513.80829, 353.23621, 509.32358, 294.00549, 504.86926, 234.93178, 500.34967, 175.51117, 495.93927, 115.52874;
  795.25323, 326.01923, 791.69098, 271.026, 788.28333, 215.64928, 784.8775, 160.39122, 781.86401, 104.57298, 742.86664, 330.09949, 739.06799, 274.28894, 735.41724, 218.01453, 732.15375, 161.94156, 728.75232, 105.34006, 689.30609, 334.15097, 685.55243, 277.25403, 681.73816, 220.60049, 677.91974, 163.42065, 674.30688, 106.15207, 634.24292, 338.14444, 630.35699, 280.53952, 626.32648, 223.01666, 622.42249, 165.04538, 618.33264, 107.06863, 577.16705, 342.2959, 572.99188, 283.9411, 568.95984, 225.54384, 564.7099, 166.73711, 560.6145, 107.66624, 518.44531, 346.88211, 513.97217, 287.47647, 509.61487, 228.07303, 505.19888, 168.55214, 500.74579, 108.52147;
  800.97894, 320.79141, 797.34741, 265.3335, 794.03723, 210.06126, 790.7384, 154.3353, 787.71149, 98.362434, 748.2334, 324.52722, 744.62396, 268.51501, 741.1012, 212.36635, 737.74487, 155.98438, 734.4472, 99.068855, 694.56787, 328.48041, 690.8266, 271.45786, 687.12421, 214.5869, 683.42963, 157.41995, 679.74432, 99.843178, 639.33972, 332.48422, 635.56238, 274.70215, 631.60858, 217.03819, 627.70648, 159.01793, 623.65253, 100.63249, 582.07916, 336.48804, 577.99927, 277.96542, 574.02521, 219.45285, 569.909, 160.45981, 565.8493, 101.37478, 523.3183, 340.79541, 518.83948, 281.36386, 514.57001, 221.92326, 510.5538, 162.22023, 506, 102;
  813.77051, 310.96738, 810.35175, 255.18092, 807.26727, 199.37086, 804.20239, 143.28508, 801.44855, 86.637894, 760.64288, 314.4122, 757.14673, 257.87747, 753.89685, 201.40768, 750.8092, 144.50162, 747.58447, 87.268929, 706.49707, 317.96353, 703.01526, 260.76199, 699.53882, 203.4007, 696.04681, 145.95364, 692.62073, 87.995552, 651.13483, 321.62265, 647.34991, 263.46085, 643.75238, 205.4906, 640.07404, 147.19963, 636.2373, 88.366905, 593.63477, 325.33521, 589.72498, 266.5184, 585.87708, 207.74651, 582.07159, 148.55739, 578.12994, 88.97422, 534.66565, 329.19299, 530.50336, 269.51105, 526.42139, 209.97308, 522.29303, 149.81485, 518.22656, 89.513939;
  839.48035, 299.85593, 836.04199, 243.95697, 833.03705, 187.99736, 830.11523, 131.71153, 827.28931, 74.912064, 786.17712, 303.22421, 782.75214, 246.51579, 779.50653, 189.94336, 776.53247, 132.97333, 773.38202, 75.47802, 732.10181, 306.40454, 728.59491, 249.12442, 725.18323, 191.64302, 721.69244, 134.14494, 718.30133, 76.102791, 676.71021, 309.66727, 673.09882, 251.71843, 669.46594, 193.66992, 665.75171, 135.36241, 662.09296, 76.744049, 619.57367, 313.0141, 615.68793, 254.34384, 611.91309, 195.66568, 608.08429, 136.60248, 604.36029, 77.114426, 560.90643, 316.4455, 556.92053, 257.0889, 552.82642, 197.49339, 548.7478, 137.89017, 544.64154, 77.463791;
  886.57098, 299.29871, 884.28302, 243.47565, 882.10413, 187.52109, 880.17395, 131.18242, 878.43732, 74.503441, 833.35333, 301.70279, 831.05237, 245.46263, 828.73578, 188.88707, 826.74396, 131.93095, 824.54419, 74.480095, 779.56549, 304.16821, 777.19446, 247.11159, 774.84045, 190.05356, 772.39545, 132.73048, 769.88141, 74.69136, 724.91608, 306.77103, 722.35376, 249.19464, 719.61176, 191.41261, 717.01343, 133.38763, 714.22101, 74.929436, 668.44495, 309.36371, 665.58972, 251.1393, 662.72974, 192.87057, 659.93134, 134.03967, 657.13977, 74.936569, 610.6311, 312.00043, 607.46942, 253.0773, 604.5376, 194.06339, 601.52466, 134.65166, 598.38721, 74.922157;
  919.69806, 294.88443, 917.64929, 239.17717, 915.95331, 183.46277, 914.21533, 127.23009, 912.84686, 70.699249, 866.89166, 297.34702, 864.52136, 241.15227, 862.87579, 184.65036, 861.16388, 127.73775, 859.51434, 70.733856, 813.50323, 299.6409, 811.4538, 242.88329, 809.34814, 185.76608, 807.17566, 128.5748, 805.2019, 70.797852, 759.22601, 302.02737, 756.92004, 244.48071, 754.56055, 186.88754, 752.08771, 129.08075, 749.8363, 70.868317, 703.25983, 304.49017, 700.69208, 246.41164, 698.11707, 188.24313, 695.68762, 129.63161, 693.08704, 70.723961, 646.03894, 306.86865, 643.17603, 248.18344, 640.44403, 189.42218, 637.67181, 130.1821, 634.98743, 70.521378;
  948.49408, 287.26178, 946.87781, 231.86192, 945.64429, 176.18666, 944.37213, 120.5773, 943.36737, 64.316589, 897.62164, 289.06827, 895.95557, 233.06152, 894.55286, 176.78891, 893.23163, 120.1796, 892.10614, 63.352604, 845.98468, 290.85742, 844.24078, 234.17659, 842.70068, 177.10266, 841.13818, 119.86086, 839.5675, 62.244427, 793.08392, 292.76639, 791.35889, 235.25835, 789.48901, 177.44711, 787.66632, 119.53848, 785.76904, 61.254349, 738.31854, 294.77319, 736.21808, 236.39362, 734.28894, 177.90088, 732.4021, 119.04535, 730.37305, 59.862659, 682.0871, 296.9368, 679.79718, 237.57506, 677.58044, 178.17868, 675.37299, 118.63699, 673.15979, 58.59145;
  953.44562, 288.39212, 952.01447, 233.0215, 951.104, 177.44623, 950.13574, 121.63101, 949.41492, 65.340729, 903.05426, 290.36365, 901.62933, 234.24002, 900.39154, 178.0172, 899.54395, 121.40179, 898.71436, 64.184761, 851.9151, 292.44019, 850.5, 235.42871, 849.17889, 178.27895, 847.80823, 120.84388, 846.54749, 62.995552, 799.34796, 294.57111, 797.95013, 236.68594, 796.20337, 178.62187, 794.65167, 120.35617, 792.98645, 61.698334, 744.85608, 296.50903, 742.9751, 237.86378, 741.30389, 179.03107, 739.56799, 119.94569, 737.69812, 60.42643, 688.78528, 298.55237, 686.59601, 239.19038, 684.74902, 179.51891, 682.62573, 119.35455, 680.65338, 58.885983;
  954.89142, 287.82623, 953.38666, 232.32028, 952.18152, 176.80116, 951.00122, 120.9669, 950.0462, 64.594879, 904.70154, 289.93619, 903.02869, 233.98155, 901.68396, 177.49487, 900.47723, 120.78841, 899.36786, 63.532707, 853.60352, 292.20407, 851.97589, 235.35611, 850.35339, 178.07242, 848.91827, 120.37521, 847.29211, 62.646217, 801.26886, 294.55124, 799.48572, 236.68111, 797.62836, 178.56476, 795.8501, 120.23326, 793.90204, 61.525475, 746.63483, 296.90771, 744.70447, 238.20055, 742.69855, 179.18597, 740.71606, 119.97415, 738.92761, 60.069378, 690.82837, 299.20093, 688.34052, 239.59142, 686.04956, 179.72192, 683.97198, 119.63092, 681.65643, 58.794147;
  958.5686, 287.57718, 956.76233, 231.95007, 955.41895, 176.3069, 954.02582, 120.33604, 952.87952, 63.766769, 908.29742, 290.21619, 906.51819, 233.85184, 904.88586, 177.15985, 903.4903, 120.36092, 902.15247, 62.960995, 857.18079, 292.78516, 855.2771, 235.45897, 853.46429, 178.11037, 851.68799, 120.42123, 850.0174, 62.316391, 804.84613, 295.25266, 802.67688, 237.01547, 800.59515, 178.9828, 798.46436, 120.45604, 796.34808, 61.593842, 750.22833, 297.81876, 747.84741, 238.94621, 745.56812, 179.9649, 743.36981, 120.35415, 741.23688, 60.497238, 694.14124, 300.56189, 691.4444, 240.61876, 688.89795, 180.69325, 686.44293, 120.58526, 683.94653, 59.482811;
  971.48334, 288.30292, 969.39893, 232.22047, 967.8045, 176.14934, 966.23041, 119.53185, 964.75269, 62.309662, 920.88104, 291.28195, 918.83923, 234.48131, 916.97394, 177.48761, 915.2818, 120.00504, 913.64856, 62.020332, 869.49841, 294.38986, 867.22351, 236.85875, 865.2865, 178.94745, 863.20203, 120.774, 861.10767, 61.874653, 816.94946, 297.47333, 814.49561, 239.08174, 812.02991, 180.40024, 809.63226, 121.23294, 807.12219, 61.604023, 762.08447, 300.78842, 759.33069, 241.38336, 756.70819, 181.86076, 753.89502, 121.79147, 751.43622, 61.258476, 705.76733, 304.22235, 702.72235, 243.74147, 699.64496, 183.41187, 696.82355, 122.40482, 693.78345, 60.748558;
  1007.4128, 284.38672, 1005.2191, 228.03632, 1003.5172, 171.72853, 1001.7285, 114.77409, 1000.1761, 57.46228, 956.70508, 287.35736, 954.54828, 230.24892, 952.60291, 173.07166, 950.7774, 115.26733, 949.08875, 57.08453, 905.44159, 290.19107, 903.09399, 232.40347, 900.88733, 174.21878, 898.8042, 115.8234, 896.57251, 56.815678, 852.7901, 293.09067, 850.43109, 234.70033, 847.64929, 175.52287, 845.24976, 116.31654, 842.62402, 56.671524, 797.9046, 296.32288, 795.16101, 236.7345, 792.55286, 177.08977, 789.82056, 116.81322, 787.14642, 56.019573, 741.73792, 299.42923, 738.66302, 239.03011, 735.65265, 178.44925, 732.76013, 117.47259, 729.51202, 55.735783;
  1018.6561, 283.75204, 1016.7958, 227.40588, 1015.1539, 170.75465, 1013.6887, 113.88115, 1012.2212, 56.325592, 967.80219, 286.5589, 965.82947, 229.40758, 963.99994, 172.09055, 962.44232, 114.40556, 960.85474, 56.175865, 916.14307, 289.40179, 914.15247, 231.52972, 912.19904, 173.32721, 910.20386, 115.01614, 908.17816, 55.990604, 863.31702, 292.19305, 861.23541, 233.51886, 858.72247, 174.79535, 856.50183, 115.48856, 854.08289, 55.733006, 808.43359, 295.18756, 805.83624, 235.85246, 803.3819, 176.11456, 801.02576, 116.00516, 798.59448, 55.253712, 752.24805, 298.28021, 749.37207, 237.96727, 746.54669, 177.54321, 744.0293, 116.64058, 741.01758, 55.076225;
  1044.8898, 284.50244, 1042.9166, 227.26645, 1041.2014, 170.17554, 1039.6052, 112.52518, 1038.1196, 54.506744, 992.57458, 287.13193, 990.54266, 229.4789, 988.72284, 171.60648, 987.07776, 113.63786, 985.50061, 54.812283, 939.64703, 290.10236, 937.6554, 231.79994, 935.6203, 173.04118, 933.69495, 114.20163, 931.63086, 54.795631, 885.77954, 292.90338, 883.6535, 233.85776, 881.2774, 174.69191, 879.03375, 114.94076, 876.70044, 54.995567, 829.99957, 295.97821, 827.53961, 236.24348, 825.10474, 176.22881, 822.79224, 115.7606, 820.38824, 55.081413, 773.185, 298.95395, 770.37091, 238.35489, 767.63409, 177.82329, 764.96771, 116.83886, 762.12201, 55.203762;
  1207.7665, 418.62753, 1206.7114, 357.89343, 1205.9457, 296.72256, 1205.25, 234.9832, 1204.3163, 172.14635, 1151.1508, 424.51877, 1149.6812, 363.41556, 1148.5776, 301.79294, 1147.5668, 239.4039, 1146.4105, 176.16, 1094.1394, 430.62689, 1092.322, 368.966, 1090.8416, 306.76999, 1089.1577, 243.99895, 1087.4413, 180.13478, 1036.2075, 436.84167, 1034.1754, 374.74557, 1032.0397, 312.01691, 1029.8602, 248.46014, 1027.6249, 184.33475, 976.58929, 442.96948, 973.9574, 380.3403, 971.41595, 317.12323, 968.92358, 253.31419, 966.39813, 188.70999, 915.85956, 449.11469, 912.73755, 386.04242, 909.61273, 322.34625, 906.66229, 258.2384, 903.68073, 192.98975;
  588.51556, 667.73199, 591.3653, 593.30969, 594.06378, 520.44897, 596.62891, 448.93216, 599.2243, 378.41302, 527.18616, 659.38812, 530.55676, 587.21063, 533.73627, 516.62122, 536.43231, 447.43277, 539.28583, 378.83862, 468.82077, 651.73041, 472.47174, 581.76636, 475.85168, 513.23621, 479.396, 445.87698, 482.92181, 379.45493, 413.76733, 644.67706, 417.69333, 576.63263, 421.79977, 509.99152, 425.90512, 444.60394, 430.15582, 379.92941, 362.02725, 637.68066, 366.52628, 571.62378, 370.74362, 506.80685, 375.17368, 443.11847, 379.46158, 380.36221, 312.90604, 631.13739, 317.61264, 567.03754, 322.57434, 503.74426, 327.47, 441.94073, 332.1113, 381.01797;
  378.23917, 573.42133, 370.603, 515.04681, 363.39597, 457.35596, 355.93149, 399.58047, 348.50211, 341.39899, 316.7301, 583.76721, 309.04147, 524.95801, 301.67249, 466.2598, 294.02069, 407.70059, 286.48868, 348.77811, 253.58665, 594.69879, 245.69472, 535.23285, 237.97929, 475.59418, 230.23843, 416.04132, 222.49303, 356.24896, 188.56689, 606.2301, 180.59093, 545.63232, 172.63197, 485.06598, 165.19229, 424.53082, 157.23735, 363.84106, 121.94221, 617.52802, 113.64695, 556.00385, 105.43047, 494.78323, 97.439766, 433.47214, 89.491264, 371.71432, 53.234161, 629.17767, 45.050194, 566.79132, 36.768654, 504.61057, 28.772791, 442.23566, 20.780746, 379.90244;
  383.08832, 566.37622, 375.52026, 508.91245, 367.91873, 451.43695, 360.55319, 394.00079, 352.819, 336.42166, 322.28961, 577.19421, 314.49158, 518.75708, 306.8074, 460.46054, 299.06854, 402.15109, 291.3468, 343.6492, 259.33078, 588.55029, 251.50819, 529.21271, 243.53336, 469.91699, 235.84068, 410.75549, 227.72923, 351.38785, 194.74808, 600.29688, 186.47525, 539.88043, 178.57274, 479.45349, 170.60378, 419.46432, 162.65411, 359.10968, 128.1951, 611.86774, 119.77147, 550.59497, 111.40956, 489.55313, 103.27997, 428.34497, 95.204979, 366.9147, 59.563148, 623.81317, 50.941978, 561.56519, 42.510342, 499.49438, 34.56588, 437.4447, 26.351067, 375.24728;
  386.96796, 558.36719, 379.84134, 501.17401, 372.76221, 444.02908, 365.83838, 387.11505, 358.42578, 330.1207, 326.49838, 568.70447, 319.23108, 510.58072, 311.92599, 452.64859, 304.98831, 394.93799, 297.41559, 336.92545, 264.01233, 579.55945, 256.73352, 520.42749, 249.13771, 461.61304, 241.96489, 402.93488, 234.32295, 343.97015, 199.69043, 590.6438, 192.05347, 530.73413, 184.54596, 470.69031, 177.1348, 411.02365, 169.56277, 351.20441, 133.17326, 601.98621, 125.49752, 541.00061, 117.6485, 480.33386, 110.27885, 419.56223, 102.45094, 358.50751, 64.920868, 613.49109, 56.777847, 551.64752, 49.020782, 489.72565, 41.496254, 428.09567, 33.954582, 366.311;
  394.74741, 534.84412, 387.98804, 477.87878, 381.35013, 421.48758, 374.85187, 365.07019, 368.10364, 309.01337, 334.64484, 544.35602, 328.3447, 486.31876, 321.52335, 429.10504, 314.7244, 371.96414, 307.90146, 314.87418, 272.84283, 554.28705, 266.05478, 495.64386, 259.27802, 437.17038, 252.70821, 379.05301, 245.94543, 320.95795, 208.87511, 564.50043, 202.05035, 504.77554, 195.28279, 445.47272, 188.75868, 386.33221, 181.94658, 327.30734, 142.66925, 575.10419, 135.87564, 514.1933, 129.02847, 453.98758, 122.28182, 393.86575, 115.51732, 333.76764, 74.729691, 585.74139, 67.599365, 523.89911, 60.928947, 462.57675, 54.06015, 401.56451, 47.615444, 340.59982;
  400.88107, 518.01648, 394.3548, 461.03436, 388.0083, 404.82397, 381.63461, 348.89639, 375.21729, 293.02731, 341.28687, 526.98535, 334.73444, 469.28671, 328.36887, 412.11948, 322.11694, 355.14606, 315.57059, 298.29306, 279.50229, 536.42645, 273.11966, 477.6459, 266.58344, 419.58655, 260.30161, 361.50397, 253.98775, 303.88251, 215.72395, 546.29242, 209.19984, 486.4902, 203.04465, 427.20535, 196.86949, 368.36145, 190.75798, 309.74908, 149.55962, 556.16968, 143.48003, 495.40729, 137.20126, 435.06564, 131.04161, 375.14124, 124.75354, 315.52136, 81.47348, 566.43433, 74.997536, 504.57391, 69.006287, 443.3389, 63.114296, 382.44745, 56.919678, 321.69473;
  407.11942, 490.0881, 400.33307, 433.27039, 393.6846, 377.17706, 387.21262, 321.32391, 380.5675, 265.64154, 347.55197, 499.05447, 340.92734, 441.39102, 334.36868, 384.05746, 327.75623, 327.17697, 321.06641, 270.44089, 285.7941, 508.58218, 278.96176, 449.60379, 272.57718, 391.10446, 265.99628, 333.09647, 259.51935, 275.24176, 221.60297, 518.34509, 214.94505, 458.32043, 208.43451, 398.59604, 202.04556, 339.50098, 195.54317, 280.51935, 154.6974, 528.46588, 148.20003, 467.13522, 141.52434, 406.26749, 135.04518, 345.784, 128.86583, 285.85846, 85.16848, 538.92395, 78.643661, 476.19611, 72.271881, 414.25888, 66.105484, 352.67807, 60.045147, 291.46143;
  416.31464, 458.52631, 408.8837, 400.87845, 401.62228, 343.78677, 394.40073, 287.10614, 387.12683, 230.75803, 355.79538, 467.65625, 348.54199, 408.92325, 341.16345, 350.67279, 334.20355, 292.81, 326.79355, 235.07404, 292.84854, 477.3316, 285.56818, 417.2168, 278.21701, 357.73187, 271.04248, 298.58984, 263.94122, 239.81223, 227.31168, 487.33597, 219.83519, 425.84567, 212.64549, 365.02127, 205.58408, 304.58981, 198.52058, 244.58177, 158.22189, 497.87717, 151.13235, 435.06332, 144.00569, 372.60275, 137.02493, 310.98254, 130.04222, 249.60835, 86.573677, 508.63483, 79.397186, 444.30545, 72.567787, 380.65952, 65.758911, 317.73489, 59.006748, 255.08145;
  415.02573, 433.96838, 407.27301, 375.83969, 399.38089, 318.10028, 391.98428, 260.93906, 384.35776, 204.02495, 353.69138, 443.00299, 345.95102, 383.61798, 338.34598, 324.55743, 330.95068, 266.07632, 323.26373, 207.98819, 289.57532, 452.53302, 282.07211, 391.46606, 274.48508, 331.14212, 267.11868, 271.41006, 259.73163, 211.94395, 222.87872, 462.16544, 215.42677, 399.80618, 207.97766, 338.02484, 200.66087, 277.08176, 193.39619, 216.53731, 152.71242, 472.49673, 145.38963, 408.73407, 138.07339, 345.42548, 131.0097, 283.11414, 123.91503, 221.02255, 79.424957, 483.18564, 72.196564, 417.74594, 65.237122, 353.16028, 58.472511, 289.26752, 51.558537, 225.92593;
  415.87045, 416.32623, 407.56192, 357.20752, 399.42331, 299.0596, 391.42419, 241.12798, 383.08984, 183.55986, 354.02264, 425.44089, 345.76904, 365.25671, 337.54208, 305.51239, 329.64026, 246.28342, 321.39725, 187.31227, 289.38571, 435.06842, 280.9472, 373.30594, 272.66547, 312.11954, 264.85135, 251.59868, 256.6647, 191.13007, 221.54184, 445.04605, 213.23857, 381.63412, 205.30659, 319.02209, 197.47339, 256.99277, 189.43018, 195.48389, 150.10591, 455.51379, 142.03311, 390.65942, 134.24229, 326.20966, 126.36898, 262.97833, 118.46066, 199.71054, 75.266212, 466.47864, 67.334358, 399.85706, 59.769035, 334.11954, 52.192955, 269.26456, 44.984413, 204.71358;
  416.67337, 392.25186, 407.3418, 333.03964, 397.66696, 274.32037, 388.79779, 216.45915, 379.51144, 158.37895, 354.68454, 401.702, 345.15659, 340.9075, 335.89758, 280.7435, 326.85425, 221.20802, 317.43338, 161.47516, 289.47546, 411.47742, 279.90649, 349.01273, 270.7684, 287.11624, 261.39316, 225.80048, 252.06105, 164.84254, 220.82024, 421.81348, 211.1945, 357.60196, 201.8759, 293.90704, 192.68369, 230.91762, 183.47198, 168.42993, 147.86758, 432.86386, 138.22725, 366.68622, 128.98859, 301.19052, 119.79945, 236.46454, 110.6976, 171.9968, 70.549629, 444.5004, 61.183403, 376.26291, 52.000423, 308.95978, 43.265903, 242.53853, 34.615833, 176.28903;
  419.33234, 387.19049, 409.52515, 328.28079, 399.75003, 269.63345, 390.37836, 211.5816, 380.56937, 153.61903, 357.48767, 396.86084, 347.71942, 336.28131, 337.98462, 276.07614, 328.31104, 216.40678, 318.92249, 156.92371, 292.48389, 406.94836, 282.50607, 344.37958, 272.88718, 282.51956, 263.32181, 221.24371, 253.49437, 160.21991, 224.05978, 417.56027, 214.02371, 353.11398, 204.2083, 289.45819, 194.42738, 226.3739, 184.95421, 164.00214, 151.07574, 428.79434, 141.02686, 362.54688, 131.10146, 296.82504, 121.72609, 232.18506, 112.26091, 167.76587, 73.827354, 440.70276, 64.01944, 372.33591, 54.411457, 304.96606, 44.887886, 238.38858, 35.850513, 172.05775;
  422.68918, 383.29108, 412.25873, 324.25873, 402.13788, 265.91071, 392.13983, 208.05833, 381.98938, 150.15628, 361.19009, 393.19214, 350.8414, 332.63828, 340.52737, 272.54239, 330.42398, 212.95641, 320.23026, 153.55026, 296.51379, 403.45123, 285.97415, 341.1257, 275.61707, 279.362, 265.42438, 218.0992, 255.42441, 157.42189, 228.34932, 414.52353, 217.64009, 350.09079, 207.23253, 286.40103, 196.90631, 223.55864, 186.86421, 161.05725, 155.40732, 426.08774, 144.97289, 359.80569, 134.34499, 294.23355, 124.26865, 229.45584, 114.12844, 165.11638, 78.410126, 438.32242, 67.73365, 369.97455, 57.529449, 302.63559, 47.500004, 235.96085, 37.827034, 169.58981;
  472.69446, 368.23956, 462.02713, 308.91437, 451.46136, 250.17424, 441.09293, 191.9679, 430.83328, 133.88762, 412.65143, 377.38535, 401.94641, 316.48212, 391.33548, 256.0928, 380.96619, 195.94736, 370.60809, 136.28812, 349.20673, 387.06158, 338.54019, 324.21545, 327.63708, 261.8707, 317.27216, 200.29405, 306.60126, 138.76915, 281.98032, 397.39621, 271.17978, 332.39301, 260.28, 268.20959, 249.81337, 204.76515, 239.08235, 141.6851, 209.89818, 408.29483, 199.01492, 341.33426, 188.14592, 275.07843, 177.67546, 209.50189, 166.99693, 144.37906, 133.02403, 420.27548, 122.24426, 350.80832, 111.41868, 282.42871, 101.04483, 214.90289, 90.787987, 147.78456;
  492.67163, 353.40338, 481.52606, 294.20251, 470.47021, 235.41965, 459.6922, 177.04282, 448.90833, 118.89947, 432.73425, 362.7753, 421.46027, 301.65259, 410.46732, 241.11082, 399.69592, 181.15373, 388.77344, 121.22784, 369.45932, 372.21338, 358.05844, 309.23285, 347.0235, 246.84038, 336.05157, 185.17058, 325.04263, 123.65429, 302.27728, 382.44662, 291.0867, 317.32553, 279.8923, 253.00783, 268.65512, 189.56252, 257.5361, 126.48665, 230.51559, 393.35248, 219.03168, 326.37219, 207.78725, 259.89487, 196.76025, 194.23465, 185.72798, 129.0856, 153.69025, 405.08832, 142.31389, 335.60059, 131.15088, 267.25934, 120.13856, 199.50104, 109.37188, 132.35268;
  649.47913, 285.28586, 638.20471, 223.26657, 627.51404, 162.03009, 616.85858, 101.55836, 606.1908, 41.376034, 586.72333, 294.12433, 575.7887, 231.34319, 565.10608, 169.27299, 554.68402, 107.68158, 544.1756, 46.847557, 522.47717, 302.98337, 511.74393, 239.15758, 501.35583, 176.2372, 490.97601, 114.0705, 480.48816, 52.297436, 456.46103, 312.004, 445.82492, 247.03908, 435.78308, 183.42793, 425.54288, 120.43142, 415.5224, 58.158485, 388.0965, 321.43793, 378.00705, 255.82857, 367.88464, 191.0143, 358.02359, 127.01866, 348.04361, 63.7052, 317.50751, 331.06659, 307.55115, 264.32474, 298.03665, 198.71809, 288.51141, 134.02029, 278.76288, 69.754852;
  691.2782, 280.56546, 680.7215, 217.21004, 670.07727, 154.61656, 660.0022, 93.026619, 649.86554, 31.578901, 626.90717, 289.82834, 616.61481, 226.1044, 606.56903, 163.17224, 596.58759, 100.96432, 586.64246, 38.87447, 561.97394, 298.96542, 551.91901, 234.80913, 541.89801, 171.14423, 532.32086, 108.529, 522.66193, 46.323154, 495.9877, 308.16687, 486.3446, 243.26283, 476.68753, 179.41457, 467.37811, 116.41133, 457.85266, 53.873722, 428.92267, 317.75848, 419.60214, 252.42328, 410.11469, 187.9725, 400.87704, 124.32958, 391.75992, 61.185116, 360.45297, 327.13614, 351.41452, 261.38525, 342.35669, 196.52362, 333.46814, 132.63896, 324.8194, 68.945976;
  785.36511, 306.83594, 775.82367, 239.47165, 766.54498, 172.24629, 757.04712, 105.05765, 747.54767, 37.574417, 719.41687, 316.2402, 710.09491, 250.08423, 700.72406, 184.23735, 691.51849, 118.16515, 682.07776, 51.895454, 655.75244, 325.34702, 646.22479, 260.34586, 637.12244, 195.3701, 627.85474, 130.69595, 618.70459, 65.503036, 593.87506, 334.05756, 584.72614, 270.0954, 575.62952, 206.34169, 566.77417, 142.78476, 557.94122, 78.79908, 534.18005, 342.52069, 525.31512, 279.70676, 516.21698, 217.04752, 507.42636, 154.17688, 498.32285, 91.361099, 475.96011, 350.94147, 467.01083, 289.03278, 458.4787, 227.24217, 449.83185, 165.64044, 441.16736, 103.75113;
  836.05768, 333.79678, 829.2608, 264.80716, 821.87189, 195.63879, 814.84332, 126.23022, 807.27039, 56.586571, 768.74005, 339.79736, 761.784, 272.45532, 754.68292, 205.07254, 747.45856, 137.43925, 740.1308, 69.181152, 704.27863, 345.72342, 697.2204, 279.84613, 690.05945, 214.02927, 683.1828, 147.84245, 675.96832, 81.521393, 642.68469, 351.4191, 635.75629, 287.01135, 628.76794, 222.58128, 621.80121, 158.09406, 614.97186, 93.208923, 583.45831, 356.73273, 576.70056, 293.78403, 569.76599, 230.80649, 563.00305, 167.76414, 555.85602, 104.11593, 526.46454, 361.76944, 519.6059, 300.07816, 513.12408, 238.59389, 506.43036, 176.86116, 499.51447, 114.78469;
  843.82855, 345.00082, 838.87756, 276.01901, 833.74878, 206.67877, 828.7395, 137.25095, 823.4621, 66.881317, 776.4751, 348.71561, 771.30011, 281.43436, 766.15936, 213.8896, 760.91132, 146.04175, 755.37476, 77.444809, 711.82135, 352.44354, 706.58539, 286.55487, 701.35773, 220.59694, 696.008, 154.43182, 690.4967, 87.469452, 650.06427, 355.96677, 644.67542, 291.71475, 639.5047, 227.08275, 634.44659, 162.32562, 628.97021, 97.053139, 590.72479, 359.23767, 585.4444, 296.43353, 580.06976, 233.21034, 574.78113, 169.93237, 569.38477, 106.09685, 533.53827, 362.54355, 528.29205, 301.02524, 523.08624, 239.28577, 517.89337, 177.3399, 512.56506, 114.60202;
  855.64417, 349.38339, 851.71515, 281.00473, 848.0163, 212.40758, 844.39728, 143.66734, 840.65833, 74.034531, 787.31042, 352.56589, 783.35931, 285.56509, 779.50482, 218.29434, 775.64063, 150.79607, 771.69177, 82.529404, 721.22656, 355.73666, 717.28723, 289.76306, 713.18201, 223.68158, 709.31006, 157.51656, 705.39349, 90.567253, 657.79352, 358.75461, 653.59393, 293.96692, 649.74768, 229.00484, 645.93768, 164.02843, 641.99365, 98.521507, 596.31769, 361.40408, 592.1936, 297.87964, 588.0639, 234.15628, 584.20947, 170.15059, 580.12354, 105.90289, 536.29102, 364.41742, 532.20447, 301.68863, 528.40588, 239.14565, 524.60114, 176.31479, 520.52704, 113.13413;
  857.68835, 346.47281, 853.3924, 279.95209, 849.19446, 213.56261, 845.1004, 147.16479, 840.8302, 79.994286, 790.76697, 350.74155, 786.2782, 284.92148, 781.93909, 219.18684, 777.67816, 153.31615, 773.52289, 86.962906, 724.71808, 354.82718, 720.27716, 289.59564, 716.01495, 224.58917, 711.75641, 159.39656, 707.24945, 93.661201, 660.28418, 359.12903, 655.86707, 294.35663, 651.44507, 229.85236, 647.07159, 165.13437, 642.9104, 100.2379, 596.50305, 363.14816, 592.19958, 298.96649, 587.75153, 234.93338, 583.35199, 170.89195, 578.94141, 106.63301, 533.55505, 367.07251, 529.27667, 303.56784, 524.80505, 240.00546, 520.62738, 176.6779, 516.34772, 112.90779;
  857.56677, 346.37396, 852.96729, 280.47, 848.36725, 214.82419, 843.70642, 149.24269, 839.37128, 82.949982, 791.33966, 350.87177, 786.45837, 285.47894, 781.92834, 220.52731, 777.28931, 155.35495, 772.62811, 89.700424, 725.88513, 355.47339, 721.16144, 290.72372, 716.53784, 225.85205, 711.77545, 161.18918, 707.0329, 96.07077, 661.65143, 360.3432, 656.78113, 295.71341, 651.97797, 231.30247, 647.34784, 166.92752, 642.76483, 102.47388, 597.52649, 364.77335, 592.78729, 300.6257, 587.89514, 236.6954, 583.45856, 172.74042, 578.69562, 108.53067, 533.96771, 369.29016, 529.2384, 305.50644, 524.53882, 241.93422, 520.05573, 178.38821, 515.41406, 114.6908;
  856.8158, 348.80447, 850.98413, 285.99323, 845.4278, 223.39459, 839.89032, 161.03101, 834.50305, 98.011391, 794.85925, 354.33118, 788.87335, 291.48621, 783.27148, 228.5303, 777.83484, 165.81787, 772.37451, 102.78879, 732.31732, 360.18393, 726.52875, 296.73233, 720.90082, 233.40855, 715.16522, 170.55026, 709.58679, 107.39525, 669.45422, 365.92264, 663.74695, 302.11768, 657.99695, 238.58052, 652.02374, 175.39874, 646.3454, 112.03181, 605.26544, 371.95233, 599.41345, 307.78183, 593.63959, 243.85658, 587.97504, 180.14438, 582.16901, 116.49832, 540.35077, 377.83252, 534.45911, 313.32465, 528.71399, 249.11313, 523.00824, 185.32774, 517.211, 121.09891;
  1119.2356, 452.73798, 1119.9994, 378.73221, 1120.6632, 304.06342, 1121.3796, 228.80199, 1122.1704, 152.27794, 1039.6017, 450.99887, 1039.6145, 378.59134, 1039.7028, 305.71838, 1040.0491, 232.06468, 1040.1238, 157.25133, 963.21954, 449.40869, 962.78149, 378.68631, 962.65247, 307.14731, 962.31946, 235.22629, 962.09277, 162.18399, 890.21826, 447.95297, 889.44708, 378.57462, 888.6261, 308.62823, 888.28491, 238.17606, 887.50818, 166.80717, 820.11395, 445.78006, 819.14355, 378.12845, 818.03607, 309.88943, 817.02985, 241.19748, 815.84314, 171.35051, 753.25745, 443.98712, 751.65601, 377.78677, 750.36847, 311.08276, 749.0343, 243.83447, 747.51715, 175.61121;
  782.12268, 425.48242, 766.57306, 359.43765, 751.84326, 295.46884, 737.50873, 233.48317, 723.45209, 172.84938, 714.9671, 439.87537, 700.48425, 373.6391, 686.60748, 309.63809, 673.06927, 247.26851, 659.77435, 186.35503, 647.44183, 454.01834, 634.09296, 387.60712, 621.15179, 323.1947, 608.5611, 260.86203, 596.06665, 200.03137, 580.13849, 468.29013, 567.75671, 401.58316, 555.73212, 337.12378, 544.19495, 274.68649, 532.7428, 213.60799, 512.67175, 482.83487, 501.45203, 416.19525, 490.31085, 351.37433, 479.60126, 288.62119, 468.82352, 227.36057, 444.9725, 497.42148, 434.64661, 430.56638, 424.64096, 365.89966, 414.93484, 302.88925, 405.02856, 241.47272;
  619.03448, 394.54861, 598.51709, 332.60968, 577.47223, 269.0639, 555.94293, 204.23308, 533.55676, 137.2429, 556.60193, 417.72144, 534.96759, 355.3176, 512.91846, 291.32547, 490.23941, 225.98837, 466.68445, 158.57655, 492.77332, 441.47827, 470.06009, 378.43335, 446.89877, 314.04611, 422.8851, 248.10904, 398.14331, 180.09497, 427.28149, 465.42606, 403.48547, 402.18134, 379.26837, 337.12836, 354.14343, 270.56906, 328.03671, 202.13153, 359.99109, 489.56958, 335.18848, 425.88495, 309.44739, 360.66171, 283.24759, 293.81866, 256.03403, 224.86987, 291.13068, 514.11029, 265.07172, 450.11172, 238.29633, 384.55399, 210.95087, 317.37805, 182.57594, 248.08829;
  616.28284, 402.68475, 596.79126, 340.31818, 576.89618, 276.52753, 556.39606, 211.1982, 535.03412, 143.90031, 553.34717, 424.97458, 532.8161, 362.08173, 511.59506, 297.8515, 490.06015, 232.05913, 467.59418, 164.23599, 489.09589, 447.79755, 467.1532, 384.45377, 445.01083, 319.71796, 422.12616, 253.47513, 398.47037, 185.06339, 422.93692, 471.03769, 400.1947, 407.39099, 376.82736, 342.01001, 352.86404, 275.12726, 327.90399, 206.30472, 355.08231, 494.27023, 331.27524, 430.07373, 306.67062, 364.52594, 281.6239, 297.38547, 255.34959, 228.09171, 285.5769, 518.04034, 260.53464, 453.67136, 234.9854, 387.66553, 208.5946, 320.13995, 181.4135, 250.51617;
  603.52557, 418.2283, 586.66107, 355.30045, 569.46173, 291.10211, 551.76801, 225.52293, 533.4278, 158.04739, 539.6524, 437.78217, 521.65936, 374.10999, 503.49225, 309.40726, 484.98419, 243.10304, 465.44016, 175.21307, 474.15576, 457.96259, 455.40134, 393.60443, 435.99881, 328.23007, 416.229, 261.52969, 395.70203, 192.86005, 407.10193, 478.39569, 387.42706, 413.53339, 366.94034, 347.40787, 346.1557, 279.97543, 324.40784, 210.68704, 338.01266, 498.81607, 317.0004, 433.40656, 295.65576, 367.05157, 273.80173, 299.02505, 250.96907, 229.11461, 267.0173, 519.80273, 245.18228, 454.15805, 222.65587, 386.99725, 199.72649, 318.51553, 175.80121, 248.03922;
  610.4826, 512.81976, 622.7439, 442.97333, 634.7392, 374.14404, 646.92566, 305.92441, 658.66119, 238.02489, 545.06177, 499.0687, 557.38556, 430.81985, 569.63879, 362.90884, 581.45874, 295.8714, 593.3526, 229.14954, 481.44614, 485.88812, 494.03055, 418.58633, 506.13162, 352.04837, 518.23639, 286.27997, 530.38885, 220.64828, 420.34665, 473.06918, 432.60934, 406.83075, 445.29767, 341.41342, 457.62097, 276.95224, 469.88681, 212.69966, 361.29895, 460.61566, 374.09235, 395.65305, 386.7417, 331.45172, 398.73523, 267.99274, 411.0047, 204.56638, 304.23389, 448.47647, 317.11957, 384.52597, 329.68945, 321.68057, 342.3512, 259.24139, 354.42636, 197.19865;
  651.44708, 487.48563, 659.50909, 420.50095, 667.54517, 355.08667, 675.72717, 291.74069, 683.4054, 229.48232, 585.4278, 479.54929, 594.51807, 413.0936, 603.10504, 348.74805, 611.85175, 285.78363, 620.15668, 224.25949, 520.59741, 471.48175, 530.15045, 405.78369, 539.8924, 342.13223, 549.13104, 279.86154, 558.45782, 219.23686, 456.88342, 463.68375, 467.40356, 398.84036, 477.92212, 335.79047, 487.96933, 274.46344, 498.32187, 214.54501, 394.61041, 456.10413, 405.96024, 392.01279, 416.81424, 329.56747, 427.85828, 268.80844, 438.66907, 209.60135, 333.38696, 448.6167, 345.29666, 385.18848, 357.39548, 323.59818, 369.16797, 263.69388, 380.57266, 205.19606;
  767.64148, 482.65384, 756.2981, 420.16928, 745.25824, 358.70233, 734.60651, 298.68845, 724.10742, 239.22372, 706.12335, 493.09064, 695.26056, 429.99741, 684.47021, 368.10303, 674.3916, 307.40213, 664.19269, 247.19733, 643.88947, 503.73975, 633.17084, 439.92981, 623.18896, 377.38531, 613.1933, 316.16937, 603.44025, 255.49434, 580.69568, 514.64105, 570.61023, 450.09055, 560.65308, 386.85751, 551.03204, 324.83594, 541.79041, 263.68286, 515.7616, 525.95703, 506.25641, 460.53799, 496.58444, 396.7377, 487.48843, 333.87634, 478.41013, 272.09592, 449.38263, 537.49542, 440.04147, 471.38974, 431.24542, 406.573, 422.52295, 343.23489, 414.00958, 280.76788;
  774.74316, 486.61969, 762.68024, 424.11313, 751.1319, 362.53906, 739.70941, 301.79761, 728.59021, 241.42618, 713.59534, 498.28168, 702.06189, 435.18225, 690.5141, 372.92114, 679.5683, 311.51254, 668.46729, 250.57895, 651.69745, 510.33197, 640.33496, 446.27917, 629.08997, 383.52063, 618.24738, 321.24884, 607.31366, 259.66321, 588.83014, 522.51874, 577.66943, 457.94144, 566.73041, 394.16312, 555.96472, 331.4827, 545.16095, 269.30716, 524.04163, 535.23676, 513.13391, 469.67053, 502.40747, 405.31528, 491.90668, 341.71991, 481.40463, 278.84842, 457.66208, 547.89948, 446.95114, 481.60809, 436.62979, 416.52417, 426.46243, 352.46039, 416.30743, 288.79147;
  827.4859, 554.85754, 819.03546, 495.47028, 810.724, 434.43817, 802.10199, 372.06708, 793.0733, 307.70325, 766.61615, 568.99786, 757.31824, 509.27875, 747.9306, 448.1373, 738.39417, 385.41248, 728.54321, 320.56992, 705.13226, 583.99664, 694.9129, 524.0376, 684.87469, 462.28644, 673.89673, 399.25214, 662.74347, 333.90094, 642.5188, 599.60706, 631.47229, 538.9364, 619.93933, 476.96439, 608.30774, 413.14392, 596.01068, 347.09531, 578.03119, 615.02771, 565.99524, 554.08655, 553.68835, 491.46893, 540.92798, 427.40643, 527.35114, 361.05029, 512.21796, 631.09991, 499.10159, 569.71191, 485.44495, 506.73566, 471.509, 441.83203, 456.93228, 374.95837;
  940.18237, 642.29486, 949.52344, 575.49854, 958.62036, 509.78888, 967.53131, 444.96881, 976.42072, 380.40399, 872.38989, 628.375, 881.7655, 562.55408, 891.16193, 497.89548, 900.30981, 434.03894, 909.43073, 370.60666, 806.5481, 614.74774, 816.08789, 550.02594, 825.70221, 486.27512, 835.06787, 423.44461, 844.1297, 360.98715, 742.59637, 601.59283, 752.42371, 538.02887, 762.00348, 475.19354, 771.84045, 413.24438, 780.83136, 351.89893, 680.16119, 588.7428, 690.2384, 526.01489, 700.04773, 464.41925, 709.78876, 403.24817, 719.44336, 342.72464, 619.2851, 576.32019, 629.54102, 514.53912, 639.7373, 453.72379, 649.54053, 393.78937, 659.3996, 334.13998;
  957.50372, 619.81671, 970.5, 555, 983.17273, 491.24463, 995.8587, 428.59317, 1008.1306, 366.40198, 891.27618, 601.99957, 904.22253, 538.46838, 917.1886, 475.83401, 929.78009, 414.2894, 942.47528, 353.18213, 826.95911, 584.78137, 840.19574, 522.4281, 853.29614, 460.94016, 866.21967, 400.48441, 878.99213, 340.51755, 764.97369, 568.33392, 778.33813, 506.80753, 791.64441, 446.50925, 804.80499, 387.17444, 817.6972, 328.38724, 704.5564, 552.21692, 718.28192, 491.93005, 731.53278, 432.46704, 744.88599, 374.16489, 757.95282, 316.48761, 645.98328, 536.49347, 659.70691, 477.164, 673.35089, 419.14478, 686.90436, 361.84323, 700.07532, 304.9382;
  1010.6689, 570.04724, 1027.025, 512.78717, 1043.869, 454.55725, 1061.0739, 395.20541, 1078.4773, 334.51126, 948.67572, 553.63605, 964.59552, 496.65173, 980.55798, 438.83435, 997.04822, 379.78732, 1013.6099, 319.75034, 888.13391, 537.95306, 903.00348, 481.19492, 918.47668, 423.54617, 934.06238, 364.99011, 950.00195, 305.03867, 828.69818, 522.68469, 843.05127, 466.21432, 857.63654, 408.58945, 872.54352, 350.45499, 887.659, 290.73474, 769.88086, 506.97021, 783.3562, 450.8743, 797.55615, 393.79782, 811.88306, 335.82666, 826.21356, 276.60565, 711.98273, 491.77338, 725.0329, 435.79205, 738.44666, 378.99051, 752.08191, 321.56, 766.14301, 262.62451;
  934.64465, 384.87076, 930.14856, 320.76233, 925.64661, 258.33582, 921.09113, 197.41685, 916.93939, 137.07349, 868.81433, 387.2511, 864.97559, 323.66226, 861.07446, 261.62637, 857.20782, 200.76108, 853.60492, 141.11134, 803.41803, 389.8212, 800.37531, 326.57703, 797.36102, 264.61966, 794.19946, 204.24409, 791.02985, 145.03598, 739.50677, 392.17822, 737.01672, 329.36264, 734.4975, 267.84866, 732.04224, 208.04799, 729.43005, 149.08777, 675.93439, 394.90903, 674.0061, 332.52673, 672.25482, 271.5451, 670.16974, 211.73409, 668.28351, 152.96471, 612.79993, 397.56235, 611.63464, 335.4599, 610.49164, 274.81332, 608.9903, 215.66739, 607.62384, 157.38313;
  912.73438, 395.25882, 911.75659, 330.47015, 910.70093, 266.92688, 909.69061, 204.67101, 908.83221, 142.93358, 846.47778, 395.27908, 845.96436, 331.23743, 845.23944, 268.27338, 844.91351, 206.5486, 844.31421, 145.47205, 781.41925, 395.35889, 781.34235, 331.90506, 781.31818, 269.60712, 781.11243, 208.60413, 781.00378, 147.96841, 717.89978, 395.58609, 718.23657, 332.64346, 718.67114, 270.86551, 719.0014, 210.30646, 719.35284, 150.53409, 655.21667, 395.74481, 655.96735, 333.51477, 656.94556, 272.39056, 657.59686, 212.23016, 658.29102, 152.80479, 593.62073, 395.78989, 594.52283, 334.25787, 596.00134, 273.87454, 597.25629, 214.1722, 598.26471, 155.45874;
  791.00763, 425.22931, 792.4325, 362.4028, 794.05927, 297.87305, 795.83197, 231.59125, 797.43237, 163.60318, 726.51788, 423.49142, 727.02454, 361.04526, 727.72382, 297.03076, 728.56818, 231.44542, 729.3512, 164.07405, 663.11218, 421.63177, 662.84192, 359.69354, 662.54407, 296.28055, 662.48584, 231.36751, 662.54755, 164.3582, 600.92712, 419.5614, 600.00244, 358.44244, 598.83655, 295.45154, 598.04236, 231.05864, 597.31049, 164.7359, 539.87836, 417.5159, 537.83276, 356.59201, 535.96277, 294.40018, 534.28064, 230.83478, 532.45929, 164.98509, 479.65317, 415.5076, 476.86264, 355.27008, 474.25436, 293.43091, 471.87357, 230.39665, 468.98245, 165.22981;
  768.3858, 435.93216, 767.6778, 375.20825, 766.92371, 311.85297, 766.26801, 245.7067, 765.60016, 176.80283, 703.37085, 437.49554, 701.35706, 376.8812, 699.16034, 313.76688, 696.97577, 247.99379, 694.76715, 179.40269, 638.99927, 438.63956, 635.59052, 378.32486, 632.01373, 315.53903, 628.61005, 250.24884, 624.96112, 182.01013, 575.67029, 439.69614, 570.8822, 379.66153, 566.02911, 317.16092, 561.29712, 252.35709, 556.22589, 184.44122, 512.60553, 440.1933, 506.58051, 380.56107, 500.56619, 318.70514, 494.29874, 254.29044, 487.75531, 186.88774, 450.22217, 441.14841, 442.9205, 381.68201, 435.64587, 320.13803, 428.2579, 256.16202, 420.30856, 188.89661;
  740.37561, 456.47287, 725.07751, 392.01236, 709.57715, 326.53802, 693.76904, 259.94144, 677.91193, 192.4854, 675.23291, 473.689, 659.31183, 409.02747, 643.17963, 343.32968, 626.93591, 276.90067, 610.27155, 209.15189, 609.62817, 490.71387, 593.12109, 425.88037, 576.44202, 360.41663, 559.65332, 293.77289, 542.36035, 225.91728, 543.89697, 507.73148, 526.81305, 442.7384, 509.59634, 377.12125, 492.07544, 310.55316, 474.1861, 242.83957, 477.52948, 524.36469, 459.9599, 459.47308, 442.06177, 394.01978, 423.96237, 327.50153, 405.2887, 259.55624, 410.96576, 541.23846, 392.6405, 476.3595, 374.1864, 410.74747, 355.50565, 344.35202, 336.22025, 276.55231;
  543.51794, 435.44998, 529.48151, 376.44635, 515.45819, 317.62341, 501.43207, 259.30621, 487.37164, 200.39775, 483.60645, 450.97592, 469.25058, 390.81116, 454.93896, 330.95462, 440.71341, 271.39166, 426.44559, 211.68076, 421.59988, 466.90558, 406.71732, 405.93787, 392.28162, 344.81198, 377.71503, 284.21344, 363.42477, 223.32582, 357.1705, 483.43671, 342.33371, 421.01361, 327.4238, 358.94385, 312.82785, 297.39865, 298.26984, 235.51755, 290.26181, 500.42566, 275.18201, 437.13269, 260.18484, 374.08878, 245.22598, 311.26456, 230.41501, 248.07748, 221.05142, 518.24377, 205.80261, 453.71246, 190.67441, 389.61194, 175.72731, 325.6922, 160.52129, 261.61868;
  466.29156, 474.95718, 465.44928, 408.99667, 464.61865, 341.62225, 464.00778, 272.71713, 463.11618, 202.05707, 398.73477, 473.32431, 397.2236, 407.37872, 395.79846, 339.66675, 394.27295, 270.8212, 392.78922, 200.1579, 331.66617, 471.31168, 329.15735, 405.26282, 326.71793, 337.80106, 324.59827, 269.0433, 322.3335, 198.35388, 264.75726, 469.41479, 261.49307, 403.38342, 258.26978, 335.88217, 255.31015, 267.12802, 252.40002, 196.36816, 197.6571, 467.2348, 193.84796, 401.224, 189.71204, 333.84857, 185.66423, 265.16943, 181.88913, 194.63544, 130.502, 465.10791, 125.65746, 399.20477, 121.10876, 332.02499, 116.50332, 263.14807, 112.00254, 192.49995;
  864.69647, 451.16583, 864.8429, 390.6539, 864.97986, 329.54028, 864.91901, 267.62347, 865.1181, 204.94586, 805.25525, 454.43188, 804.89398, 393.42023, 804.31366, 331.68079, 803.85486, 269.27734, 803.50824, 206.02859, 744.81726, 457.47897, 743.8446, 395.89584, 742.96155, 333.76376, 742.16168, 270.96744, 741.24622, 207.16307, 683.45416, 460.65076, 682.17847, 398.55637, 680.73425, 335.91608, 679.41492, 272.71588, 678.05859, 208.2394, 620.67297, 463.31171, 618.90649, 400.8548, 617.03595, 337.95483, 615.36035, 274.16174, 613.71387, 209.41406, 556.91113, 466.1669, 554.79065, 403.31122, 552.60516, 339.96991, 550.3186, 275.84546, 548.21088, 210.73833;
  985.91553, 485.10678, 991.43555, 423.85071, 996.84308, 361.74741, 1002.2848, 298.88757, 1007.7935, 234.67764, 921.7851, 479.68597, 926.2619, 419.19891, 930.99371, 357.68414, 936.09875, 295.22809, 940.8316, 231.93494, 858.32898, 474.44067, 862.66864, 414.37527, 867.03003, 353.54074, 871.2821, 291.96216, 875.58093, 229.22388, 796.73224, 469.26022, 800.59363, 409.74918, 804.41223, 349.54346, 808.31866, 288.46304, 811.96039, 226.56842, 736.51184, 463.43265, 739.87207, 404.59567, 742.96027, 345.33997, 746.38055, 285.24704, 749.68756, 223.97079, 677.54163, 457.88702, 680.27747, 399.84442, 683.03131, 341.35507, 685.97083, 281.80063, 688.70844, 221.47784;
  1018.5994, 440.71487, 1023.794, 381.61551, 1029.2783, 321.58371, 1034.7073, 261.24326, 1040.1521, 199.7361, 957.13275, 436.4686, 961.85632, 377.57712, 966.72876, 317.81659, 971.67444, 257.72473, 976.83179, 196.7952, 896.289, 432.08939, 900.53906, 373.22116, 905.10132, 314.05496, 909.61249, 254.47372, 914.06726, 193.83885, 836.14917, 427.75037, 840.17346, 369.29062, 844.22522, 310.48328, 848.40039, 251.25491, 852.65875, 190.93858, 776.50763, 423.15829, 780.22742, 365.15884, 783.95776, 306.7731, 787.72308, 247.81242, 791.66394, 188.20618, 717.70441, 418.49933, 721.08136, 360.99551, 724.44867, 302.99023, 728.00629, 244.59709, 731.5675, 185.28873]
