image_Width 640
image_Height 480
board_Width 5
board_Height 6
square_Size 25.5
Camera_Matrix[669.0963724301562, 0, 306.2780177082869;
  0, 667.2354696071473, 267.8921608203738;
  0, 0, 1]
Distortion_Coefficients[-0.3638837936924957;
  -0.1261371895258737;
  0;
  0;
  1.146795212161625]
Avg_Reprojection_Error 0.301085
Per_View_Reprojection_Errors[0.26189601;
  0.44696066;
  0.55696493;
  0.28309783;
  0.30247301;
  0.41830289;
  0.23839295;
  0.2555072;
  0.34219402;
  0.25921878;
  0.40796831;
  0.30278856;
  0.17862415;
  0.26909971;
  0.17274943;
  0.15801588;
  0.22930051;
  0.17297791;
  0.1856306;
  0.21328352;
  0.16570878;
  0.15193722;
  0.29850611;
  0.51048702;
  0.23402832]
Extrinsic_Parameters[-2.30184462843938, 2.016454582910994, 0.3100055909473298, 71.2193938980617, 50.10849716419535, 316.5408768486985;
  -2.333119816063606, 1.913321965142272, 0.07174715675353684, 48.07691650871243, 42.73739235534347, 321.3728164652228;
  0.1187227978827109, -3.032598703626384, 0.2793229370672246, 32.5206993824122, -84.25081478186847, 380.6267916619214;
  2.639022864870436, -1.717620191474773, 0.1161553421351176, 19.31108639572268, 68.40169649109744, 348.4179463478832;
  -2.144382638524583, 2.023186271854431, -0.06934825257138408, 23.07280096739807, 65.76228306071597, 371.4078017604853;
  2.177437536440626, -2.141368913293691, -0.2043215672508438, 103.942799301931, -4.796921902426888, 343.6626949823997;
  1.929630482199095, -2.273414505210606, 0.4904228235853738, -31.15042902191508, 47.62323319676283, 423.8733222410026;
  -2.017040330516629, 1.969180607242981, -0.2945462399512313, -37.74868298155867, 125.6657523803431, 470.4153021586767;
  -2.317227684737629, 2.296228930993061, -0.2736579414457393, 127.3438350776652, 85.23656188385995, 368.1874838813806;
  -2.364200174645361, 1.831799013592128, -0.216459198093367, 88.06099932999076, 9.228782815738942, 406.4955485817844;
  2.30932778543041, -2.113251505047314, 0.1648802242936557, -11.26190292001053, 18.33365922619301, 423.5427427216238;
  -2.170421443917091, 2.02761285908364, -0.347143689903065, 33.84815575824946, 63.32901265708254, 549.2212294377255;
  2.187943343470804, -2.164628169300269, 0.005898567083272964, -82.68751616596477, 5.92857115094618, 542.2159385291565;
  -2.229491426691672, 2.264016815490904, 0.2853508288727563, 114.7283986787083, 61.99205711910417, 515.3711910382175;
  2.281499431189543, -1.910775912964865, 0.5710445346747696, 35.72733409724975, 94.78003290126641, 537.7327977272207;
  1.590893086731725, -2.240391657907695, -0.1874868277292022, 122.7686603880006, -60.96181115985827, 455.0815576044701;
  1.938998211295342, -2.133853624458631, -0.3842130041628911, -96.33916872524584, 100.2451880922486, 652.352918638949;
  2.062860781146044, -2.213560785486457, 0.6177658005511634, 96.55658820053525, 52.81310331143975, 583.3988963029841;
  -2.01641715919547, 1.814315617192112, -0.3039396560249446, 148.0958637124602, 107.3375550962138, 606.4710862915399;
  2.108579952796037, -2.338031807387706, 0.2119849964590245, -30.90352485318265, 18.87775973977296, 648.9615404632706;
  1.9203446312435, -2.377516741064726, -0.5669896407676494, 122.6194874174689, -94.46345827418497, 657.4852584371856;
  -2.459529234641798, 1.953615294029111, -0.3765445762693851, 165.6780973988191, 155.2390398785995, 699.9534951768928;
  -2.199136236248514, 2.084681140142179, 0.1123755908263504, 21.76670254051142, 54.17229573219949, 500.8931159940817;
  -1.983205451315143, 2.200633407582396, -0.06846496800138728, 36.98259126497752, -9.631689109249859, 358.7584431111977;
  1.999910998346058, -2.257762350934143, 0.1125958165870165, 120.3175718528149, 36.73129278875592, 338.7122203034318]
Image_points[452.44687, 370.98242, 462.21881, 320.86673, 471.4014, 268.8472, 479.57431, 215.64503, 487.16327, 161.57962, 401.23834, 364.03412, 410.05487, 313.47739, 418.43729, 261.10065, 426.29446, 207.43254, 433.56689, 153.19597, 349.32837, 356.67093, 357.02423, 305.9975, 364.55334, 253.49809, 371.89911, 199.75864, 378.79355, 145.34225, 297.39139, 348.97662, 304.06186, 298.49872, 310.82758, 246.04074, 317.28955, 192.39371, 323.84665, 138.20081, 245.99013, 341.05978, 251.52773, 290.73004, 257.38443, 238.77069, 263.0853, 185.51288, 269.2944, 131.88527, 195.86562, 332.79193, 200.31517, 283.18637, 205.04472, 231.92255, 210.32161, 179.41623, 215.98436, 126.37943;
  404.26321, 355.60352, 416.39706, 304.91968, 428.08786, 253.2002, 439.17215, 201.17902, 449.55652, 148.96809, 353.56171, 346.63504, 365.18701, 295.18939, 376.57599, 242.72679, 387.6272, 189.83337, 398.44009, 137.18335, 301.63055, 337.07993, 312.71121, 285.10828, 323.85898, 232.21686, 334.84467, 178.72392, 345.79269, 125.72811, 249.50055, 327.13904, 259.84894, 274.86249, 270.54587, 221.70505, 281.37189, 168.14986, 292.36951, 114.66352, 197.19731, 316.84561, 206.95514, 264.61234, 217.15701, 211.33113, 227.82907, 157.94312, 238.62155, 104.87656, 146.09514, 306.34482, 155.03477, 254.52159, 164.58012, 201.62195, 174.89566, 148.45094, 185.68118, 95.473129;
  362.534, 123.57057, 318.97067, 120.89375, 276.17337, 118.90133, 234.09035, 117.40818, 193.27544, 116.37169, 359.31711, 164.1675, 314.85504, 161.62807, 271.17435, 159.42543, 228.3221, 157.40508, 186.51657, 155.55688, 356.26965, 206.77953, 310.91162, 203.99538, 266.16595, 201.40289, 222.51529, 199.05426, 180.14458, 196.90405, 353.01611, 250.82741, 306.95865, 247.89867, 261.63199, 244.99677, 217.33223, 242.42734, 174.45978, 239.68323, 349.80582, 296.05774, 303.27661, 293.16745, 257.33881, 290.1153, 212.56339, 286.85147, 169.17104, 283.82239, 346.70514, 342.63214, 299.59473, 339.31531, 253.51167, 336.04822, 208.1604, 332.5, 164.50229, 328.95438;
  343.38742, 396.73584, 362.67978, 353.01889, 381.8042, 308.89633, 400.62976, 265.36148, 419.10751, 222.12668, 298.85156, 378.32462, 318.26215, 334.17612, 337.71655, 289.73074, 356.96817, 245.58745, 376.1535, 202.23557, 254.02119, 359.19171, 273.36136, 314.61966, 293.09366, 270.04123, 312.69702, 225.716, 332.37982, 182.18196, 209.41371, 339.49933, 228.72784, 294.79703, 248.57079, 250.24765, 268.52478, 205.9393, 288.52139, 162.52463, 165.42987, 319.67395, 184.48317, 275.00888, 204.40309, 230.53159, 224.50348, 186.50114, 244.94174, 143.51741, 122.60136, 299.75772, 141.55472, 255.36275, 161.17026, 211.22664, 181.35625, 167.48479, 202.06509, 124.98958;
  347.26587, 384.63416, 351.06799, 340.42459, 354.54745, 295.09167, 358.0675, 248.89752, 361.47571, 202.31197, 302.40558, 384.021, 305.39145, 339.2229, 308.80548, 293.21463, 311.93552, 246.34747, 315.41812, 199.31168, 256.49649, 382.98431, 259.07047, 337.54449, 261.65988, 291.4093, 264.72083, 244.0425, 267.98761, 196.38837, 210.34875, 381.33105, 212.29353, 335.83603, 214.46805, 289.15039, 217.13034, 241.64911, 220.14795, 193.63593, 164.03621, 379.3407, 165.35316, 333.64377, 167.05574, 286.95703, 169.33571, 239.35075, 172.23366, 191.30351, 118.09349, 376.99756, 118.86862, 331.37378, 120.0007, 284.53897, 121.9802, 237.18613, 124.47618, 189.18341;
  502.28021, 259.745, 502.83405, 211.44824, 502.44565, 163.8717, 501.14301, 117.51444, 499.02774, 72.508102, 455.16113, 258.52817, 455.58563, 210.18529, 455.55301, 162.42851, 454.65674, 116.05262, 453.38876, 70.849113, 407.34955, 257.34348, 408.13989, 209.0253, 408.30234, 161.43336, 407.72281, 115.04819, 406.93393, 70.031319, 359.5946, 256.37445, 360.45135, 208.34633, 360.84888, 160.84903, 360.61526, 114.8326, 360.3988, 69.77726, 312.3403, 255.21272, 313.15646, 207.62332, 313.66824, 160.62704, 314.05966, 114.93069, 314.24036, 70.67292, 265.6893, 254.22729, 266.58112, 207.23445, 267.34097, 161.03931, 268.16632, 116.0202, 268.91019, 72.058762;
  257.70911, 342.36505, 251.38283, 304.30453, 245.2305, 267.3989, 239.48846, 232.16972, 234.18187, 198.25081, 217.88194, 348.13623, 211.97943, 309.94778, 206.73811, 272.91064, 201.57805, 237.19946, 197.03313, 202.78123, 178.3159, 353.63858, 172.83188, 315.15509, 168.19482, 278.07101, 163.96135, 242.13205, 160.08783, 207.52878, 139.22516, 358.96826, 134.55154, 320.4704, 130.3867, 283.24838, 126.76624, 247.30847, 123.57056, 212.41077, 100.97944, 364.05222, 96.896797, 325.65192, 93.371902, 288.36917, 90.216621, 252.48457, 88.007195, 217.7762, 63.933254, 368.80585, 60.118614, 330.62933, 57.098682, 293.60992, 54.771313, 257.61658, 52.954792, 223.15247;
  254.49203, 440.96927, 254.98334, 407.50656, 255.6497, 373.29715, 256.36923, 338.20474, 257.17081, 302.58829, 220.12946, 443.16632, 220.06693, 409.3103, 220.43108, 374.58224, 220.81197, 338.81195, 221.53033, 302.78311, 185.09221, 444.91531, 184.6239, 411.13977, 184.34888, 375.61514, 184.66325, 339.60593, 185.22075, 302.78741, 149.60672, 446.66138, 148.65015, 412.0585, 148.067, 376.49487, 148.0416, 339.84058, 148.40686, 302.75278, 113.53954, 447.88879, 112.27124, 412.82938, 111.28369, 376.89508, 110.84157, 340.15109, 111.00195, 302.5257, 77.575897, 448.78494, 75.845154, 413.40497, 74.555527, 377.28671, 73.74855, 340.32248, 73.558281, 302.36414;
  523.95892, 412.41254, 523.04382, 369.55225, 521.76971, 327.36905, 519.88025, 285.66278, 517.79321, 244.76808, 483.08221, 414.43588, 482.43134, 371.0184, 481.39655, 327.98401, 479.90576, 285.36111, 478.28522, 243.42949, 440.61694, 416.12521, 440.12518, 372.02069, 439.38385, 328.24078, 438.4183, 284.89154, 437.29315, 242.50198, 396.86581, 417.34695, 396.49268, 372.62839, 396.03452, 328.189, 395.58383, 284.54337, 394.97275, 241.4913, 351.69785, 418.20935, 351.68161, 373.10422, 351.54364, 328.3504, 351.4509, 284.08685, 351.39307, 240.73297, 306.12726, 418.36545, 306.03683, 373.03201, 306.52106, 327.98077, 306.68311, 283.61713, 307.1601, 240.21204;
  449.0787, 282.47485, 458.42181, 242.79774, 467.16925, 203.98956, 475.32181, 165.84259, 483.40729, 128.76968, 411.9111, 272.51712, 421.52054, 232.05243, 430.78958, 192.35492, 439.61462, 153.60669, 448.40643, 115.75632, 373.18857, 262.03671, 383.14038, 220.83051, 392.94266, 180.45732, 402.38068, 141.06522, 411.66226, 102.72264, 333.0253, 251.39366, 343.38834, 209.58087, 353.55753, 168.49913, 363.69119, 128.66104, 373.5976, 89.788849, 291.48734, 240.25832, 302.13141, 198.1378, 312.81412, 156.52473, 323.5275, 116.29693, 333.98328, 77.013939, 249.01823, 229.11661, 260.07361, 186.3261, 271.27332, 144.51668, 282.42554, 103.88789, 293.4017, 64.617096;
  289.33859, 297.3092, 292.43292, 257.02866, 295.61829, 217.56354, 298.84085, 179.25192, 301.89783, 141.70906, 248.71408, 293.69812, 252.20145, 253.366, 255.75365, 213.86961, 259.2135, 175.36284, 263.07523, 137.89021, 208.55103, 289.88821, 212.07628, 249.41177, 216.06647, 210.06099, 220.16304, 171.80504, 224.32121, 134.37515, 169.06439, 286.02298, 172.97301, 245.90285, 177.26144, 206.71432, 181.66499, 168.51085, 186.48889, 131.30969, 130.34157, 282.14447, 134.44185, 242.43674, 139.1993, 203.6255, 143.98912, 165.61754, 149.27846, 128.66478, 93.157768, 278.41443, 97.325508, 239.15094, 102.1148, 200.51987, 107.40177, 162.97925, 113.07082, 126.42749;
  347.51038, 344.06406, 349.1893, 313.34222, 350.69949, 282.90179, 352.27194, 252.5815, 353.96024, 222.60461, 317.9642, 342.80551, 319.64401, 311.69934, 321.29343, 280.55084, 323.17242, 249.94063, 325.02649, 219.56752, 287.43304, 341.44101, 289.27322, 310.19632, 291.2124, 278.41513, 293.271, 247.44159, 295.32062, 216.45015, 256.4408, 340.10437, 258.33606, 308.27005, 260.36496, 276.37939, 262.51132, 244.67352, 264.77271, 213.41891, 224.69408, 338.7121, 226.56732, 306.26385, 228.6266, 274.25214, 231.00963, 242.19438, 233.50194, 210.54018, 192.25319, 336.98502, 194.26985, 304.21521, 196.57903, 271.82397, 199.01927, 239.49004, 201.59062, 207.59062;
  205.13565, 275.28342, 205.86375, 244.00864, 206.80692, 213.17946, 207.47403, 182.90436, 208.6572, 153.3698, 174.95242, 274.83789, 175.67725, 244.03429, 176.70901, 213.37976, 177.73874, 183.45799, 178.87927, 153.82283, 145.52957, 274.62558, 146.32251, 243.9655, 147.39038, 213.75682, 148.6973, 183.86809, 149.9689, 154.53764, 117.27574, 274.12949, 118.14731, 243.80411, 119.06718, 213.87877, 120.56485, 184.25679, 122.05676, 155.53581, 89.690094, 273.68909, 90.351479, 243.88617, 91.827446, 214.34155, 93.194725, 185.15527, 94.745514, 156.58366, 63.189312, 273.07474, 64.150406, 243.87793, 65.310509, 214.8107, 66.891266, 186.12755, 69, 158;
  451.56006, 346.35449, 452.31363, 314.33112, 452.51315, 282.19299, 452.49344, 249.50656, 452.33835, 216.34409, 419.4541, 346.53885, 419.83838, 314.61258, 419.98947, 282.40723, 419.80399, 249.78162, 419.45297, 216.9528, 387.30804, 346.57114, 387.39545, 314.77533, 387.27597, 282.64844, 387.08963, 250.30331, 386.41992, 217.46866, 355.41946, 346.48581, 355.24698, 314.78836, 354.95154, 282.92941, 354.34238, 250.63261, 353.6705, 218.09114, 323.53745, 346.25436, 323.33072, 314.84192, 322.49628, 283.1456, 322.00769, 251.09186, 321.40958, 218.88026, 292.48563, 345.86301, 291.63501, 314.55542, 290.90536, 283.39612, 290.09625, 251.52357, 289.39032, 219.72992;
  350.13684, 383.71335, 353.88687, 353.88699, 357.28394, 324.75128, 360.72491, 296.47107, 364.01907, 268.45676, 319.98996, 378.58752, 324.18954, 348.87463, 328.09616, 319.02136, 331.88742, 290.41565, 335.73035, 262.3775, 289.28796, 373.10547, 293.68433, 342.93164, 298.10376, 313.13452, 302.56265, 284.38333, 306.75842, 256.04147, 258.21173, 367.56598, 263.14105, 337.15903, 267.67694, 307.254, 272.45901, 278.1608, 277.5, 250, 226.66663, 361.53229, 231.92116, 331.16202, 237.18443, 301.15872, 242.57751, 272.14554, 247.64365, 243.73999, 194.81212, 355.5817, 200.65421, 324.91995, 206.47307, 295.03613, 212.2916, 265.90201, 217.82755, 237.72073;
  480.61096, 181.50729, 468.07843, 149.3792, 455.55145, 118.98381, 443.16718, 89.55854, 430.79697, 62.020885, 447.83255, 194.58081, 435.83368, 162.87054, 423.92636, 132.10561, 412.04459, 102.84784, 400.39471, 74.717285, 415.11252, 207.63589, 403.84613, 175.80692, 392.42697, 145.1962, 381.37012, 115.71023, 370.34399, 87.7714, 383.20413, 220.61456, 372.2265, 188.86974, 361.49655, 158.4086, 350.75079, 128.86487, 340.68542, 101.04333, 351.56094, 233.19528, 341.27271, 201.61037, 331.13519, 171.43124, 321.17026, 142.16594, 311.60898, 114.17755, 320.70844, 245.76801, 310.97653, 214.58427, 301.25156, 184.33304, 292.01431, 155.2923, 283.11584, 127.64534;
  209.12115, 369.01041, 206.49757, 343.53925, 203.79849, 317.8476, 201.20869, 292.10803, 198.47025, 266.42795, 186.96124, 369.45364, 184.42937, 344.33798, 181.66948, 319.14365, 179.05682, 294.1821, 176.38947, 268.88168, 165.92407, 369.73404, 163.24133, 345.0343, 160.44537, 320.47729, 157.82388, 295.83206, 155.38217, 271.24872, 146.00932, 369.78653, 143.13222, 345.77621, 140.32121, 321.70975, 137.86055, 297.70728, 135.1937, 273.34076, 126.69068, 369.88412, 124.12225, 346.37805, 121.29144, 322.64798, 118.5815, 298.98318, 116.19991, 275.44711, 108.54959, 370.01093, 105.35263, 346.86093, 102.89594, 323.83002, 100.30437, 300.65564, 98.079659, 277.52777;
  415.73056, 327.42883, 411.46799, 299.84937, 407.17664, 272.98715, 402.94687, 246.92291, 398.98129, 220.93858, 389.01828, 329.1008, 384.87482, 301.4259, 380.8075, 273.8949, 376.8642, 247.08221, 373.17935, 220.90045, 361.3158, 330.85715, 357.33163, 302.47015, 353.51578, 274.55014, 350.13263, 247.51744, 346.49472, 221.01663, 332.98257, 332.68652, 329.3526, 303.82401, 325.99155, 275.45303, 322.49896, 248.18764, 319.45053, 221.39931, 303.73718, 334.40204, 300.50031, 305.08194, 297.31479, 276.56693, 294.40952, 248.78096, 291.47223, 221.58434, 274.10608, 335.77029, 271.1387, 306.49719, 268.26547, 277.49896, 265.61008, 249.37376, 263.13803, 222.13341;
  464.58923, 382.41656, 469.25381, 355.923, 473.60196, 329.34497, 478.15814, 302.564, 482.66708, 275.14883, 443.29965, 382.99893, 447.84171, 356.21622, 452.4072, 328.99622, 456.97119, 301.52563, 461.61105, 273.39951, 420.76031, 383.85861, 425.50204, 356.40677, 430.20663, 328.53763, 434.82504, 300.37259, 439.29977, 271.62949, 397.52954, 384.53009, 402.11252, 356.54739, 406.64935, 328.03009, 411.21317, 299.16977, 415.7923, 269.71103, 372.70111, 385.09543, 376.93845, 356.6394, 381.79718, 327.19479, 386.30884, 297.75906, 390.83594, 267.53232, 346.75031, 385.5239, 351.25046, 356.23959, 355.56522, 326.65329, 360.1347, 296.27103, 364.48044, 265.47372;
  274.82849, 287.49362, 272.07349, 261.31461, 269.18686, 235.78659, 266.52045, 210.22157, 264.23178, 185.07323, 248.5, 290.03732, 245.81967, 263.83557, 243.12309, 238.13846, 240.49921, 212.61734, 238.40274, 187.33627, 222.07326, 292.40207, 219.47488, 266.6467, 217, 240.73715, 214.47392, 214.99597, 212.49657, 189.82536, 196.16925, 295, 193.57159, 268.80411, 191.14841, 243.0136, 189.08118, 217.61951, 187.00447, 192.5, 170.51758, 297.5289, 167.9958, 271.409, 165.71207, 245.55461, 163.55217, 220.12766, 161.74834, 194.8903, 144.93625, 300.01462, 142.5, 274, 140.2843, 248.2843, 138.38745, 222.92522, 136.73643, 197.75278;
  428.76532, 174.16393, 423.08008, 149.30066, 417.30301, 124.58562, 411.56769, 100.27607, 405.24982, 75.822792, 404.1684, 178.9014, 398.5625, 154.16525, 392.88458, 129.84476, 386.74396, 105.4925, 380.71829, 81.355522, 379.84598, 183.89175, 374.20676, 159.32382, 368.39755, 135.06244, 362.48669, 110.97218, 356.44131, 86.993782, 356.10681, 188.66196, 350.12134, 164.56422, 344.46854, 140.36639, 338.53302, 116.34773, 332.62781, 92.652374, 332.20181, 193.58488, 326.38943, 169.65373, 320.74493, 145.75034, 314.83707, 121.9666, 309, 98.137596, 308.95657, 198.46233, 303.24911, 174.73613, 297.44556, 151.09653, 291.65677, 127.52994, 285.88144, 104.13062;
  458.86053, 410.29272, 463.05304, 387.49124, 467.35046, 364.7084, 471.36685, 342.30408, 475.40881, 319.81613, 437.36469, 406.36069, 442.08725, 383.24716, 446.36282, 360.3226, 450.70139, 337.70139, 454.73529, 314.80347, 415.78473, 401.89639, 420.41846, 378.81964, 425, 355.45401, 429.33206, 332.55734, 433.3316, 309.71613, 393.63351, 397.75989, 398.45798, 374.05658, 403.14059, 350.69711, 407.47421, 327.48389, 412.11594, 304.5881, 370.98544, 393.2757, 375.76764, 369.46713, 380.51633, 345.88614, 385.38821, 322.45706, 389.87088, 299.18161, 347.62781, 388.34763, 352.67914, 364.48849, 357.69836, 340.58612, 362.54993, 317.1937, 367.18704, 293.83136;
  335.0415, 339.75092, 337.19907, 306.41837, 339.62332, 272.53033, 342.10281, 238.33752, 344.1553, 203.7579, 301.03925, 338.06235, 303.04285, 305.11484, 305.0145, 270.9603, 307.08261, 236.57355, 309.20184, 202.00793, 266.86984, 336.31073, 268.63165, 303.11575, 270.38361, 269.29782, 272.07364, 235.12346, 274.10535, 200.1792, 233.20718, 334.58463, 234.67064, 301.42877, 236.11165, 267.62665, 237.55164, 233.36456, 239.32991, 198.58395, 199.95155, 332.48917, 200.94324, 299.47318, 202.10376, 265.83948, 203.46515, 231.86118, 204.96591, 197.32999, 167.29628, 330.59537, 167.88249, 297.61942, 168.67342, 264.25516, 169.76093, 230.205, 170.9857, 196.11662;
  375.50391, 250.14171, 371.0502, 203.08078, 366.45724, 156.40019, 361.71066, 110.22147, 357.10043, 64.782471, 329.11868, 255.07448, 324.27188, 207.35233, 319.45612, 159.93234, 314.90115, 112.95423, 310.44513, 66.756805, 281.55185, 260.14743, 276.47104, 212.01555, 271.57874, 163.94923, 266.98477, 116.3867, 262.65134, 69.816193, 233.53719, 265.37061, 228.09477, 216.76793, 223.10548, 168.38477, 218.58685, 120.62381, 214.52991, 73.575317, 185.27989, 270.53915, 179.57262, 221.95395, 174.47371, 173.41179, 170.01421, 125.49704, 166.24898, 78.211365, 137.47514, 275.77768, 131.53377, 227.50877, 126.31794, 178.73715, 121.92861, 130.71715, 118.51923, 83.631699;
  532.58936, 336.59839, 525.9035, 289.51523, 518.51318, 243.10057, 510.54285, 197.75365, 502.4166, 153.52402, 487.32156, 343.57504, 480.62646, 295.62646, 473.56424, 248.52618, 466.18094, 202.4557, 458.57443, 157.38327, 440.43204, 350.47644, 433.95071, 302.21469, 427.25839, 254.22037, 420.21674, 207.37498, 413.12836, 162.09294, 392.42993, 357.14902, 386.12201, 308.31665, 379.62827, 260.20541, 373.27008, 212.96341, 366.68033, 167.28683, 343.51718, 363.47696, 337.4389, 314.50827, 331.4678, 266.22501, 325.52924, 218.62711, 319.75626, 172.69537, 294.43668, 369.47156, 288.74881, 320.5502, 283.09567, 272.13327, 277.51422, 224.53891, 272.65601, 178.86314]
