image_Width 1280
image_Height 720
board_Width 4
board_Height 11
square_Size 24.8
FixAspectRatio1flagValue14Camera_Matrix[977.5002471491823, 0, 650.7037795895107;
  0, 978.9411999458105, 339.9533876902779;
  0, 0, 1]
Distortion_Coefficients[0.01974516686840112;
  -0.1240297097411411;
  0;
  0;
  0.1181973748081386]
Avg_Reprojection_Error 0.235456
Per_View_Reprojection_Errors
[0.20604295;
  0.27511612;
  0.16046269;
  0.18900366;
  0.14054759;
  0.2071301;
  0.20498538;
  0.17003974;
  0.17539249;
  0.20574658;
  0.19573087;
  0.1552684;
  0.18624556;
  0.16040182;
  0.1533905;
  0.1506955;
  0.18578285;
  0.13586955;
  0.14259046;
  0.33230513;
  0.50806481;
  0.25371495;
  0.32496056;
  0.2485889;
  0.39622027]
Extrinsic_Parameters[-0.03077798851705227, -0.02926580647305446, 1.586159902559625, 109.8757791601519, -65.4031446649502, 697.6106683234481;
  -0.006095969451007688, 0.05608948632483785, 1.564427985837982, 65.76135633924619, -85.46034562532742, 780.8097817642282;
  -0.08293789888580562, -0.4909335329546906, 1.534446991396978, -62.29546699098429, -106.285915803878, 830.7993210131748;
  -0.1332136834349708, 0.219627545583392, 1.523239600471941, 8.929776552396563, -84.41945071122706, 919.3598988056424;
  0.127248004250527, 0.5210811672334678, 1.702942598811877, 244.252375946032, -50.80630378873796, 1054.383802885739;
  0.1899340971868078, -0.5640250706449913, 1.708904736434625, 42.8188505672541, -156.9976625197357, 984.4185877152777;
  -0.474240331635523, -0.7040511412830652, 1.323943959283876, -201.1500150651188, -203.7330416680809, 980.7915432180932;
  -0.4173566604131922, 0.02141699079575206, 1.358253861475839, -244.7533842404267, -254.893865397596, 1147.299021587026;
  0.1894507881701839, -0.1196765068980185, 1.561530738105789, -211.5203087129242, -94.91634053487414, 916.0759573671301;
  -0.3396129639580515, -0.1339218405898293, 1.512465841273226, -251.9350701321322, -3.954998523484362, 943.7927044413798;
  -0.2113570773269616, 0.5909435619215486, 1.649617062548975, 28.53425407276477, 74.08689935255032, 1013.20302451839;
  -0.06815445777577121, -0.635130275805277, 1.531945487990195, 160.8629898975345, 71.40362078291393, 1015.428936387915;
  -0.2185059599968498, 0.4221962833571387, 1.670319711509981, 370.0879300920775, 72.72832102307389, 1096.927888178587;
  0.1121141355176457, -0.2504156690482982, 1.585646548770088, 561.7267002125515, 108.7000277287807, 1026.881105200521;
  0.02181904526766496, 0.3660776824316991, 1.65105139469593, 626.697340154128, 88.80684922798778, 1040.971003388461;
  0.4535065484740427, 0.1291165920440014, 1.626863890538335, 546.854403425025, -93.3143743375676, 974.424700191398;
  0.3303006887704209, 0.2287574083049514, 1.539070535148815, 475.6283897722481, -185.5158924106718, 1011.174781884072;
  0.1286104019532726, 0.3896492701409071, 1.649933744479365, 467.6366729991079, -259.3037354389648, 1041.194541042846;
  0.2236587144877793, 0.3732004542617305, 1.635665719997455, 701.8459840682988, -340.8060136914849, 1246.739008331186;
  -0.06642565364567785, -0.2886538023366213, 1.32932474790359, 357.8136125536205, -317.9697325718658, 1047.819486888722;
  -0.1930200624015674, -0.04252693442733852, 1.442990996536602, 19.92634236805926, -258.8527668778117, 930.6996811995368;
  -0.2572583942817686, -0.1807369091927189, 0.7759070984579618, -166.7226347331921, -71.79735031667165, 936.9180492757315;
  -0.09973625582807354, -0.2425679622004776, -0.07382227848690688, -215.7072273868876, -59.75884472876192, 926.5810819947393;
  -0.1495230837991702, -0.198819792182803, -0.5229767163579225, -253.4940705289757, -35.34928011030864, 978.7643491610915;
  -0.2106990436957901, 0.0156931623228054, 0.7803768156869679, -171.6033192348855, -152.3676518568206, 983.5732047583232]
Image_points[804.55981, 247.85811, 803.67633, 317.77921, 802.62848, 387.32523, 801.28979, 457.05045, 769.43274, 282.25626, 768.42944, 352.07449, 767.30469, 421.73483, 766.03485, 491.79797, 735.42334, 246.6003, 734.32501, 316.65555, 733.2514, 386.36273, 732.15619, 456.32288, 700.18677, 281.0553, 699.08936, 350.97406, 698.0025, 420.90546, 696.8197, 491.29999, 665.9325, 245.19228, 664.83411, 315.47513, 663.68207, 385.43643, 662.6192, 455.61667, 630.43646, 279.75571, 629.31158, 349.91019, 628.24469, 419.94046, 627.11707, 490.57364, 595.85712, 243.83458, 594.85803, 314.27713, 593.74542, 384.43735, 592.66052, 454.80695, 560.08807, 278.51096, 558.96588, 348.92639, 557.961, 419.16531, 556.85675, 489.83737, 525.4176, 242.49959, 524.35431, 313.18585, 523.27783, 383.50107, 522.22272, 453.96457, 489.65475, 277.24933, 488.56131, 347.80481, 487.56674, 418.24622, 486.4892, 489.06763, 454.81918, 241.07796, 453.77353, 311.96048, 452.72464, 382.44424, 451.58594, 453.2764;
  733.18781, 232.59091, 733.48492, 294.70322, 733.91107, 356.97598, 734.14606, 419.62778, 702.19019, 264.06506, 702.39069, 326.1199, 702.91534, 388.24942, 702.85333, 451.33102, 671.2132, 233.2739, 671.41266, 295.31796, 671.61279, 357.31876, 671.79614, 420.12094, 640.45117, 264.48276, 640.46942, 326.64282, 640.60553, 388.81259, 640.81116, 451.80121, 609.36536, 233.78828, 609.4989, 295.85495, 609.55426, 357.86273, 609.68359, 420.34958, 578.54572, 265.08572, 578.5033, 327.1156, 578.62134, 389.27982, 578.71399, 452.07071, 547.68976, 234.33156, 547.72369, 296.3125, 547.71417, 358.34433, 547.66351, 420.74362, 516.76062, 265.72208, 516.74207, 327.60818, 516.65656, 389.69608, 516.67694, 452.31775, 486.10727, 234.99387, 486.00449, 296.83487, 485.8208, 358.7337, 485.8139, 421.10345, 455.45486, 266.22565, 455.09885, 327.99341, 455.01556, 390.00366, 454.97287, 452.70032, 424.85742, 235.53398, 424.65002, 297.37289, 424.45673, 359.16043, 424.13263, 421.56631;
  577.22687, 214.48033, 576.29395, 272.31827, 575.25964, 328.05084, 573.84961, 382.15289, 548.52679, 244.2009, 547.93195, 301.56116, 547.08643, 357.06549, 546.19623, 411.01627, 519.93671, 215.1256, 519.71118, 274.0058, 519.5307, 330.92447, 519.08545, 386.16016, 490.5899, 245.48024, 490.75259, 303.82629, 490.90775, 360.47467, 490.73917, 415.77252, 460.29227, 215.82211, 460.85278, 275.71741, 461.52557, 333.88907, 462.0575, 390.40521, 429.83005, 246.79993, 431.0426, 306.3765, 432.05801, 364.18454, 433.04352, 420.67764, 397.77747, 216.42664, 399.41595, 277.75922, 401.07925, 336.98654, 402.36679, 394.59305, 366.19965, 248.05598, 368.45892, 308.95685, 370.47675, 367.93481, 372.31726, 425.60193, 332.15649, 216.94344, 334.93143, 279.75113, 337.52301, 340.31827, 339.98419, 399.13501, 300.13229, 249.24457, 303.42303, 311.67474, 306.46576, 371.94409, 309.49384, 430.59866, 263.86594, 217.3895, 267.7962, 281.71579, 271.55658, 343.63266, 275.08823, 403.79199;
  660.15784, 250.25476, 662.15149, 300.9903, 664.17706, 353.10986, 666.29694, 406.92355, 634.54401, 276.86465, 636.28778, 328.07504, 637.97156, 380.95923, 639.74133, 435.56503, 607.49237, 252.8772, 608.85742, 303.58682, 610.20636, 355.5159, 611.72241, 409.23502, 581.98199, 279.41962, 583.08191, 330.72858, 583.97681, 383.38882, 584.8609, 437.66669, 555.25623, 255.2606, 555.92389, 306.04492, 556.72211, 358.03735, 557.4325, 411.39694, 529.56091, 281.90015, 529.87219, 333.10703, 530.0827, 385.65558, 530.29004, 439.86588, 503.22852, 257.79471, 503.39023, 308.50879, 503.45355, 360.31784, 503.3916, 413.64691, 477.25208, 284.39044, 477.03278, 335.52133, 476.64182, 387.89282, 476.15613, 442.14526, 451.65958, 260.56271, 451.03644, 311.12332, 450.35699, 362.72485, 449.6673, 415.87286, 425.56149, 287.1015, 424.69833, 337.93042, 423.66928, 390.30045, 422.48669, 444.31772, 400.40219, 263.25168, 399.29398, 313.67642, 397.97775, 365.18448, 396.53802, 418.21982;
  877.33118, 292.85397, 869.64154, 336.75534, 862.24286, 381.6076, 854.6203, 427.45105, 850.68512, 312.56329, 842.95984, 356.3511, 835.29669, 401.25159, 827.24945, 447.25827, 832.19788, 288.86191, 824.25366, 331.98077, 816.43207, 375.83743, 808.55054, 420.65488, 806.22156, 308.14047, 798.32404, 351.28452, 790.29718, 395.03006, 781.94843, 440.14572, 788.60822, 284.73367, 780.67407, 327.24591, 772.51111, 370.27679, 764.20746, 414.22287, 763.36688, 303.67523, 755.21472, 346.08289, 746.92346, 389.06049, 738.38953, 433.16998, 746.5321, 280.96964, 738.39026, 322.49432, 730.06238, 364.67584, 721.54749, 407.88696, 721.97937, 299.63287, 713.52533, 341.07562, 705.08319, 383.35092, 696.30615, 426.69339, 706.07355, 277.21252, 697.68396, 318.14743, 689.07153, 359.50165, 680.36072, 401.87384, 682.24988, 295.72787, 673.55206, 336.40408, 664.87665, 377.84711, 655.98895, 420.53244, 667.26752, 273.72302, 658.57037, 313.83499, 649.71307, 354.55942, 640.85944, 396.06693;
  693.24347, 183.31644, 681.71313, 229.38507, 670.69904, 273.14917, 659.84766, 315.21274, 664.03333, 202.79706, 653.21741, 248.0704, 642.62683, 291.36777, 632.43988, 332.97131, 645.95172, 175.64906, 635.04578, 222.25499, 624.99194, 266.78052, 614.96106, 309.582, 616.58386, 195.34521, 606.56519, 241.27377, 596.80914, 285.22232, 587.50031, 327.66272, 597.41638, 167.78543, 587.37103, 215.05556, 578.07672, 260.09656, 569.00763, 303.55682, 567.82794, 187.71617, 558.70465, 234.172, 549.78967, 278.80188, 541.19318, 321.91476, 547.55029, 159.64101, 538.54114, 207.71649, 530.01477, 253.42386, 521.69263, 297.23938, 517.65717, 179.80258, 509.59735, 227.14508, 501.51041, 272.33472, 493.75378, 315.90137, 496.29205, 150.93166, 488.36182, 199.77136, 480.69873, 246.36958, 473.36716, 290.95462, 466.37787, 171.47081, 459.2912, 219.65355, 452.1171, 265.56036, 445.42926, 309.6358, 443.65677, 141.811, 436.7955, 191.69354, 430.18524, 239.103, 423.8533, 284.54373;
  449.62195, 136.39693, 456.48682, 186.34027, 462.72311, 235.07686, 468.64798, 283.20801, 431.74634, 163.47348, 438.78387, 213.60197, 445.26138, 262.86603, 451.44287, 311.43637, 406.47455, 139.41042, 413.54117, 191.06258, 420.59464, 241.47649, 427.3067, 291.22809, 387.51364, 167.42375, 394.87891, 219.34375, 402.08188, 270.28757, 409.20801, 320.57187, 360.23199, 142.63379, 367.88028, 196.17484, 375.47833, 248.2874, 382.96674, 299.78867, 339.80685, 171.70901, 347.74316, 225.46881, 355.63321, 278.15179, 363.41986, 330.15558, 310.48331, 146.08759, 318.80365, 201.63589, 327.09119, 255.63196, 335.06781, 308.966, 288.27829, 176.44571, 297.07758, 232.25748, 305.57715, 286.88705, 313.97415, 340.6333, 256.60489, 149.91592, 265.76532, 207.5385, 274.77029, 263.67108, 283.57306, 318.86597, 232.92865, 181.4297, 242.75197, 239.40916, 252.03613, 296.01471, 261.12616, 351.77209, 198.25629, 154.10213, 208.66801, 213.81999, 218.66249, 272.12802, 228.42743, 329.31348;
  442.05716, 122.22542, 449.32452, 160.01332, 456.74112, 198.69424, 464.25482, 238.72694, 424.05112, 143.15395, 431.21744, 181.54919, 438.33066, 221.16064, 445.81494, 261.95215, 398.74542, 126.12733, 405.70151, 164.53546, 412.61914, 203.7066, 419.74808, 243.97372, 380.15347, 147.2562, 386.98279, 186.40053, 393.71686, 226.16576, 400.57407, 267.32101, 354.52396, 129.93176, 361.0192, 168.93115, 367.59671, 208.66086, 374.07098, 249.37367, 335.12805, 151.45869, 341.44019, 191.03087, 347.69693, 231.40356, 354.2012, 273.07037, 309.1893, 133.73849, 315.33627, 173.436, 321.34839, 213.60777, 327.483, 254.8744, 289.04272, 155.69681, 294.82254, 195.81007, 300.63751, 236.80324, 306.71713, 279.07169, 262.90851, 137.97894, 268.51074, 178.05003, 273.98029, 218.76366, 279.76355, 260.76862, 242.26524, 160.26688, 247.40948, 200.8504, 252.80716, 242.37398, 258.28149, 285.33719, 215.80885, 142.40945, 220.83331, 182.94821, 225.87643, 224.15067, 231.04443, 266.61508;
  424.77142, 238.47255, 427.28183, 291.02429, 430.06992, 342.30396, 432.94623, 392.62918, 400.12106, 265.01221, 402.96036, 316.9007, 405.95334, 367.65344, 409.06982, 417.49896, 372.70877, 238.68452, 375.82779, 291.06262, 379.04565, 342.29483, 382.38751, 392.58313, 348.52243, 265.1106, 351.87018, 316.82367, 355.39069, 367.51318, 358.87634, 417.52158, 320.75616, 238.92026, 324.62817, 291.19077, 328.35721, 342.26935, 331.83646, 392.52316, 296.93738, 265.28864, 300.97809, 316.81927, 304.91605, 367.39783, 308.94693, 417.33954, 268.97345, 239.05032, 273.32568, 291.24335, 277.57495, 342.16428, 281.84653, 392.33585, 245.56223, 265.35559, 250.03404, 316.91577, 254.55971, 367.23267, 259.19443, 417.0513, 217.71223, 239.17514, 222.44283, 291.24786, 227.12767, 342.20331, 232.09854, 392.14874, 194.83392, 265.43069, 199.73811, 316.89896, 204.75087, 367.2262, 209.97934, 416.72049, 167.09119, 239.32434, 172.20169, 291.30103, 177.31706, 342.01935, 182.69154, 391.96155;
  389.29102, 335.94287, 390.93182, 387.21802, 392.5509, 439.02597, 394.29507, 492.03204, 363.15311, 362.33615, 364.69479, 414.25531, 366.11902, 467.01163, 367.66052, 520.80878, 335.1998, 337.04025, 336.56226, 389.13974, 337.86459, 441.79123, 339.20413, 495.48624, 308.29498, 363.78094, 309.47052, 416.56815, 310.59125, 470.11679, 311.7338, 524.89099, 279.75504, 338.01431, 280.64316, 391.10834, 281.62503, 444.59113, 282.58923, 499.20438, 251.65224, 365.30255, 252.50391, 418.94885, 253.15742, 473.39801, 253.95786, 529.15833, 222.28815, 339.11176, 222.87987, 393.05264, 223.50824, 447.56476, 224.10022, 502.89273, 193.1597, 366.83554, 193.63197, 421.49072, 194.00793, 476.75522, 194.26114, 533.40314, 163.36113, 340.3407, 163.56494, 395.21432, 163.71761, 450.41663, 163.92937, 506.87326, 133.37694, 368.50156, 133.21077, 424.01047, 133.16708, 480.17148, 133.1438, 537.64545, 102.80198, 341.55869, 102.603, 397.25137, 102.31674, 453.43008, 101.999, 510.60654;
  678.07654, 411.60187, 670.0777, 455.53271, 661.80133, 501.94348, 653.2428, 551.15369, 650.81433, 431.43118, 642.1394, 476.25888, 633.1991, 523.47235, 623.81708, 573.69543, 632.29053, 408.00449, 623.34515, 451.42609, 614.01166, 497.16284, 604.31439, 545.2442, 605.15271, 427.61636, 595.56317, 471.77161, 585.51038, 518.14868, 574.90546, 567.22974, 587.55804, 404.45767, 577.62744, 447.37164, 567.44293, 492.25418, 556.68683, 539.45911, 560.40875, 423.71564, 549.94861, 467.27658, 538.93811, 512.85107, 527.37024, 561.10461, 543.73309, 400.75735, 533.02374, 443.16345, 521.84454, 487.35959, 510.15317, 533.92108, 516.60474, 419.89624, 505.29675, 462.78845, 493.38196, 507.77408, 480.92709, 555.34735, 500.86334, 397.40503, 489.35272, 439.17627, 477.32355, 482.70615, 464.88516, 528.57275, 474.23001, 416.27814, 461.82944, 458.51587, 449.0838, 502.90118, 435.88766, 549.71234, 459.40601, 394.22382, 447.04361, 435.30222, 434.16269, 478.29413, 420.79163, 523.43024;
  805.47662, 408.58551, 799.01672, 451.84039, 792.78979, 493.23868, 786.29565, 533.53699, 782.11694, 433.08279, 776.09949, 475.73834, 769.92157, 516.97015, 763.98431, 557.06647, 765.02875, 413.60913, 758.72644, 457.4274, 752.97479, 499.77515, 747.34106, 540.8938, 740.81964, 438.56821, 735.34094, 481.90881, 729.81409, 523.99103, 724.62384, 564.94269, 722.50983, 419.0925, 716.92407, 463.40692, 711.57391, 506.45404, 706.62537, 548.32959, 697.89038, 444.34595, 692.76208, 488.42212, 688.01086, 531.29291, 683.18079, 572.99512, 678.28827, 424.37418, 673.26764, 469.73611, 668.59479, 513.57147, 663.93866, 556.07013, 652.89569, 450.26736, 648.38342, 495.28073, 644.20465, 538.73938, 640.02124, 581.18115, 631.72089, 429.94852, 627.53113, 476.18814, 623.55713, 520.94977, 619.69067, 564.12482, 605.63684, 456.19019, 602.14172, 502.33493, 598.65338, 546.79034, 595.08801, 589.61371, 582.987, 435.61807, 579.70813, 482.89023, 576.53003, 528.45654, 573.47418, 572.82996;
  980.52722, 404.8587, 980.07495, 447.07394, 979.24176, 490.84824, 978.26282, 536.62476, 957.28381, 423.48676, 956.19958, 466.13129, 954.83124, 510.61041, 953.4231, 557.16077, 935.09552, 400.26785, 933.65424, 442.14441, 932.07074, 485.50299, 930.33899, 530.68958, 911.8941, 418.69046, 909.74976, 461.02991, 907.76599, 504.95547, 905.52374, 550.88623, 890.23425, 395.56787, 888.05212, 437.33813, 885.70734, 480.16043, 883.03857, 524.67914, 866.81433, 413.92709, 864.1933, 455.96786, 861.36279, 499.46933, 858.16571, 544.89117, 846.08398, 390.91086, 843.12415, 432.27554, 839.94287, 474.6781, 836.44458, 519.02802, 822.50104, 409.20996, 819.00201, 450.78976, 815.36432, 493.84476, 811.42841, 538.97247, 802.41486, 386.64899, 798.61206, 427.47751, 794.76709, 469.5993, 790.57001, 513.37323, 778.86139, 404.61203, 774.62115, 445.84109, 770.24512, 488.53757, 765.46484, 533.26019, 759.43329, 382.28696, 755.02643, 422.7999, 750.46716, 464.51508, 745.34442, 507.95529;
  1184.0421, 443.21155, 1176.9645, 487.75589, 1169.8257, 530.94189, 1162.3661, 573.15155, 1158.3916, 465.57779, 1151.5382, 509.63083, 1144.5026, 552.3241, 1137.4191, 594.40808, 1139.9072, 443.17313, 1132.8303, 487.81906, 1126.1493, 531.2406, 1119.4531, 573.95593, 1114.0642, 465.71347, 1107.5052, 509.7485, 1101.1161, 552.95776, 1094.7471, 595.52301, 1095.2213, 443.23282, 1088.3727, 487.91678, 1082.1735, 531.60822, 1076.0105, 574.50592, 1069.2922, 465.78763, 1063.0199, 510.15491, 1056.9845, 553.39069, 1051.0598, 596.14105, 1049.8552, 443.24127, 1043.702, 488.18848, 1037.7522, 531.9433, 1031.924, 575.07202, 1023.8329, 465.79056, 1018.0842, 510.21176, 1012.5044, 553.71985, 1006.9459, 596.63348, 1003.7919, 443.08337, 998.10083, 488.20346, 992.66931, 532.26758, 987.29749, 575.41321, 977.85181, 465.58109, 972.67316, 510.41321, 967.65332, 554.1366, 962.42084, 597.23431, 957.25995, 442.63913, 952.15308, 488.16574, 947.46759, 532.42767, 942.51062, 575.94781;
  1237.0219, 423.01294, 1237.1145, 469.48941, 1236.8876, 516.74103, 1236.3225, 565.01373, 1211.5728, 444.15091, 1211.2537, 490.61496, 1210.688, 538.04755, 1210.0156, 586.66565, 1186.5386, 419.19019, 1186.0508, 465.06113, 1185.4312, 511.59833, 1184.6377, 559.38397, 1161.3333, 439.91452, 1160.5758, 486.01831, 1159.7609, 532.85492, 1158.8008, 580.92242, 1136.9814, 415.20877, 1135.9725, 460.64124, 1135.0211, 506.7695, 1133.9398, 553.89856, 1111.9423, 435.9061, 1110.8228, 481.29233, 1109.5283, 527.50702, 1108.1824, 574.97906, 1088.4978, 411.32104, 1087.025, 456.28232, 1085.6639, 501.78629, 1083.9457, 548.401, 1063.6429, 431.70535, 1062.0526, 476.63, 1060.3048, 522.47217, 1058.5153, 569.27856, 1040.7495, 407.67206, 1038.9944, 451.9902, 1037.1184, 497.01093, 1035.1295, 543.0271, 1016.3824, 427.82364, 1014.3864, 472.20358, 1012.3051, 517.24359, 1010.1375, 563.66486, 994.18091, 403.94614, 992.09863, 447.82053, 989.83514, 492.24057, 987.43811, 537.62671;
  1197.7587, 246.47755, 1190.2369, 295.53229, 1182.7061, 343.28723, 1175.0875, 390.18057, 1166.6738, 268.81854, 1159.4966, 316.93991, 1152.2769, 363.77414, 1145.0446, 410.10645, 1143.5646, 242.33986, 1136.5553, 290.49295, 1129.521, 337.6015, 1122.6704, 384.03287, 1113.7031, 264.41214, 1107.0793, 311.66144, 1100.4745, 358.0332, 1093.7725, 403.76843, 1090.9791, 238.46214, 1084.4396, 285.82922, 1078.1935, 332.39359, 1071.8477, 378.04294, 1062.1091, 260.1264, 1055.9447, 306.69217, 1049.9696, 352.41531, 1043.9783, 397.60895, 1039.8644, 234.62094, 1033.9984, 281.21161, 1028.358, 326.97769, 1022.4632, 371.87054, 1012.0851, 255.99666, 1006.4881, 301.83746, 1000.9584, 346.80249, 995.64355, 391.2771, 990.35059, 230.80083, 984.93396, 276.83139, 979.74237, 321.93109, 974.47253, 366.1076, 963.68835, 251.91032, 958.54376, 297.10764, 953.58533, 341.52911, 948.68848, 385.20367, 942.47601, 227.12277, 937.53772, 272.56711, 932.75452, 316.83478, 928.16602, 360.58615;
  1110.2578, 160.77904, 1110.0914, 208.86053, 1109.9932, 256.62485, 1109.9078, 304.31491, 1084.1492, 186.18102, 1084.1028, 233.66295, 1084.0731, 280.97061, 1083.9514, 328.27643, 1058.5692, 163.65994, 1058.5132, 211.09106, 1058.4633, 258.07648, 1058.5188, 304.92853, 1033.4402, 188.7224, 1033.5697, 235.56337, 1033.5432, 281.90262, 1033.5222, 328.47009, 1008.5464, 166.56319, 1008.5856, 213.2083, 1008.6833, 259.43878, 1008.8448, 305.49887, 984.17688, 191.18509, 984.29834, 237.22226, 984.54639, 282.80585, 984.76099, 328.69733, 959.78723, 169.19238, 960.15057, 215.21783, 960.54889, 260.79214, 960.70544, 306.18283, 936.33124, 193.49428, 936.6109, 238.81279, 936.95123, 283.90674, 937.19525, 329.06088, 912.79633, 171.98589, 913.27838, 217.30167, 913.60229, 262.09811, 914.09747, 306.73822, 890.19073, 195.85034, 890.56348, 240.53325, 891.13379, 284.84464, 891.61078, 329.25333, 867.42767, 174.6424, 867.88818, 219.24254, 868.46356, 263.34116, 868.98676, 307.21478;
  1089.153, 96.643829, 1086.7938, 140.78152, 1084.1794, 185.51805, 1081.4375, 231.36311, 1062.8121, 118.59685, 1060.2119, 162.74794, 1057.2611, 207.61076, 1054.4744, 253.54695, 1039.7078, 96.896416, 1036.6316, 140.59422, 1033.759, 184.62828, 1030.8756, 229.55426, 1013.8583, 118.67146, 1010.7074, 162.21916, 1007.6854, 206.46227, 1004.4952, 251.48378, 991.44287, 97.08046, 988.08124, 140.16624, 984.98328, 183.69373, 981.61823, 228.0069, 966.15149, 118.59274, 962.74634, 161.62935, 959.22906, 205.19095, 955.7937, 249.58313, 944.62476, 97.385651, 941.05969, 139.84914, 937.41034, 182.83725, 933.86548, 226.58035, 919.69019, 118.7458, 915.96747, 161.15697, 912.23566, 204.08244, 908.46063, 247.88902, 898.98029, 97.871399, 895.04407, 139.8855, 891.20374, 182.10135, 887.32477, 225.30299, 874.66461, 118.92278, 870.66211, 160.72658, 866.67218, 202.9798, 862.72296, 246.35492, 854.6499, 98.52063, 850.7124, 139.76961, 846.54303, 181.40793, 842.3811, 223.95473;
  1198.5306, 73.565895, 1196.8356, 110.98331, 1194.6132, 148.88216, 1192.5856, 187.45337, 1176.062, 92.696182, 1174.12, 130.0968, 1171.8688, 167.94836, 1169.7914, 206.4617, 1155.9023, 74.50412, 1153.7555, 111.66631, 1151.7032, 149.01375, 1149.425, 186.8907, 1133.936, 93.44046, 1131.6196, 130.45161, 1129.3267, 167.67969, 1127.0283, 205.44916, 1114.3066, 75.393646, 1111.9994, 112.23313, 1109.6423, 149.06764, 1107.2549, 186.36322, 1092.6044, 94.162567, 1090.2212, 130.71672, 1087.8083, 167.57854, 1085.4691, 204.7314, 1073.6021, 76.468597, 1071.2399, 112.62793, 1068.7894, 149.07051, 1066.2706, 185.89662, 1052.464, 95.008904, 1049.8867, 131.0336, 1047.3254, 167.26022, 1044.8424, 204.1562, 1034.0107, 77.49128, 1031.5344, 113.32153, 1028.8564, 149.18842, 1026.364, 185.38525, 1013.4238, 95.861473, 1010.8636, 131.40474, 1008.1417, 167.0757, 1005.517, 203.43869, 995.47137, 78.65271, 992.97949, 113.97206, 990.32452, 149.20058, 987.59991, 184.96075;
  983.67212, 42.833405, 991.67004, 89.321777, 998.87531, 134.95206, 1005.512, 180.50154, 967.44049, 70.463387, 975.13531, 116.63907, 982.23303, 162.49431, 988.91614, 208.10442, 943.21948, 51.097111, 950.95691, 98.155045, 958.6167, 144.2345, 965.64301, 190.13573, 926.65613, 79.124046, 934.40289, 125.82623, 941.86377, 171.98288, 949.14099, 217.94371, 901.94525, 59.763382, 909.85852, 107.01911, 917.6073, 153.55226, 925.09729, 199.87126, 884.89868, 88.004707, 892.85571, 134.95865, 900.62134, 181.5743, 908.20251, 227.90761, 859.66565, 68.393227, 867.84344, 116.1296, 875.88605, 163.12003, 883.62396, 209.75066, 842.28992, 96.923096, 850.54773, 144.43822, 858.48193, 191.4709, 866.37335, 238.06473, 816.36261, 77.380196, 824.91931, 125.58462, 833.18463, 172.84895, 841.09326, 219.75101, 798.75952, 106.14034, 807.40839, 154.15434, 815.71918, 201.36699, 823.73114, 248.33583, 772.16705, 86.558868, 781.08344, 135.03825, 789.7124, 182.76675, 798.18854, 229.95543;
  671.45428, 68.318748, 678.32855, 118.05862, 685.29443, 168.48047, 692.51868, 220.05849, 649.25763, 95.174919, 656.03571, 145.38512, 662.97638, 196.66348, 670.27832, 248.92542, 620.32635, 71.821327, 626.85101, 122.35487, 633.55945, 173.29779, 640.58545, 225.34996, 597.62207, 98.847206, 603.96582, 149.94766, 610.7782, 201.5545, 617.94122, 254.44989, 568.41119, 75.116539, 574.39972, 126.45774, 580.96216, 178.23274, 587.75171, 230.7765, 544.94727, 102.74418, 551.11169, 154.46159, 557.59491, 206.95917, 564.35797, 260.23944, 515.40863, 78.583984, 521.27588, 130.48512, 527.37787, 183.02802, 533.93036, 236.28633, 491.32986, 106.51746, 497.10941, 159.07278, 503.27966, 212.25165, 509.75333, 266.48148, 461.24179, 82.519249, 466.9386, 135.00172, 472.742, 188.05026, 479.07187, 242.14363, 436.80197, 110.79066, 442.24127, 163.89136, 448.16129, 217.59552, 454.5032, 272.7164, 406.51346, 86.383545, 411.66437, 139.40578, 417.37436, 193.15332, 423.28683, 247.85634;
  476.86975, 264.85934, 513.75275, 301.85309, 550.17542, 338.62421, 586.4126, 375.23682, 476.49106, 301.00299, 513.58887, 338.08963, 550.25415, 374.86237, 587.01276, 411.5206, 438.76297, 299.7818, 476.36276, 337.32907, 513.43323, 374.38431, 550.57404, 411.45102, 438.30099, 336.5293, 476.0751, 374.09091, 513.53534, 411.27576, 551.0993, 448.49203, 399.61472, 335.79932, 437.96036, 373.81039, 475.80383, 411.2236, 513.67645, 448.73029, 398.9874, 373.32034, 437.39322, 411.44592, 475.64359, 448.99289, 513.8158, 486.4921, 359.09741, 372.88034, 398.30487, 411.45447, 437.06946, 449.32321, 475.63379, 487.21448, 358.28152, 411.52725, 397.57806, 449.98834, 436.59378, 487.94696, 475.59897, 526.04633, 317.55466, 411.40289, 357.42459, 450.41345, 396.88531, 488.7963, 436.43542, 527.0116, 316.43954, 450.73712, 356.70871, 489.63266, 396.59427, 528.06781, 436.51422, 566.49713, 274.62024, 451.16895, 315.57214, 490.57724, 355.93774, 529.58551, 396.16769, 567.9975;
  422.64066, 276.4689, 476.10352, 274.31992, 527.91211, 272.28577, 578.159, 270.44318, 451.27802, 301.24188, 503.95996, 298.76633, 554.92438, 296.52161, 605.1972, 294.18726, 425.90527, 328.63242, 479.59357, 325.76068, 531.37695, 322.9617, 582.04395, 320.24506, 454.63724, 353.19229, 507.40451, 349.97336, 558.83118, 346.86472, 609.09607, 343.73672, 429.29089, 381.25293, 483.05048, 377.54495, 535.03943, 373.96564, 585.92346, 370.51559, 458.18317, 405.50919, 511.10776, 401.63303, 562.58173, 397.73465, 613.04968, 394.03986, 432.65015, 434.436, 486.74039, 429.85263, 538.97998, 425.4982, 589.90662, 421.23068, 461.90781, 458.58636, 515.11469, 453.87875, 566.53394, 449.14166, 617.08917, 444.45105, 436.34442, 488.01996, 490.49597, 482.58954, 542.93634, 477.48181, 594.01886, 472.41312, 465.55219, 511.95703, 518.98169, 506.37436, 570.6665, 500.70886, 621.32874, 495.48175, 439.99408, 541.91394, 494.35895, 535.86426, 547.02966, 529.78516, 598.34082, 523.862;
  396.64874, 304.6835, 441.42111, 281.31693, 485.06161, 258.76501, 527.58319, 236.76614, 431.49664, 314.06979, 475.57028, 290.89163, 518.61438, 268.26999, 560.68176, 246.15306, 421.11917, 347.26331, 465.98361, 323.52521, 509.27615, 300.27835, 551.8399, 277.62848, 455.99533, 356.53003, 499.96115, 332.72443, 542.77942, 309.59076, 584.86377, 286.62384, 445.79083, 390.09039, 490.36295, 365.733, 533.60608, 342.09329, 576.06824, 318.80048, 480.56427, 399.21603, 524.37805, 374.95807, 567.01825, 351.13782, 609.07904, 327.73026, 470.49829, 433.39975, 514.94415, 408.43399, 558.01251, 384.04263, 600.33765, 360.24481, 505.31833, 442.43845, 548.97943, 417.55325, 591.55304, 393.24817, 633.43024, 369.32312, 495.27347, 477.0029, 539.69696, 451.33774, 582.67603, 426.59573, 624.74908, 402.05692, 529.81921, 485.85724, 573.58179, 460.33261, 616.02185, 435.32779, 657.69189, 410.85608, 520.05786, 520.97162, 564.45563, 494.76172, 607.18854, 469.29147, 649.29639, 444.32324;
  479.18402, 188.09235, 514.20978, 221.66115, 549.39581, 255.80185, 584.93677, 290.68716, 478.63391, 221.63763, 513.76508, 255.74353, 549.13934, 290.5083, 585.08136, 325.79672, 443.01868, 221.34743, 478.11203, 255.71313, 513.32294, 290.20084, 548.88397, 325.38245, 442.36893, 255.46808, 477.44849, 290.05856, 512.76208, 325.08078, 548.50317, 360.78085, 406.1842, 255.26653, 441.37274, 289.9552, 476.58859, 324.97314, 512.17249, 360.5011, 405.03595, 289.63629, 440.28098, 324.77957, 475.61609, 360.30624, 511.39105, 396.42245, 368.3631, 289.38937, 403.80209, 324.58325, 439.01572, 360.15115, 474.64291, 396.26801, 367.05011, 324.52356, 402.18253, 360.13788, 437.57654, 396.03107, 473.43695, 432.84787, 330.10104, 324.22751, 365.36288, 359.99277, 400.56699, 395.93936, 436.14609, 432.46027, 328.30231, 359.7294, 363.4411, 395.87952, 398.82437, 432.26907, 434.82584, 469.42343, 291.1232, 359.65359, 326.18597, 395.62219, 361.51834, 432.06754, 397.16013, 469.1489]
