image_Width 640
image_Height 480
board_Width 4
board_Height 11
square_Size 24.8
Camera_Matrix[691.0235443504512, 0, 310.6450931703718;
  0, 692.2360685541416, 270.9086507082511;
  0, 0, 1]
Distortion_Coefficients[-0.4373246555291856;
  0.3986635339637674;
  0;
  0;
  -0.3131452467712936]
Avg_Reprojection_Error 0.299125
Per_View_Reprojection_Errors[0.20108324;
  0.16972704;
  0.17175831;
  0.17413057;
  0.2621758;
  0.19939257;
  0.20059608;
  0.46499953;
  0.53884333;
  0.44937652;
  0.69047076;
  0.53801453;
  0.44433695;
  0.5249784;
  0.67173934;
  0.37830752;
  0.32033804;
  0.20672357;
  0.17334564;
  0.31517881;
  0.26924399;
  0.18444732;
  0.25420499;
  0.20375966;
  0.20454304;
  0.18683998;
  0.1873111;
  0.20765871;
  0.23488736;
  0.37715158;
  0.18166307;
  0.16557208;
  0.16172948;
  0.18640684;
  0.20927568;
  0.21244556;
  0.17431656;
  0.21588974;
  0.24833171;
  0.17124248;
  0.18563147;
  0.18616731;
  0.17931481;
  0.18207014;
  0.18985406;
  0.1861424;
  0.17280266;
  0.30280074;
  0.27657387;
  0.18088786]
Extrinsic_Parameters[1.976420203784595, -2.030304963019736, -0.08612265858601662, 112.0344380150094, 129.8147674113817, 647.7502512746222;
  1.975771911274908, -2.027394368818443, -0.09200886241264057, 112.0766683946562, 130.1536310977398, 648.673531056489;
  1.97468314929748, -2.02717120831122, -0.09688547316777346, 110.5750015081849, 130.426764207365, 646.9889615517559;
  1.974146153984593, -2.025109237072543, -0.09745565878209286, 109.8612321581109, 129.4820335680896, 646.5765508786926;
  1.937424142790829, -1.984095682457135, -0.5367882664012401, 145.1778090509501, 116.1090363418674, 678.2036004216999;
  -2.08323175185654, 2.049854705071241, 0.1461275552148777, 126.9073678891046, 150.2145502807032, 769.3420817870263;
  -2.098372473370084, 1.998152024755669, -0.1426962463758132, 121.7147830474759, 171.7939139639863, 716.9980228811564;
  -1.973901389853964, 2.309529668987131, 0.3903460656099514, 135.676453105173, 11.87356082614307, 475.3931217450275;
  -1.957417546394679, 2.27784233953542, 0.4121587891037791, 135.0711859932733, 15.77179445367993, 484.119051902302;
  -1.809374442689806, 2.425187112894013, 0.406320823764193, 100.4921030535214, 108.413684690566, 618.151581061496;
  -2.013809213970994, 2.099020423058125, 0.2505689114607154, 34.89409262290534, 60.17901381426175, 653.6381835294425;
  -2.148865694595802, 2.002516173696883, 0.1827549923939193, 10.02192408062714, 57.12006372959767, 643.4976729767374;
  -2.19152397681437, 1.689245182332432, 0.215748215628946, -15.32737056396686, 31.60601222299025, 684.3748500497643;
  1.787258087405887, -2.499910385554231, 0.02335577381170109, 183.9125441638962, -80.85462115504488, 584.856523909834;
  1.43758783842828, -2.628034041171887, 0.1472522881182596, 179.2519287396275, -113.6211791522688, 608.0466372194693;
  1.575107730391074, -2.69687543185053, -0.05529626774530869, 91.7379733574474, 47.99432928965511, 754.5364092530023;
  2.690890447686411, -1.615358421414258, 0.009970216781359028, -9.798679065976872, 142.238678140558, 749.6911636287549;
  -2.735733159017448, 1.390753257292669, -0.06667563843828432, -38.87717796738326, 146.826824096084, 765.5671129351579;
  -2.621863253804325, 1.158910857501596, -0.1923843817224501, -75.68077815335175, 131.6497473566785, 819.1495582625408;
  2.959662656490519, -1.081889186753126, 0.367400037006441, -36.5770386341642, 131.0181055962682, 751.739265792431;
  1.046465172759012, -2.450671200478291, 0.1845200126933043, 33.55195568518369, -104.7004969415868, 726.9771878858552;
  1.660467650667307, -2.158157770740307, 0.5158330937174817, -242.816496523363, 207.6044417039979, 1102.533014958464;
  1.918772510132367, -2.474988814289833, 0.3381560312773179, -154.9283116712209, 282.6617225382506, 1166.501914102865;
  -1.982582506965861, 1.977847863534768, -0.1475065349575151, -88.22834131109758, 319.2730908057654, 1170.021458606568;
  2.246056935068762, -2.04420197926055, -0.006661430831974964, 117.8983657174393, 206.2802015035953, 883.7332386153234;
  -2.235835810404197, 1.614374429063024, -0.5171488169465717, 54.9242208474515, 227.5026584970094, 984.3248649235322;
  -2.218108756148897, 1.563897859601676, -0.3901085674825915, 58.04286162487035, 239.0329525672726, 994.2063008668448;
  1.680655135643012, -2.214161234638819, 0.3477681799670698, 436.4284369796005, 67.50407840980692, 861.4257634187936;
  -2.103783493502332, 1.934962721539886, 0.2313004128168714, 294.5390225143021, 65.62254625666314, 985.5593459437604;
  2.195430892958577, -2.273715443108098, -0.281288891944104, 188.7774352151676, -180.5503084238897, 1031.058360471003;
  2.506019369212471, -2.191928907166999, -0.1272675017655499, -16.18067848183587, -150.9076185436488, 1105.071472047899;
  2.295887446875753, -2.157391400630957, -0.28776510935429, -5.04312534843744, -159.2509252388739, 1084.678097900341;
  2.093025477008054, -2.07623179158538, -0.3061396028260914, 8.278676759915626, -147.032228013801, 1122.827372396649;
  -1.544200050903539, 2.077834957140087, -0.6081339376086834, -234.8705013143538, -129.4520227400352, 1235.104610467103;
  -1.915578451931343, 1.78945184162973, -0.5913531731640632, -126.9299850325871, -89.49915871176513, 1219.206795711092;
  -2.258842108635697, 1.762415854897821, -0.2139948164659327, -32.64211321783542, 89.95071144774379, 992.9518223920579;
  -2.084430797006363, 2.237497738129807, -0.3630998161529355, 365.8876394213618, 74.48125276786436, 952.0162620540472;
  1.267636309254961, -2.266798724850461, 0.1998700650985543, -45.24504231795701, -55.60549714587319, 896.6197153138301;
  -1.693589922346837, 2.456060728892338, 0.2257025957004294, 219.3926896200963, -22.28879529439841, 947.0519122021036;
  -2.307472591206654, 1.56654597234176, -0.126877272778837, 199.6872910128768, 82.36056235268985, 1091.483994380846;
  -2.374773140466271, 1.587145382740914, -0.04793937633827149, 211.840513418974, 86.12696602967941, 1081.040811850595;
  1.307189570002998, -2.304435288621332, -0.004441829947091882, 125.3197908389306, -61.12669696548602, 991.5637066848154;
  1.347883181870541, -2.25236078912882, 0.1377908362879776, 106.4692968673496, -61.8169469961276, 1013.867270554341;
  1.824478002028692, -2.063691677458135, 0.5623233242471315, 78.93968412923093, -8.620388980573082, 1091.911782955412;
  2.243303027967645, -2.102795698568429, 0.1480023231691146, 79.33599580774575, 49.81256802097842, 1139.077111326318;
  2.413677323654895, -1.823264699096965, -0.624006536881574, 24.83584916645215, 75.864444173173, 1194.547034497613;
  2.030303630268565, -1.785863702547589, -0.8222210316174548, -60.88230352064374, 56.85532501556153, 1167.738374777807;
  -2.085984590606229, 2.040411015435576, -0.08312702394761244, 44.47515413948791, 55.08377441716264, 1104.552538426163;
  -2.131902466913443, 1.993051519818611, -0.09740511163033633, 51.11369817645395, 57.20940495238758, 1101.586940380665;
  2.166585058766619, -2.047826734741167, -0.07568755105801217, 110.5785810794876, 28.73889583524359, 987.0759354110738]
Image_points[426.65686, 405.76553, 426.24435, 354.58411, 425.14804, 304.08157, 423.58948, 254.15532, 401.42014, 381.00928, 400.71924, 330.19296, 399.57364, 280.05557, 398.04797, 230.70374, 376.68027, 406.76541, 376.1109, 356.2623, 375.32504, 306.18707, 374.24652, 256.48068, 351.44165, 381.83884, 350.97696, 331.88629, 350.29388, 282.57166, 349.65897, 233.50243, 327.04752, 407.1261, 326.7189, 357.41867, 326.4136, 307.89047, 326.02615, 259.02518, 302.88467, 382.47043, 302.62958, 333.08627, 302.25848, 284.88058, 302.13434, 236.5191, 279.08896, 407.03241, 279.13525, 358.01892, 279.20538, 309.77203, 279.36221, 261.99597, 255.88806, 382.39224, 256.02191, 334.17099, 256.44214, 286.63867, 257.13715, 239.8367, 233.69054, 406.18652, 233.48996, 358.32544, 233.8582, 311.07855, 234.44414, 264.39505, 211.55705, 382.0629, 211.73116, 335.1066, 212.37714, 288.74765, 213.81091, 242.67288, 190.05009, 405.08429, 190.42354, 358.62796, 190.9111, 312.1499, 191.92943, 266.61469;
  426.5863, 405.8511, 426.07916, 354.73053, 425.21356, 304.33148, 423.61057, 254.34306, 401.38306, 381.27216, 400.57367, 330.45255, 399.72119, 280.30453, 398.34949, 231.0186, 376.43515, 406.82672, 376.07498, 356.37701, 375.48431, 306.46246, 374.36874, 256.70026, 351.42258, 381.91299, 351.05103, 332.40457, 350.74039, 282.57825, 349.94046, 233.87852, 327.14648, 406.95776, 326.97986, 357.50702, 326.84717, 308.24536, 326.3367, 259.23239, 303.07196, 382.40015, 302.90836, 333.34308, 302.84729, 284.87988, 302.90567, 236.83791, 279.55136, 406.87808, 279.48505, 358.06647, 279.57892, 309.82257, 279.81482, 262.09552, 256.43481, 382.29843, 256.45117, 334.28177, 257.0231, 286.83484, 257.47318, 239.92207, 233.97089, 405.98334, 234.06133, 358.20084, 234.44371, 311.06665, 235.13023, 264.46198, 212.10129, 381.86334, 212.35603, 334.98242, 213.02188, 288.5397, 214.39413, 242.77666, 190.76006, 405.11002, 191.10693, 358.53329, 191.46419, 312.40482, 192.72284, 266.89651;
  425.5759, 406.55457, 424.87549, 355.47946, 423.91733, 304.58716, 422.30334, 254.52579, 399.91391, 381.62427, 399.42331, 331.09637, 398.22879, 280.67892, 396.93097, 231.18839, 375.03082, 407.36694, 374.69141, 356.8179, 373.95767, 306.56027, 373.07541, 257.12799, 350.1243, 382.5062, 349.86395, 332.39929, 349.22006, 282.85495, 348.50809, 233.97797, 325.8309, 407.59229, 325.56461, 357.96393, 325.26312, 308.58002, 324.99396, 259.60812, 301.74286, 383.0239, 301.39462, 333.66614, 301.55344, 285.09799, 301.35757, 237.08591, 278.10486, 407.55319, 277.89969, 358.67184, 278.14648, 310.14374, 278.46207, 262.22833, 255.11031, 382.8533, 254.98001, 334.85413, 255.53174, 287.04968, 256.24124, 239.9424, 232.45644, 406.49353, 232.60786, 358.88126, 232.73886, 311.81946, 233.78131, 264.92996, 210.78183, 382.51245, 210.94649, 335.49796, 211.61508, 288.95059, 212.91127, 243.00809, 189.33789, 405.27792, 189.81029, 359.06436, 190.14841, 312.66071, 191.27176, 266.71146;
  424.59531, 405.76242, 424.29678, 354.42413, 423.5386, 303.80057, 421.90118, 253.6841, 399.25159, 380.68808, 398.53973, 330.06442, 397.53775, 279.55237, 396.45694, 230.23351, 374.36615, 406.57413, 374.19888, 355.80112, 373.4794, 305.69403, 372.66647, 256.11774, 349.42044, 381.66577, 349.20663, 331.33356, 348.80853, 281.99042, 348.01227, 233.04425, 325.09814, 406.5744, 324.90259, 357.00946, 324.83771, 307.37735, 324.31342, 258.83789, 301.00369, 382.00977, 300.90256, 332.87411, 300.9946, 284.07175, 301.03729, 236.14182, 277.46439, 406.47446, 277.39255, 357.72952, 277.582, 309.0947, 278.08801, 261.15457, 254.41557, 381.98856, 254.39618, 333.96509, 254.90813, 286.18506, 255.65854, 238.91371, 231.91628, 405.71564, 232.16757, 357.98865, 232.42267, 310.38464, 233.40167, 263.77478, 210.15587, 381.68494, 210.48105, 334.53171, 211.16093, 288.14996, 212.3623, 242.03691, 188.88597, 404.35892, 189.054, 358.04938, 189.58904, 311.85461, 190.92581, 265.7652;
  453.50699, 385.69113, 453.4718, 337.55463, 453.12595, 288.23599, 451.94702, 238.1071, 430.64972, 360.94681, 430.21945, 312.73911, 429.33072, 263.67566, 428.00696, 213.88625, 408.21756, 383.59009, 407.84869, 336.409, 406.9924, 288.30875, 405.74365, 239.46461, 386.31546, 359.21835, 385.37747, 312.24603, 384.14752, 264.27011, 382.50394, 215.87891, 365.11557, 381.31122, 364.03638, 335.28659, 363, 288.5, 361.41992, 240.93553, 343.66086, 357.46317, 342.33603, 311.68118, 340.97086, 265.07474, 339.22015, 217.93237, 323.59146, 378.70868, 322.42889, 333.9642, 320.99786, 288.51132, 319.37488, 242.27428, 303.3298, 355.49106, 301.54529, 310.9877, 299.95166, 265.85345, 298.4556, 219.89471, 284.67078, 376.18784, 282.77029, 332.51041, 281.37854, 288.52774, 279.68344, 243.53883, 265.18915, 353.42673, 263.3075, 310.41544, 261.56635, 266.5668, 260.14746, 222.18863, 247.92752, 373.48587, 246.06219, 331.40433, 244, 288.5, 242.3644, 245.07497;
  421.67099, 402.40936, 425.1207, 362.16867, 428.29462, 319.85822, 431.15189, 275.42749, 402.11517, 383.25125, 404.98309, 341.39105, 408, 298, 410.71335, 252.56725, 379.1409, 403.6116, 381.91608, 362.92261, 384.44608, 320.07947, 386.67026, 275.51038, 358.49857, 384.06696, 360.79996, 341.99649, 362.97452, 298.07498, 365.11823, 252.00797, 335.60275, 404.71536, 337.43057, 363.31345, 339.21274, 320.17972, 341.00922, 275.35062, 314.3934, 384.6636, 315.50436, 342.13925, 316.8186, 297.91833, 317.94125, 251.69952, 291.71201, 404.78641, 292.06595, 363.84821, 293.01758, 320.40634, 293.93082, 274.71216, 269.32468, 384.68256, 269.72192, 342.29102, 269.8848, 297.60492, 270.5, 251.16672, 247.14404, 404.95508, 246.62244, 363.52628, 246.44405, 320.20694, 246.39427, 274.40561, 224.39494, 384.18665, 223.57309, 341.93948, 222.90094, 297.32907, 222.93617, 250.83299, 202.74878, 404.39392, 201.19447, 363.02097, 200.0701, 319.65204, 199.12723, 274.05646;
  424.0791, 430.96075, 428.86166, 387.04199, 433.03818, 341.41583, 436.93668, 294.09262, 404.70853, 409.86612, 409.06848, 364.69888, 413.23569, 317.92041, 416.85846, 269.17316, 380.55774, 432.93893, 384.80496, 387.98859, 388.77643, 341.43481, 392.513, 293.10712, 360.28009, 411.34076, 363.95715, 365.12613, 367.57584, 317.13287, 371.28598, 267.46649, 335.38779, 434.56479, 338.84271, 388.871, 342.23904, 341.1413, 345.52936, 291.67264, 313.74179, 412.28516, 316.72214, 365.15015, 319.75665, 316.14429, 322.98145, 265.42078, 288.28479, 435.57614, 290.78586, 389.06314, 293.60556, 340.50064, 296.50504, 289.98383, 265.276, 412.76602, 267.3504, 364.89032, 269.9245, 315.16318, 272.47409, 263.34286, 239.66306, 436.12711, 241.57503, 389.04224, 243.43253, 339.69556, 245.5, 288.5, 215.54752, 412.50204, 217.21875, 364.23361, 218.79456, 313.51694, 220.97295, 261.22916, 190.4165, 435.86206, 190.97932, 388.22989, 192.23189, 338.54956, 194.00717, 286.55026;
  502.6908, 287.51492, 494.63022, 219.11833, 485.00198, 148.95229, 473.60294, 78.111092, 464.46234, 258.33154, 454.95004, 188.62785, 444.02444, 118.10002, 431.86438, 47.32774, 434.23502, 297.34055, 424.73972, 228.55341, 414.11484, 158.36218, 402.36334, 87.562195, 394.53906, 268.27142, 383.99606, 198.79256, 372.40472, 128.2028, 360.18958, 57.552567, 364.961, 306.82782, 354.04062, 238.84239, 342.43079, 168.96828, 330.37088, 98.446167, 324.92554, 277.90988, 312.94623, 209.28845, 300.9451, 139.43794, 288.46838, 69.329895, 296.42148, 315.89902, 284.23361, 249.1167, 271.78989, 180.11272, 259.56363, 110.47775, 256.54361, 287.4938, 243.67589, 220.12276, 231.14622, 151.50642, 219.09117, 82.585983, 230.34781, 324.36429, 216.92131, 258.89633, 203.77205, 191.7657, 191.56807, 123.57433, 191.81282, 296.16455, 178.00603, 230.90709, 165.0757, 163.93723, 153.46753, 96.885948, 167.8781, 332.04248, 153.82314, 268.39645, 140.24345, 203.30817, 127.91312, 137.19572;
  498.80023, 292.55203, 491.81625, 225.97025, 483.16489, 156.82846, 472.73285, 86.847221, 461.491, 264.12411, 452.80887, 195.99832, 442.8573, 126.02711, 431.82535, 55.715683, 431.49966, 301.74765, 422.55966, 234.73845, 412.84854, 165.74783, 401.96225, 95.382896, 392.73291, 273.20712, 382.69318, 205.28006, 371.8158, 135.49008, 360.10867, 65.036499, 363.14981, 310.89539, 352.797, 244.29416, 341.73401, 175.60919, 330.14996, 105.55412, 323.66467, 282.56281, 312.14853, 215.29874, 300.58905, 146.02907, 288.45514, 76.202904, 295.6521, 319.3399, 283.76041, 253.87677, 271.46002, 186.03423, 259.4342, 116.96313, 256.17694, 291.20132, 243.3837, 225.30151, 231.03484, 157.26942, 218.95299, 88.64534, 230.06117, 327.3356, 216.81908, 263.07202, 203.87169, 196.91328, 191.53574, 129.19456, 191.87079, 299.55817, 178.04372, 235.2274, 165.09122, 169.09497, 153.31967, 102.00593, 168.26067, 334.37888, 154.00237, 272.15366, 140.2733, 207.86722, 127.7009, 141.93127;
  419.73373, 389.36981, 406.64166, 341.25583, 392.45206, 290.10583, 377.32672, 236.14171, 386.87784, 372.5369, 372.58865, 323.3569, 357.37994, 271.25607, 341.28815, 216.08383, 367.96097, 402.66849, 353.36411, 355.32074, 338.22668, 304.76859, 321.85706, 251.77872, 335.0799, 385.80945, 319.39819, 337.15323, 302.9137, 285.91632, 285.8461, 231.97266, 317.22745, 415.00732, 301.28033, 368.43115, 284.64624, 318.9577, 267.27472, 266.61279, 284.00888, 398.13974, 267.24615, 350.56284, 249.76761, 300.46021, 231.59372, 247.35315, 267.90536, 426.49814, 250.67453, 380.89682, 233.04251, 332.60388, 214.88089, 281.41226, 235.00133, 409.59024, 217.02603, 363.2717, 198.76688, 314.15143, 179.98624, 262.44955, 220.52577, 436.61243, 202.12656, 392.51337, 183.60696, 345.43646, 164.99388, 295.30988, 188.40977, 419.81094, 169.53249, 375.00354, 150.50217, 326.95624, 131.93823, 276.70645, 175.23927, 446.23523, 156.56737, 403.04999, 137.35632, 357.28781, 118.21224, 308.6976;
  346.8175, 333.96207, 345.70523, 284.55026, 344.54645, 232.89096, 343.05286, 178.77429, 320.0098, 310.80026, 318.33188, 260.1864, 316.50943, 206.99039, 314.8313, 151.9413, 295.14346, 336.64673, 292.7099, 287.09619, 290.32022, 235.03996, 288.18372, 180.78917, 267.8342, 313.45477, 264.72269, 262.4014, 261.94012, 209.48364, 259.28046, 154.06853, 243.75368, 339.09457, 239.86501, 289.43372, 236.08099, 237.40437, 232.94458, 183.03647, 215.68669, 315.71301, 211.21185, 265.08762, 207.33238, 211.86441, 204.0162, 156.56467, 192.58429, 341.3342, 187.34212, 291.77026, 182.68355, 240.06987, 178.34732, 185.77347, 164.35071, 317.72635, 158.93605, 267.50943, 153.80292, 214.61882, 149.75392, 159.7449, 142.82333, 343.03891, 136.21289, 294.25287, 130.50735, 242.77702, 125.56261, 188.78886, 114.95109, 319.65808, 108.2125, 270.05276, 102.36391, 217.60973, 97.79068, 163.50438, 94.958771, 344.55066, 87.269234, 296.3287, 80.58239, 245.58009, 74.861702, 192.56929;
  321.39148, 331.71201, 325.23373, 280.68848, 329.4516, 227.71986, 333.8118, 173.0778, 296.85565, 305.03311, 300.41245, 252.63826, 304.18277, 198.33983, 308.32428, 143.34616, 268.83411, 329.00342, 271.51959, 277.20609, 274.69373, 223.98627, 278.56381, 168.88416, 243.49324, 301.61353, 245.94499, 249.0067, 249.4263, 194.5327, 252.66048, 139.33533, 216.08766, 325.6076, 217.74101, 273.97937, 220.04866, 220.35091, 223.37238, 165.43031, 190.45239, 298.27795, 191.99425, 245.64369, 194.47459, 191.45877, 197.60245, 135.81177, 164.18094, 322.25797, 164.86856, 270.55234, 166.36685, 217.04785, 168.91745, 162.37558, 138.56758, 294.82983, 139.03816, 242.43127, 140.85442, 188.50664, 143.99155, 133.47922, 113.67887, 318.3642, 113.29353, 267.08673, 114.06981, 214.11642, 116.06137, 159.62334, 88.607803, 290.98941, 88.447723, 239.27794, 89.29554, 185.64255, 92.011688, 131.17072, 65.240364, 314.51599, 64.045647, 263.94839, 63.947701, 211.45453, 65.470612, 157.62109;
  294.53653, 302.62589, 308.45615, 257.45465, 322.88342, 209.94942, 338.19238, 160.0584, 276.85886, 274.78607, 290.64413, 227.84456, 304.89725, 179.05281, 320.08179, 127.90219, 246.1702, 291.83505, 258.75815, 245.80455, 272.02737, 197.49132, 286.57529, 146.9641, 227.67468, 263.74457, 239.86809, 216.31682, 253.45949, 166.26181, 267.63922, 114.3481, 197.27513, 281.21436, 208.50745, 234.40266, 220.63692, 185.39311, 234.03146, 134.28603, 177.92352, 252.47867, 188.93857, 204.2686, 201.26282, 154.01221, 214.58899, 101.85418, 148.55258, 269.96414, 158.18712, 223.14635, 169.21904, 173.78618, 181.58549, 121.89492, 128.66293, 241.2715, 138.28922, 192.89026, 149.2832, 142.20183, 161.85294, 89.694427, 100.65257, 259.10712, 108.92547, 211.79648, 118.44569, 162.31375, 129.75752, 110.39326, 80.451408, 230.5486, 89.007423, 182.02199, 98.884293, 131.11346, 110.44633, 78.535126, 54.073982, 248.32753, 60.883247, 200.99535, 69.503059, 151.58467, 79.421509, 99.965019;
  518.03076, 180.49069, 498.42914, 128.40291, 477.74249, 78.265846, 456.49484, 31.129314, 483.55569, 162.23933, 463.52081, 110.50056, 443.04874, 61.533398, 421.91882, 15.156176, 467.85779, 197.3656, 448.23004, 144.05463, 428.20425, 93.376846, 407.90506, 45.026169, 432.09741, 178.99234, 412.42505, 126.55861, 392.79596, 76.655403, 372.81396, 29.374203, 415.29153, 214.85396, 396.2963, 161.09264, 376.84091, 109.58884, 357.18964, 60.647678, 378.91959, 196.64885, 359.88898, 143.62326, 340.92014, 93.378525, 321.92398, 45.352646, 361.0296, 232.93504, 342.49127, 178.60379, 323.9451, 126.8904, 305.39142, 77.576523, 324.36581, 214.93629, 306.17325, 161.46796, 288.01175, 110.8027, 270.27576, 62.977688, 305.93179, 251.47066, 287.95248, 197.19199, 270.38406, 144.86072, 253.20432, 95.612335, 269.70419, 233.33949, 252.26552, 179.86504, 235.3566, 129.12704, 218.99071, 81.301636, 251.06296, 269.64734, 234.08711, 215.62656, 217.3717, 163.49884, 201.22876, 114.06761;
  505.68655, 148.55223, 474.21854, 105.56547, 442.74408, 65.292084, 411.64893, 27.66608, 468.85022, 139.85497, 437.60211, 97.609093, 406.56937, 58.215458, 376.34317, 21.461691, 463.18173, 175.46591, 431.89972, 131.34625, 400.76117, 90.24778, 370.45242, 51.450298, 425.12231, 167.02864, 394.4809, 123.91048, 364.07501, 83.251839, 334.42316, 45.218464, 418.3403, 203.90515, 387.32098, 158.97006, 357.1329, 116.80604, 327.5202, 76.702614, 379.92392, 195.46867, 349.60229, 151.37213, 320.01956, 109.95261, 291.27859, 70.820221, 371.82468, 233.17482, 341.71448, 187.24022, 312.035, 144.13191, 283.45447, 103.61181, 332.78571, 224.81509, 303.35849, 179.85336, 274.98306, 137.53748, 247.48515, 98.066879, 323.85983, 262.88898, 294.51437, 216.47139, 266.11288, 172.50427, 238.86838, 131.27208, 285.39456, 254.25017, 256.75119, 208.72963, 229.71147, 165.65396, 203.7175, 125.70605, 275.94446, 292.71069, 247.52142, 245.93936, 220.11964, 201.33516, 194.19238, 159.41835;
  394.35294, 314.4816, 372.14984, 275.59143, 349.8382, 236.41858, 327.72342, 196.66949, 363.42776, 306.13861, 341.20923, 266.64423, 319.02829, 227.53226, 297.33719, 188.46158, 354.67648, 336.61404, 332.50204, 297.46472, 310.34335, 258.32999, 288.43863, 218.75998, 324.24014, 328.20303, 301.61673, 288.70273, 279.52725, 249.44717, 257.74069, 210.16679, 315.6489, 358.50766, 293.00803, 319.45862, 270.71161, 280.28839, 249.05478, 240.79294, 285.16016, 349.7294, 262.48358, 310.63345, 240.56766, 271.51108, 218.8504, 232.34232, 276.81253, 379.7814, 254.40938, 341.21353, 232.36583, 302.30643, 210.52992, 262.96161, 246.65273, 371.23633, 224.36578, 332.43036, 202.54408, 293.42096, 181.26486, 254.28629, 239.2972, 400.60226, 216.72252, 362.45764, 194.66539, 323.63083, 173.28917, 284.57391, 209.67281, 391.54163, 187.29141, 353.47488, 165.73462, 314.94583, 145.06653, 276.01282, 202.78677, 420.56918, 180.33502, 382.75446, 158.29614, 344.39828, 137.41797, 305.79102;
  302.27777, 400.18271, 323.13699, 360.96994, 344.28931, 321.25522, 365.72531, 280.77896, 292.41895, 370.3096, 313.54501, 330.43076, 334.6312, 290.42349, 356.34549, 250.03925, 262.20712, 379.37207, 282.88489, 339.79126, 303.76862, 299.88519, 325.46918, 259.46918, 252.50674, 349.11765, 273.18121, 309.35059, 294.56723, 269.02734, 316.43561, 228.60262, 222.37631, 358.09708, 242.798, 318.4624, 263.73459, 278.49783, 285.33737, 238.14999, 212.68867, 327.73856, 233.37625, 287.75815, 254.52695, 247.52695, 276.34241, 207.08409, 183.02809, 336.66763, 203.53741, 297.05252, 224.11931, 257.12418, 245.5816, 216.83247, 173.38589, 306.19055, 194.04829, 266.41727, 214.98671, 226.25847, 236.75, 186.28329, 144.8076, 315.27182, 164.55843, 275.59631, 185.32954, 235.79089, 206.43152, 195.60744, 135.98663, 284.86502, 155.67703, 245.19293, 176.85806, 205.62633, 198.71671, 165.82997, 108.03658, 294.02948, 127.3018, 254.564, 147.76122, 215.26297, 168.96199, 175.52582;
  276.54657, 401.57434, 302.42099, 366.48984, 328.23471, 330.91577, 354.53876, 294.69528, 271.35413, 371.39514, 297.15771, 335.96103, 323.47827, 300.11517, 349.68512, 263.58627, 240.34703, 376.33865, 266, 341, 292.14117, 305.11285, 318.58432, 268.71225, 234.74709, 345.60849, 260.50723, 310, 287.25293, 273.60849, 313.8541, 237.30165, 204.01369, 350.44131, 229.59065, 314.95694, 255.69641, 278.66727, 282.23547, 242.06134, 198.64584, 319.53824, 224.4272, 283.57281, 250.69687, 247.01787, 277.54184, 210.55348, 168.36531, 324.5368, 193.42755, 288.49774, 219.4212, 252.24817, 246.00507, 215.57866, 162.60977, 293.2684, 188.50934, 257, 214.48149, 220.5284, 241.46002, 184.03348, 132.81381, 297.99142, 157.69829, 261.84851, 183.58983, 225.64391, 209.77435, 189.33138, 127.86752, 267.15085, 152.88681, 230.63145, 178.77528, 194.4325, 205.83147, 158.0804, 98.494957, 271.71646, 122.98985, 235.63593, 148.44705, 199.47235, 174.86964, 163.33449;
  248.02606, 380.47519, 275.24115, 350.42737, 303.00607, 320.00607, 331.03348, 288.94901, 246.18175, 352.97632, 273.96649, 322.19534, 302.08167, 291.07675, 330.37631, 259.90424, 216.98962, 355.40927, 244.80022, 324.81494, 273.0441, 293.13632, 301.26236, 261.9588, 215.05585, 327.13004, 243.1851, 295.62155, 271.86951, 263.89175, 300.87225, 231.95979, 185.34425, 329.11328, 213.52686, 297.82675, 241.90541, 266.01404, 270.87747, 233.8671, 183.39238, 299.96802, 211.63669, 268.01529, 240.53354, 236.0351, 270.02261, 203.67705, 153.46367, 302.04401, 181.70656, 270.01782, 210.27676, 237.69537, 239.60641, 205.15149, 151.20998, 272.07114, 179.49992, 239.47871, 208.49704, 206.84689, 238.48119, 174.35327, 121.07392, 274.31631, 149.31178, 241.54965, 178.12277, 208.87677, 207.60658, 175.87242, 119.07215, 243.61389, 147.57307, 210.72285, 176.74109, 177.85022, 206.7446, 144.79114, 89.072647, 246.02011, 117.0951, 212.84177, 145.85341, 179.85341, 175.82542, 146.51379;
  276.73752, 390.24292, 310.61871, 360.43591, 343.18637, 331.19659, 375.1604, 302.28528, 279.5307, 358.41714, 313.10315, 328.99954, 346.04303, 300, 377.48657, 271.41153, 248.16629, 356.40784, 282.47812, 326.58368, 315.61392, 297.62933, 347.90964, 268.70218, 250.80542, 324.25961, 284.85828, 294.62555, 318.30069, 265.95834, 350.60068, 237.84401, 218.91071, 321.86362, 253.46626, 292.17749, 287.52991, 263.19196, 320.4884, 234.51587, 221.74773, 289.45328, 256.41162, 260.27621, 289.97089, 231.54996, 322.93631, 203.98254, 189.36902, 286.66284, 224.42535, 257.11874, 258.8703, 228.56964, 292.53101, 200.46901, 192.37685, 254.1142, 227.20004, 225.30579, 261.42239, 197.26454, 294.86447, 169.93745, 160.23906, 251.19331, 195.33478, 222.2029, 230.31126, 193.65671, 264.02469, 166.59352, 163.44362, 219.05527, 198.63541, 190.48917, 233.31685, 163.0399, 266.72852, 136.79765, 131.47606, 216.28505, 166.85362, 187.47255, 201.63126, 159.64217, 236.05243, 133.03796;
  342.55435, 172.17702, 313.98227, 146.34378, 287.62338, 122.49227, 262.94293, 101.14216, 311.77887, 175.10625, 284.99289, 149.55145, 259.98746, 126.23947, 237.11769, 104.96548, 309.1832, 205.05472, 282.01089, 177.86307, 256.98868, 152.92831, 233.31909, 130.07382, 279.05481, 207.50945, 253.51083, 180.79149, 229.98889, 156.29488, 207.87111, 133.84776, 275.99628, 237.75719, 250.16023, 209.77861, 226.2618, 183.65303, 204.1217, 159.68088, 246.68764, 239.65276, 222.56822, 211.97438, 200.03304, 186.59352, 179.3858, 162.9196, 243.0275, 270.59796, 218.48264, 241.50893, 196.01212, 214.51497, 175.16037, 189.57379, 214.6792, 271.61038, 191.94576, 243.07428, 170.78963, 216.95515, 151.33463, 192.53952, 210.74872, 302.55536, 187.56999, 272.59076, 166.41805, 245.157, 146.78703, 219.47409, 183.5312, 303.10886, 161.92316, 273.83908, 142.3598, 246.74046, 124.50435, 221.37413, 179.62502, 334.06601, 157.96008, 303.27185, 137.58105, 274.91205, 119.6148, 248.08847;
  163.81146, 396.96793, 159.35413, 369.90646, 155.03276, 344.09442, 151.18701, 318.83533, 147.5, 386.5, 143.43892, 360.00192, 139.69595, 334.35077, 136.32222, 309.67236, 135.73856, 403.04996, 132.01865, 376.35001, 128.16254, 350.44025, 125, 325, 120.27022, 392.62936, 116.82481, 366.40067, 113.69074, 340.82901, 110.53435, 316.04904, 108.44279, 409.0614, 105.09496, 382.40649, 102.16979, 356.89777, 99.27079, 331.27203, 93.55175, 398.59509, 90.645027, 372.45078, 88, 347, 85.381149, 322.35382, 81.940125, 414.90933, 79.17569, 388.14215, 76.357018, 362.74579, 74.106308, 337.81332, 67.875702, 404.1907, 65.231468, 378.07489, 63, 353, 61.095413, 328.6608, 56.300705, 420.19458, 53.887375, 393.96024, 51.692444, 368.39709, 49.805527, 343.74646, 42.753693, 409.30893, 40.408405, 383.95923, 38.483372, 359.00558, 37.394897, 334.71567, 31.647892, 425.11514, 29.733864, 399.17914, 27.5, 374, 26.180786, 349.47195;
  221.62424, 433.11572, 214.41484, 406.39478, 207.38542, 378.80447, 200.36168, 351.08563, 204.19962, 423.18674, 197.06374, 395.68137, 190.08795, 368.46362, 183.207, 340.66956, 194.43411, 439.77347, 186.9408, 412.80109, 179.78516, 385.5, 172.92456, 357.94104, 177.01648, 430.06201, 169.66663, 402.53229, 162.79045, 375.04358, 155.7861, 347.46762, 167.2625, 446.37195, 159.68782, 419.64917, 152.6877, 392.28162, 145.63121, 364.60455, 150.03789, 436.01898, 142.78862, 409.08032, 135.56926, 381.69235, 129.00201, 354.06949, 140.61595, 452.73438, 133.29295, 425.65176, 125.88643, 398.72342, 119.21079, 371.30508, 123.55064, 442.27286, 116.16418, 415.26276, 109.35255, 387.85489, 102.5, 360.5, 114.11174, 458.66867, 106.88836, 431.70627, 99.547104, 404.77295, 92.83432, 377.57358, 97.520126, 448.06729, 90.233734, 421.17789, 83.304787, 394.1257, 76.776657, 366.78543, 88.384193, 464.31003, 81.031769, 437.51395, 73.83091, 410.6221, 67.114105, 383.71533;
  260.42773, 453.41394, 260.5, 428, 260.37476, 401.39658, 260.61288, 373.90445, 246.50508, 442.08606, 246.15636, 415.836, 246.09464, 388.73264, 246.24225, 360.54688, 232.67538, 455.8262, 231.99031, 430.10956, 231.59421, 403.19562, 231.66496, 375.66037, 218.28609, 444, 217.55844, 417.58493, 217.24435, 390.53165, 217.07607, 362.27457, 204.91379, 457.94168, 203.76714, 431.85135, 202.81464, 405.11307, 202.39668, 377.22946, 189.79805, 446, 188.58926, 419.30447, 188.01953, 392.05704, 187.496, 363.34036, 176.42155, 459.93256, 174.72629, 433.86349, 173.75137, 406.58356, 172.98991, 378.53674, 161.39944, 447.80997, 159.69263, 421.08896, 158.57616, 393.27322, 157.495, 364.54187, 147.75748, 461.44791, 146.01976, 435.23337, 144.59183, 408.13693, 143.23186, 379.56158, 132.81354, 449.14282, 130.5495, 422.58234, 129, 394.42233, 127.78381, 365.4809, 119.49531, 463.08591, 117.48238, 436.75922, 115.35123, 409.29242, 113.69318, 380.78772;
  399.94858, 427.83331, 404.14066, 390.96545, 408.06372, 353.43924, 411.8869, 315.561, 383.32269, 407.69131, 387.12772, 370.48279, 391.2265, 332.95966, 395.02963, 294.94727, 362.84116, 424.15845, 366.75766, 387.75766, 370.45648, 350.10263, 374.17197, 312.29794, 345.91092, 404.21838, 349.59726, 366.96637, 353.5, 329.5, 357.5, 291.5, 325.17719, 420.89716, 329.03488, 383.98816, 332.78952, 346.57193, 336.63306, 308.69202, 308.39117, 400.65549, 312.04907, 363.4454, 315.80011, 325.96335, 319.65063, 288.00577, 288.17139, 417.04544, 291.66129, 380.17236, 295.38837, 343.00797, 298.86353, 305.16284, 271.1463, 396.53381, 274.74228, 359.6792, 278.29745, 322.36703, 282.138, 284.44281, 251.07941, 412.92245, 254.51213, 376.02945, 257.98129, 339.21057, 261.88116, 301.68372, 234.86656, 392.13007, 237.85069, 355.65604, 241.55315, 318.72491, 245.28491, 280.98343, 215.14993, 408.05853, 218.22377, 372.09125, 221.42397, 335.08279, 225.02541, 298.06921;
  348.5246, 427.44208, 358.48349, 395.03305, 368.13611, 362.6268, 377.59363, 329.96307, 339.5499, 407.86545, 349.55188, 374.94293, 359.62589, 341.98853, 369.65778, 308.98724, 320.48697, 420.89914, 330.32657, 387.85657, 340.6629, 354.53964, 350.85211, 321.1499, 311.12906, 400.75259, 321.11993, 367.21826, 331.46826, 333.32693, 341.89807, 299.46082, 290.97607, 414.03448, 301.09283, 380.14435, 311.66275, 345.90997, 322.1597, 311.57324, 280.63208, 393.25504, 291.21329, 358.8811, 301.81662, 323.89883, 312.47003, 289.30722, 259.68323, 406.64413, 270.40884, 371.84726, 280.69586, 336.85132, 291.66193, 301.69708, 248.73155, 384.96524, 259.69095, 349.70883, 270.52109, 314.06473, 281.48999, 278.43835, 227.07141, 398.77246, 238.06311, 362.85065, 248.60973, 327.1199, 259.91757, 291.06876, 215.72418, 376.11569, 226.87122, 340, 237.99715, 303.68018, 249.16539, 267.26343, 193.23273, 389.96811, 204.13359, 353.31412, 215.47934, 316.5892, 226.93556, 279.61365;
  350.16757, 433.30664, 361.60764, 402.42352, 373.46698, 370.97046, 384.7092, 339.05038, 342.14413, 414.64282, 353.94138, 383.14465, 365.55991, 351.26962, 377.49786, 318.48209, 322.3793, 427.55515, 334.16672, 395.61954, 346, 363.5, 357.93164, 330.54041, 314.1232, 408.20419, 325.98288, 375.65274, 337.93622, 342.74292, 349.9726, 309.53149, 293.20029, 421.12152, 305.10873, 388.3215, 316.99054, 355.21613, 329.50681, 321.73398, 284.03992, 401.21939, 296.00693, 367.76358, 308.23358, 333.92172, 320.67456, 299.60022, 262.56589, 414.07083, 274.49191, 380.68411, 286.64081, 346.48578, 298.79117, 312.06531, 252.5226, 393.20462, 264.57159, 359.00238, 277.04037, 324.62628, 289.56412, 289.14944, 230.32147, 406.46619, 242.41763, 372.06055, 254.68622, 337.09619, 267.14908, 301.71255, 219.64627, 384.95313, 232.09293, 349.99774, 244.25615, 314.50845, 257.17184, 278.43033, 197.0013, 398.0256, 208.94818, 363.05234, 221.18939, 327.27872, 234.00366, 291.02301;
  628.41998, 319.98062, 615.34894, 288.06995, 602.09167, 257.04523, 589.14838, 226.85164, 606.75336, 309.09387, 594.11285, 277.24112, 580.93634, 246.35086, 567.97595, 216.24913, 598.12891, 330.59375, 585.10828, 298.15375, 572.25067, 266.49628, 559.5755, 235.49203, 575.95007, 319.52374, 563.33667, 287.15106, 550.84387, 255.83583, 537.99176, 224.59036, 566.53076, 341.63266, 553.79938, 308.70773, 541.4787, 276.20526, 528.63586, 244.88748, 543.93005, 330.52374, 531.41595, 297.36719, 519.08276, 265.12317, 506.89154, 233.94427, 533.64026, 352.87711, 521.23169, 319.08154, 508.89917, 286.17871, 496.54034, 254.02142, 510.46423, 341.3804, 498.28055, 307.77075, 486.46228, 275.02496, 474.46521, 243.0972, 499.22131, 364.27066, 487.32367, 329.65326, 475.62042, 296.49576, 463.49481, 263.95108, 475.87375, 352.45377, 463.9469, 318.30563, 452.51849, 284.96527, 441.25681, 252.57536, 464.2327, 375.3768, 452.38052, 340.59622, 441.17456, 306.59732, 429.81412, 273.56354;
  509.28741, 314.93381, 515.41431, 283.43817, 521.07159, 251.35948, 527.15753, 217.8642, 496.95917, 298.61472, 502.99228, 266.14578, 508.49945, 233.0405, 514.05499, 199.00752, 478.90805, 313.59058, 484.17813, 281.38556, 489.92749, 248.50496, 495.61139, 214.54921, 465.49658, 296.6954, 471.07196, 263.76764, 476.37354, 229.99414, 481.94916, 195.36082, 446.79199, 311.96631, 452.23352, 279.12381, 457.37552, 245.60912, 462.64554, 211.3739, 433.27289, 294.41937, 438.04507, 261.2142, 443.00101, 226.96754, 448.18048, 191.68355, 414.10037, 309.75308, 418.61368, 276.59198, 423.51611, 242.76323, 428.50192, 207.50616, 399.33456, 292.41592, 403.96414, 258.62933, 408.52234, 223.87486, 413, 188, 380.14938, 307.97305, 384.28406, 274.465, 388.72787, 240.04985, 393.02011, 204.37117, 364.89319, 290.24011, 368.9332, 256, 373.00797, 220.97453, 377.09512, 184.56015, 345.62616, 305.58041, 349.03946, 271.96518, 353.03412, 237.08691, 357.01352, 201.16792;
  434.49481, 152.9511, 432.87656, 121.12198, 431.20889, 89.650169, 429.14697, 58.506008, 417.37366, 137.33632, 415.8428, 105.42061, 413.97891, 74.236671, 412.08398, 43.39526, 402.1286, 153.50206, 400.40637, 121.88412, 398.9256, 90.074409, 397.08002, 59, 384.93909, 137.90257, 383.48907, 106.30615, 381.78888, 75.152634, 380.03314, 43.929359, 369.78391, 154.37379, 368.00055, 122.48895, 366.1301, 91.177559, 364.63965, 60.193981, 352.78162, 139.08943, 350.88965, 107.12314, 349.44891, 76.159813, 347.89218, 45.396526, 337.44211, 155.34157, 335.67892, 123.70213, 334.21921, 92.249809, 332.71173, 61.269897, 320.63965, 140.15501, 318.81879, 108.61842, 317.32178, 77.552246, 315.79312, 46.793091, 305.47256, 156.42625, 303.93207, 125.01704, 301.95892, 93.989891, 300.93063, 62.910004, 288.76343, 141.3833, 287.08624, 110.13276, 285.81085, 79.22139, 284.57416, 48.68877, 274.00754, 157.94499, 272.20642, 126.4781, 270.87689, 95.853653, 269.58362, 65.080894;
  300.54111, 177.16194, 304.90628, 146.99844, 309.01266, 116.62212, 313.16266, 86.837349, 287.34018, 160.18173, 291.82819, 129.79578, 296, 99.5924, 300.21274, 69.547333, 270.16708, 173.22148, 274.42673, 143.00061, 278.52756, 112.54058, 282.79489, 82.623909, 257, 156, 261.23532, 125.78746, 265.53619, 95.627144, 269.78146, 65.57766, 239.79333, 169.28413, 243.89702, 138.70164, 248.18776, 108.65675, 252.42239, 78.455948, 226.53195, 152.41719, 230.86641, 121.80029, 235.08005, 91.808426, 239.28807, 61.98138, 209.43443, 165.8338, 213.37341, 135.21774, 217.76208, 105.02021, 222.16264, 75.162651, 196.21661, 148.61716, 200.33974, 118.34097, 204.64592, 88.690613, 209, 58.577675, 179.3295, 162.09114, 183.33223, 131.76878, 187.63214, 101.66425, 192.04507, 71.746399, 166.2805, 145.05681, 170.5, 115, 174.78647, 85.135086, 179.42134, 55.464092, 149.62433, 158.89433, 153.68648, 128.52518, 157.59174, 98.651405, 162.20749, 68.635292;
  307.33975, 170.34096, 309.2243, 139.18053, 310.76163, 108.50353, 312.40759, 78, 292.93274, 154.03345, 294.42914, 123.17525, 296.04086, 92.619637, 298, 62.577675, 276.44867, 168.86032, 278.42181, 138.0571, 279.9097, 107.43472, 281.75879, 77.132477, 262.34778, 152.48122, 264, 122, 265.7088, 91.949379, 267.47372, 61.895412, 246.17606, 167.06071, 248.04521, 136.71617, 249.78595, 106.51261, 251.60936, 76.527641, 232.07918, 151.32158, 234.06944, 121.32071, 235.66179, 91.346024, 237.60854, 61.494106, 216.57768, 166, 218.23909, 135.9052, 219.98659, 105.9866, 221.68898, 76.419708, 202.74208, 150.45123, 204.37477, 120.55491, 206.35579, 90.745071, 208.34306, 61.729408, 187.64589, 165.15781, 189.07768, 135.26694, 190.94228, 105.54218, 192.88147, 76.487877, 174.26537, 149.93498, 175.60521, 120.06042, 177.49066, 90.830986, 179.89735, 61.712601, 159.53082, 164.35001, 161.05383, 134.62505, 162.69534, 105.38329, 164.83699, 76.38237;
  315.82996, 181.13878, 315.76654, 151.07103, 315.75461, 121.83472, 316.17896, 93.312935, 301.51282, 166.45363, 301.53644, 136.82901, 301.57544, 108.41707, 301.79254, 80.05674, 286.76038, 181.71382, 287.03787, 152.44691, 287.5, 123.5, 287.58112, 94.980667, 272.75613, 167.42044, 273.10315, 138.65994, 273.63, 109.96696, 274.12091, 82.004097, 258.8978, 182.52605, 259.10315, 153.65994, 259.50934, 124.89273, 259.93655, 96.959618, 245.10841, 168.61179, 245.61221, 139.91415, 246.21431, 112.01344, 246.78198, 84.294044, 231.5, 183.5, 232.04031, 154.77242, 232.37154, 126.8368, 233.14905, 99.207741, 218.29993, 169.66707, 218.9532, 141.67679, 219.7668, 113.93063, 220.60307, 86.832954, 205, 184.5, 205.42375, 156.3611, 206.22614, 128.81367, 207.28899, 101.51302, 192.57913, 171.2924, 193.14905, 143.20775, 194, 116, 195.36336, 89.249908, 179.57689, 185.66621, 180.226, 157.77841, 181.23692, 130.78532, 182.29247, 103.72644;
  181.71056, 199.89305, 175.27266, 173.68968, 168.70918, 147.75897, 162.37878, 122.19339, 166.85736, 189.64085, 160.34583, 163.10228, 154.09592, 137.13454, 147.62698, 111.56985, 158.45624, 205.9744, 151.80328, 179.1297, 145.33047, 153.12996, 139, 126.70287, 143.06442, 195.468, 136.68906, 168.86327, 130.1698, 142.10225, 123.97029, 115.74251, 134.40669, 212.01865, 127.62043, 184.92816, 121.20255, 158.03647, 114.93559, 131.468, 118.88925, 201.66649, 112, 174.5, 105.65943, 147.19594, 99.334633, 120.87807, 109.74757, 218.69591, 103.11732, 191, 96.14991, 163.70148, 89.994598, 136.5, 93.561203, 208.06238, 86.94191, 180.40884, 80.212318, 152.92599, 74.206314, 125.61809, 84.312912, 225.52296, 77.283951, 197.5, 70.757019, 169.64244, 64.061775, 142.01424, 67.981483, 214.7744, 61.019485, 186.75494, 54.670059, 158.49359, 48.110924, 131.36305, 58.308289, 232.44373, 51.151325, 203.87347, 44.798939, 175.87787, 38.055397, 147.75099;
  239.17883, 220.18488, 241.35626, 192.70833, 243.31653, 165.40891, 245.67867, 138.88649, 228.4556, 204.89984, 230.39044, 177.179, 232.54625, 150.00639, 234.81828, 123.19771, 214.95343, 217.59708, 217, 189.5, 219.2672, 161.80389, 221.77684, 134.65662, 203.3092, 201.98376, 205.6174, 173.79369, 208.20953, 145.9803, 210.97337, 118.55883, 189.73703, 215.0918, 191.85321, 186.19371, 194.28177, 157.94075, 196.87228, 130.11299, 177.88991, 199.21371, 180.28726, 170.37029, 183.03462, 142.0688, 185.88663, 114.22922, 163.33504, 212.50552, 166.0307, 182.98996, 168.49341, 154.29547, 171.19128, 125.58659, 151.13077, 196.19919, 153.9157, 166.93672, 157.08223, 137.9549, 159.93373, 109.67843, 136.5, 210, 139.07283, 179.79034, 141.86586, 150.35818, 145.08319, 121.49233, 123.76438, 193.36539, 126.78477, 163.13306, 130.04291, 133.67487, 133.31972, 104.80842, 108.76492, 206.96153, 111.8847, 176.47935, 114.84456, 146.47375, 118.11519, 117.31884;
  287.69855, 333.60257, 296.40695, 300.4278, 305.1683, 266.66626, 313.70181, 232.91064, 275.91837, 313.29825, 284.40448, 279.5834, 293.31207, 245.81706, 301.79199, 211.6517, 255.56761, 326.44064, 263.70352, 292.73419, 272.6774, 258.70352, 281.26013, 224.49028, 243.07529, 305.91635, 251.5963, 271.75381, 260.47342, 237.61935, 269.16574, 203.05785, 222.0668, 319, 230.43489, 284.90485, 239.14149, 250.62524, 248.01161, 215.98839, 209.56006, 298.34091, 217.95212, 263.82947, 226.63416, 229.06094, 235.4379, 194.31831, 188.04837, 311.60889, 196.55698, 277.08774, 205.12119, 242.18248, 214.03368, 207.27733, 175.09915, 290.14059, 183.64719, 255.45396, 192.1039, 220.67593, 201.0274, 185.92644, 153.89087, 303.7402, 162.08601, 268.85815, 170.64882, 233.97556, 179.48903, 199.01312, 141.08882, 282.16849, 148.96715, 247.12341, 157.964, 212.17778, 166.94557, 177.14586, 119.46475, 295.64255, 127.75589, 260.66306, 136.21916, 225.78975, 144.85042, 190.21982;
  560.52795, 321.84637, 557.31659, 288.18002, 553.45947, 254.81801, 549.12457, 221.68541, 544.99384, 306.32037, 541.79083, 272.29843, 537.62335, 238.83681, 533.03918, 205.47064, 532.90509, 325.11713, 529.13129, 290.59628, 525.45093, 256.35391, 521.26691, 222.71396, 516.49304, 309.16003, 512.93781, 274.4386, 508.84354, 240.22769, 504.83426, 206.00009, 503.24908, 328.34094, 499.67032, 292.9476, 495.71555, 258.07474, 491.78879, 223.37657, 486.12106, 311.87488, 482.5, 276.5, 478.7627, 241.44495, 474.73151, 206.70615, 471.95377, 331.49854, 468.45096, 295.54349, 464.88736, 259.72971, 461.00809, 224.6384, 454.10776, 315.07532, 450.6951, 278.57651, 446.76135, 242.81209, 442.80154, 207.20491, 439.1188, 335.20004, 435.78571, 298.07977, 432.17535, 261.93344, 428.19202, 225.59088, 420.3479, 318.07462, 416.96826, 281.07843, 413.47607, 244.40811, 409.36899, 208.1729, 404.64871, 338.41586, 401.40091, 300.87772, 397.71219, 263.49393, 394.36066, 226.81212;
  276.19006, 228.38007, 261.4386, 201.6402, 248.08679, 176.98604, 235.3793, 154.18285, 253.51651, 225.26926, 239.90871, 199.31894, 227.35728, 175.47841, 215.63264, 152.95995, 245.13385, 249.31075, 231.72514, 222.37416, 219.09723, 197.4288, 207.37297, 173.95229, 223.18047, 246.01082, 210.99957, 219.95139, 199.42303, 195.43742, 188.43355, 172.39948, 214.63829, 270.31711, 202.65102, 242.89919, 190.99577, 217.35239, 180.40552, 193.60664, 194.05324, 266.52838, 182.74867, 239.8895, 172.18971, 215.05438, 162.41389, 191.6498, 185.38695, 290.3284, 174.27513, 262.87375, 163.65413, 237.14833, 154.23956, 213.04471, 165.60884, 286.29568, 155.37437, 259.53976, 145.55655, 234.63322, 137.08414, 210.98561, 156.96748, 309.92599, 146.82619, 282.39951, 137.23877, 256.38022, 128.67883, 232.09775, 138.40604, 305.39273, 128.97498, 278.48572, 120.26343, 253.45071, 112.508, 229.74783, 130.08415, 328.71732, 120.68104, 301.13354, 112.0248, 275.08981, 104.00092, 250.53964;
  467.53369, 254.84193, 456.62598, 221.77081, 445.34854, 188.40321, 433.42474, 154.60573, 445.70917, 244.60095, 434.53281, 211.37529, 422.81915, 177.81644, 410.68375, 143.56543, 434.99277, 267.31702, 423.65103, 234.30614, 411.75195, 200.62979, 400, 166.81442, 412.74487, 257.25317, 401.15051, 223.90651, 389.04584, 190, 377.03882, 155.8696, 402, 280, 390.12036, 246.80167, 378.11249, 213.21512, 366.08032, 179.18393, 379.20541, 269.80646, 367.05014, 236.48175, 355.09409, 202.69716, 342.16821, 168.14368, 368.45245, 292.56741, 356.13477, 259.53, 343.92755, 226.10036, 331.24454, 192.05446, 345.65402, 282.74222, 332.94775, 249.28532, 320.54852, 215.50243, 307.81223, 181.0554, 334.84387, 305.44788, 322.43814, 272.49283, 309.85941, 239.09915, 296.96643, 205.03662, 312.05798, 295.48148, 299.12354, 262.33139, 286.1564, 228.55826, 273.46451, 194.38591, 301.61929, 318.00659, 288.91534, 285.36188, 275.8721, 252.03377, 262.86633, 217.96297;
  434.93634, 322.34561, 447.36523, 294.21176, 460.00211, 265.47366, 471.9259, 237, 428.84473, 303.52032, 441.34424, 274.84396, 453.65466, 246.20212, 465.97485, 217.13397, 409.59961, 313.01376, 422.24551, 284.16898, 434.85086, 255.16901, 447.31857, 225.81725, 403.14215, 293.59607, 415.63898, 264.09778, 428.49203, 234.87239, 440.89362, 205.40337, 383.46091, 303.23236, 396.19934, 273.80008, 408.77588, 244.00409, 421.85886, 214.28664, 376.01324, 283.27734, 388.87979, 253.33322, 401.70975, 223.41553, 414.46738, 193.19891, 355.79547, 292.93021, 368.79456, 263.10434, 381.57843, 232.7171, 394.39114, 202.15009, 348.06213, 272.48474, 360.83472, 242.00151, 373.73044, 211.32848, 386.88898, 180.59894, 327.11917, 282.68817, 340.16757, 251.72523, 353.00595, 220.70787, 366.10413, 189.76083, 318.8605, 261.49597, 332.04956, 230.55182, 345.04553, 199.1011, 357.94217, 167.8885, 297.45187, 271.45038, 310.45618, 240.20956, 323.53073, 208.61967, 336.79443, 177.61505;
  443.42889, 325.10718, 456.43817, 296.85956, 469.36996, 268.5257, 481.93628, 239.47226, 437.17691, 305.76627, 450.2236, 276.98718, 462.7995, 248.22951, 475.61536, 219.05037, 417.35352, 314.70471, 430.57251, 286.03885, 443.5, 257, 456.33704, 227.89929, 410.54544, 295.05237, 423.61285, 265.84259, 436.51077, 236.21638, 449.54678, 206.80354, 390.16266, 304.16266, 403.42612, 274.8038, 416.21707, 245.06818, 429.42636, 215.31372, 382.83368, 283.87054, 396, 254, 409.29529, 224.12575, 422.09283, 193.98265, 362, 293.08002, 375.20721, 262.7673, 388.66861, 233.02444, 401.66519, 202.53763, 354.07059, 271.98203, 367.42609, 241.95444, 380.65118, 211.53778, 393.95197, 181.10831, 332.82504, 281.48322, 346.08444, 251.12125, 359.46707, 220.62904, 372.85342, 189.9151, 324.55264, 260.44736, 338.28879, 229.68092, 351.30167, 198.6515, 364.55569, 167.9362, 303.18604, 269.52115, 316.47479, 238.71294, 329.85843, 207.88214, 343.05621, 176.90675;
  397.48849, 228.59242, 381.22818, 202.02504, 365.83118, 177.16884, 351.1604, 153.44035, 375.20593, 224.81952, 359.86624, 198.85703, 345.02405, 174.26314, 330.8129, 150.96893, 369.20419, 247.42012, 354.10434, 220.79456, 338.98648, 195.4911, 324.78876, 171.29623, 347.92743, 243.06841, 332.93735, 217.02792, 318.98718, 192.22362, 305.45001, 168.5291, 341.44669, 265.94815, 326.87308, 239.34477, 312.62231, 213.64253, 299.49564, 189.27545, 320.46561, 261.71335, 306.4805, 235.35507, 293.44135, 210.22748, 280.2999, 186.34982, 314.29446, 284.14816, 300.237, 257.20917, 286.8103, 231.77126, 274.33911, 207.16267, 293.99292, 279.6976, 280.60773, 253.19502, 268.04749, 228.05533, 255.86011, 203.94498, 287.61313, 301.92972, 274.25272, 274.99905, 261.51389, 249.29047, 249.85574, 224.66295, 267.95374, 296.98978, 255.23697, 270.62524, 243.03094, 245.55412, 231.94518, 221.50484, 261.88953, 318.5954, 249.03128, 292.40988, 236.91785, 266.6767, 225.82932, 241.86568;
  382.828, 229.08954, 368.66714, 203.59621, 355.21683, 180.01109, 342.38605, 157.64847, 361.42706, 224.58165, 347.97595, 199.73686, 335.13104, 176.42696, 322.72385, 154.41792, 354.1268, 245.90173, 340.61218, 220.56351, 327.78912, 196.25023, 315.48306, 173.34131, 333.18213, 241.40665, 320.60617, 216.60617, 308.25708, 192.74294, 296.61227, 170.00858, 325.72266, 262.98676, 313, 237, 300.68759, 212.63228, 289.44006, 189.29108, 305.4769, 258.04898, 293.31418, 232.81868, 281.81949, 208.88167, 271.0307, 186.0307, 297.58276, 279.69022, 285.46802, 253.64363, 274.14505, 228.79616, 263.5, 205.5, 277.57507, 274.83017, 266.39188, 249.28773, 255.826, 225.01721, 245.91272, 202.11699, 269.93933, 296.01175, 258.55896, 269.8887, 248.00558, 245.10974, 238.23096, 221.50264, 251.15857, 290.9342, 240.33911, 265.16269, 230.3327, 240.81577, 221.06976, 217.84612, 243.20255, 312.00992, 232.66089, 285.83731, 222.44876, 260.73352, 213.30878, 236.90533;
  360.38907, 265.10229, 355.60519, 238.98123, 350.72549, 214.12669, 345.97006, 190.43459, 342.53, 253.55351, 338.05725, 228.00652, 333.60965, 203.43953, 329.57849, 179.8454, 329.54053, 268.77124, 325.20386, 242.04309, 321.14349, 216.95483, 317.28934, 192.59273, 311.96542, 256.56787, 308.14618, 230.96478, 304.34579, 206.21028, 300.92499, 182.49771, 298.36072, 271.84744, 294.63129, 245.09045, 291.20886, 219.74762, 287.88354, 195.58487, 280.8862, 260.00928, 277.7402, 233.85718, 274.65778, 208.81071, 272.13052, 185.1066, 266.86813, 275.2377, 263.77673, 248.10866, 261.08417, 223.02737, 258.66754, 198.56738, 249.88438, 263.224, 247.14616, 236.96478, 244.87857, 212.04929, 242.9467, 188.30659, 235.39543, 278.49261, 233.38936, 251.60394, 231.15286, 225.90186, 229.31953, 201.49612, 219.00813, 266.54651, 216.87093, 240.1424, 215.50919, 214.90482, 214.25966, 191.08336, 204.26054, 281.7738, 202.49706, 254.87975, 201.50584, 229.03799, 200.40323, 204.39258;
  358.46326, 300.9899, 360.35425, 271.35727, 361.66809, 241.61499, 363.5, 212.90001, 344.5, 285, 346.06143, 255.44797, 348.07565, 226.38512, 349.5, 197.29509, 328.65982, 299.18173, 330.55746, 268.96707, 332.40265, 239.68094, 334.1965, 210.65668, 314.65228, 283.21185, 316.49371, 253.45303, 318.47675, 224.10632, 320.43265, 195.04135, 298.78555, 297.12021, 300.72922, 267.3461, 302.60248, 237.79547, 304.54868, 208.90686, 284.76834, 281.26724, 286.77383, 251.39233, 288.82538, 222.36098, 291.11789, 193.08507, 268.79193, 295.05377, 270.82901, 265.42291, 272.8252, 235.89578, 275, 206.42232, 254.89671, 279.24326, 256.85507, 249.58409, 259.07962, 220.41383, 261.51364, 191.36047, 238.72844, 293.36511, 241.01309, 263.4339, 243.36195, 233.94206, 245.40747, 204.7746, 225, 277.40759, 227.41832, 247.88199, 229.90018, 218.42661, 232.492, 189.65242, 209.09445, 291.2594, 211.45697, 261.54504, 213.67743, 232.24791, 216.59975, 203.32803;
  324.99588, 314.48117, 331.69592, 288.25244, 338.32553, 261.27759, 345.44147, 233.16716, 315.12646, 296.88654, 321.63141, 270.39722, 328.19788, 242.90718, 334.80551, 214.71461, 299.11411, 305.71533, 305.08142, 279.45825, 311.5, 252.5, 317.96295, 224.85185, 289.237, 288.07904, 295.39481, 261.57623, 301.5, 234.5, 307.90042, 206.65535, 273.879, 297.034, 279.24295, 270.68805, 285.22702, 243.98775, 291.5, 216.5, 264.1738, 279.67538, 269.93414, 253.31587, 275.85083, 226.37794, 281.82748, 198.70544, 249.03984, 288.09738, 254.52028, 262.2153, 260.19476, 235.81372, 266.09274, 208.78728, 239.56168, 271.00522, 245.04951, 245.08331, 250.54227, 218.44662, 256.20154, 191.12933, 224.76382, 279.8378, 230.03333, 254.05777, 235.28903, 227.81371, 241, 201, 215.7887, 262.83636, 220.46564, 236.99821, 226.23984, 210.86736, 231.68254, 183.9247, 201.76466, 271.44244, 206.54131, 246.01137, 211.51985, 219.99701, 216.82423, 193.75099;
  274.59979, 304.68747, 275.9859, 276.13388, 277.43555, 246.74971, 278.77338, 217.3943, 264.27838, 287.6315, 265.4162, 259.13892, 266.85928, 230.15144, 268.2533, 200.62253, 252.87381, 298.79868, 253.84358, 270.98779, 255.13071, 242.43188, 256.44583, 213.58189, 242.99147, 282.18854, 244.14041, 254.36266, 245.04047, 226.18973, 245.91985, 197.5, 232.27171, 293.09457, 233.1938, 266.06793, 233.9684, 238.36858, 235.13106, 210.28412, 222.89383, 277.03818, 223.93031, 250.13643, 224.5023, 222.60202, 225.52797, 194.92491, 212.9707, 287.974, 213.44698, 261.35916, 214.09621, 234.59538, 215.36156, 207.12534, 203.72586, 272.4664, 204.34003, 246.08549, 205.16292, 219.21529, 206.43544, 192.20485, 194.47495, 282.9657, 194.84036, 257.11011, 195.45236, 231.1187, 196.54807, 204.2108, 185.62463, 267.88065, 186.18753, 242.15546, 186.64081, 216.16087, 188.00368, 189.67577, 176.88512, 278.31125, 177.28391, 252.82838, 177.71835, 227.59486, 178.73012, 201.70807;
  338.767, 305.34952, 339.94586, 274.46204, 340.9827, 243.18724, 342.06622, 211.91669, 324.08002, 290, 324.95364, 258.89929, 326.07388, 227.18579, 327.17679, 195.80763, 308.0477, 305.53177, 308.90146, 274.09854, 309.9147, 242.8696, 311.13391, 211.18658, 292.97504, 289.98096, 293.87613, 258.12387, 294.91827, 226.842, 296.1369, 194.84984, 276.91016, 305.3111, 277.54599, 274.04034, 278.71857, 242.15331, 279.83112, 210.5, 261.48605, 289.58466, 262.54599, 258.04034, 263.31503, 225.92201, 264.61362, 193.85158, 245.48196, 305.51804, 246.11873, 273.77713, 246.89345, 241.80122, 248.34068, 209.71068, 229.87949, 289.35675, 230.69571, 257.49554, 231.67305, 225.67305, 232.75797, 193.28642, 213.94453, 305.06845, 214.55783, 273.40213, 215.18579, 241.61493, 216.55765, 209, 198.64444, 289.38971, 199.03235, 257.28336, 200.03975, 225.02608, 201.22505, 192.86559, 182.94633, 305.00308, 183.09785, 273.08557, 183.70323, 241.10823, 184.89629, 208.57213;
  343, 307, 345.43207, 275.64066, 348.03159, 245.01399, 350.23587, 213.27216, 329.00214, 290.83704, 331.51254, 259.23676, 333.9187, 228.02089, 336.39658, 196.28111, 312.38345, 305.47641, 314.67053, 274.12918, 317.06079, 242.8421, 319.78632, 211.01797, 297.82321, 289.01874, 300.14063, 257.76773, 302.80133, 225.98158, 305.31027, 193.92513, 281.07108, 304.14011, 283.40213, 272.55783, 285.76456, 240.97116, 288.59802, 208.91075, 266.6272, 287.59561, 269.04218, 255.75101, 271.51962, 223.69582, 273.99539, 191.71742, 249.90804, 302.41205, 251.96304, 270.78564, 254.32228, 238.88391, 256.72443, 206.72441, 235.09816, 285.86111, 237.16284, 253.78368, 239.61224, 221.66234, 242.31711, 189.61855, 218.21855, 301.00241, 220.2789, 269.04114, 222.66035, 236.79936, 225.18079, 204.69725, 203.5, 284.22513, 205.50519, 251.9511, 207.93756, 219.73112, 210.69324, 187.33344, 186.89598, 299.2814, 188.6422, 267.3898, 190.63306, 235.10663, 193.35814, 202.56894;
  387.40024, 290.8093, 389.29608, 256.61218, 391.23035, 222.42552, 392.44586, 189.05058, 371.4595, 272.87894, 373.18494, 238.41064, 374.97437, 205.07191, 376.44254, 171.95746, 353.33258, 289.33615, 355.50116, 254.85667, 357.23383, 221.02406, 358.72986, 187.58336, 337.40948, 271.09888, 339.36697, 237.14983, 341.37537, 203.58052, 343.10867, 170.48239, 319.41769, 287.41769, 321.45941, 253.36674, 323.5069, 219.6611, 325.49268, 186.49268, 303.45621, 269.54532, 305.67307, 235.67305, 307.84546, 202.56061, 309.83112, 169.5, 285.68057, 285.70782, 288.05984, 251.59029, 290.16449, 218.5993, 292.41592, 185.6328, 270.30145, 267.60257, 272.59814, 234.38377, 274.55002, 201.27534, 277.20572, 168.79428, 252.70105, 283.45706, 255.03268, 250.18779, 257.62204, 217.13489, 260.08603, 184.9424, 237.95468, 265.91956, 240.27129, 232.99197, 242.65022, 200.34978, 245.17429, 168.17328, 220.70801, 281.59634, 223.11818, 248.6834, 225.36732, 216.05693, 228.04732, 183.95268]
