image_Width 1280
image_Height 720
board_Width 4
board_Height 11
square_Size 24.8
Camera_Matrix[981.4133957466031, 0, 647.9020218215206;
  0, 984.690005148679, 339.4199231227228;
  0, 0, 1]
Distortion_Coefficients[-0.01191446967263763;
  0.04001714337864244;
  0;
  0;
  -0.1065246154982559]
Avg_Reprojection_Error 0.260764
Per_View_Reprojection_Errors[0.14002319;
  0.2633853;
  0.24987906;
  0.20952153;
  0.21131094;
  0.23440219;
  0.20024551;
  0.21268485;
  0.19673771;
  0.25448135;
  0.23532507;
  0.19448368;
  0.20315285;
  0.2123464;
  0.2178313;
  0.17825441;
  0.21552342;
  0.2473305;
  0.21073851;
  0.37336665;
  0.38037536;
  0.23961285;
  0.27333829;
  0.47222874;
  0.47703889;
  0.3534956;
  0.23765601;
  0.36727783;
  0.19020607;
  0.22878452;
  0.24697256;
  0.2567865;
  0.23012705;
  0.20071906;
  0.22766887;
  0.20854807;
  0.23101704;
  0.25059289;
  0.179094;
  0.28596061;
  0.27481747;
  0.25791031;
  0.31111231;
  0.41292706;
  0.33565789;
  0.18699692;
  0.18423046;
  0.19006823;
  0.16491278;
  0.18429647]
Extrinsic_Parameters[-0.03152093881655152, -0.03115950141025082, 1.586182026266179, 111.8434531268726, -65.07273670553657, 700.4803712300466;
  -0.01250121052377124, 0.05208899403841666, 1.564493794898141, 67.99411815208069, -85.0097840076027, 785.021475188898;
  0.006628110771533783, 0.1638180966045722, 1.521853318368653, 9.406656382984586, -88.30647796159913, 870.7924056860429;
  0.0009594554028877345, -0.2389750149425751, 1.551855080798817, -57.46689012979415, -114.4437622811163, 845.4124208141683;
  -0.1994766726076117, 0.07114417161487929, 1.507816963330077, -9.957402628388413, -85.20743068736017, 911.5793396516182;
  0.2843026133256275, 0.02835340505286511, 1.737876078778839, 165.2199329077699, -118.476972465125, 1062.734806205584;
  0.1689969476833808, -0.5987028530711952, 1.693236803667575, 37.78562383818792, -156.3370820720978, 982.1830010537017;
  -0.07008223639364142, 0.1194430275537742, 1.562381962110204, -203.8914355858897, -126.1866118182662, 988.6566010319471;
  -0.02632845702605171, 0.06922700635191877, 1.565259384614506, -208.9175896246689, -119.9664561666293, 974.3761048344583;
  -0.3772371363545313, -0.09163801463780713, 1.496926517015255, -245.1256758265366, 0.6626175238115266, 958.1586707683805;
  -0.4223784463116663, -0.005601462334909754, 1.474761413959255, -232.0059130678391, 6.941606605540271, 975.4546443583147;
  -0.26984313002304, 0.5571372878422265, 1.594562806852018, -26.16586135856592, 67.1689098583294, 1003.603653240097;
  -0.03990289562489974, 0.3557130097260378, 1.717781115191771, 52.43470944359175, 66.74492280355668, 1000.487026366023;
  0.288881967165928, -0.05808945599109978, 1.678340210810857, 464.1619317239839, 118.579164674641, 1020.304144502692;
  0.02898862346761541, 0.6616535226703222, 1.661296904838919, 610.3871789594949, 62.75277676927018, 1029.853149362692;
  0.3610764505689332, 0.3432625480022509, 1.542878153421043, 479.4882487579135, -199.406915021051, 1006.216385242302;
  0.3213565362850357, 0.4803504672161457, 1.649072738234896, 439.9737203103801, -270.033165042841, 988.0604113821338;
  -0.1799746069653782, -0.1816317858956805, 1.017475245600915, -109.2373068121383, -103.6695267426118, 910.8573770878047;
  -0.1948413212679599, -0.1898921740611714, 0.9235764303853778, -130.5921743845268, -77.30326982541003, 918.4020626573694;
  -0.2758397173253149, -0.1628863084499953, 0.7270963447742337, -170.4222092342413, -72.28142908030837, 941.8097265933468;
  -0.2607790441184066, -0.1621488748555231, 0.5300542944242357, -192.9577738633985, -75.88437943494907, 938.2114744054629;
  -0.3711847625878352, 0.01252714531598801, 1.380806812676994, -166.7146546042435, -122.7098518457104, 993.9896742745435;
  -0.3896981172021844, -0.01992261951569445, 1.655828128022638, -161.572267090487, -79.71527476808332, 989.0726526971802;
  -0.3530904586380171, -0.308316342457033, 2.32059536741397, -125.8855681085077, 18.91603743526508, 946.11515625059;
  -0.3303207920815415, -0.5798670991867964, 1.800978454164818, -176.3378352372558, -82.29274398139803, 890.2511771851064;
  -0.5168864475890396, -0.4546923755204426, 1.619317689496864, -239.7179593998697, -133.1762552447725, 919.3882596174135;
  -0.5656870992756607, -0.4162773547710468, 1.583693673554049, -252.5690060025301, -142.649992994977, 928.2048101990225;
  -0.04828290306451925, -0.5009625909385856, 1.538866189883518, -166.0681787322394, -262.628186040578, 898.3221840219297;
  0.1088987453828065, -0.6239880276564203, 1.538640923401716, -149.5836326316132, -215.1683227758832, 873.2123951767368;
  -0.1581713945785862, -0.1494104726377639, 1.71699349713203, -202.9248443787594, -65.19532304011182, 888.9125513501929;
  -0.2158189250422276, -0.1543088384722576, 1.696209186288884, -210.5966711293266, -57.83095313665594, 895.7858467989;
  -0.4539733699941127, -0.2055053808521571, 1.571564221870972, -234.6656747582035, -29.83066201451186, 929.1506130366257;
  -0.581095252544688, -0.1826384246005707, 1.476223624483074, -242.7910523390384, -13.13095918562605, 941.3738674423418;
  -0.5390893347101896, -0.1929516968404535, 1.404379533640591, -156.379945741738, 45.34867513126768, 933.4293235295174;
  -0.384012112416034, -0.07511870290189363, 1.396874653264643, 61.5691628788643, 131.4163396548318, 951.448928764999;
  -0.4164732237298961, -0.01171086374584134, 1.369883567113637, 82.11849233086586, 122.8582949077226, 975.571623683692;
  -0.1624489416308049, -0.01804265157743797, 1.951502560872219, 165.2682613655231, 129.8865488729907, 980.5072198942253;
  -0.02546998729994248, -0.5210510403443848, 1.73593802286215, 112.1778073101051, -23.42598008062117, 1063.539789409931;
  -0.5352592125392567, -0.2445451882028153, 1.330502489317338, -98.44694768644548, -88.62937886948355, 859.3178727355428;
  -0.3756709421267347, -0.1061715209408239, 1.410704904962169, -30.25350961297331, -94.57026440041196, 755.2766183516756;
  -0.3361947630343928, -0.07895422042699646, 1.425077548753288, -16.9844733343579, -95.82607002854343, 733.9328183422111;
  -0.2597731689884591, -0.03482171006643425, 1.449282100497963, 2.395252577861362, -97.68680154011288, 697.0915965422894;
  -0.2223943468456073, -0.01340435448596864, 1.46314409741223, 10.44750693617491, -96.13979015701534, 681.5311138730343;
  -0.1096949457732334, 0.05867934193848797, 1.504676029696551, 32.18201155810929, -83.67512735654971, 640.3188661042103;
  0.004559145915227078, 0.1525117394153873, 1.526584371518302, 49.55693316942588, -74.24538074291786, 607.6692628839846;
  0.1352875943508863, 0.09250191844601327, 1.694448039430351, 101.325679097388, -68.52972155543004, 569.9160076369276;
  -0.1788797772199888, -0.04690255123169312, 1.449041960555946, -113.3726073291408, -115.5628253679426, 888.0801092248875;
  0.02552786599786695, 0.05075835321707842, 1.486899519598179, -106.2808716451937, -109.1699342214114, 947.3468159356967;
  0.04407325567012857, 0.06050770780093822, 1.50434238173306, -101.4994950131293, -114.8896832314286, 961.4046846534526;
  0.03318666074939188, 0.06733151000089604, 1.506784052550466, -96.51384944075174, -119.3205693046515, 968.7334001283209]
Image_points[804.48138, 247.963, 803.54846, 317.69418, 802.55157, 387.30347, 801.2392, 457.01776, 769.38989, 282.22202, 768.3363, 351.8609, 767.27271, 421.69989, 765.97565, 491.81088, 735.4104, 246.47501, 734.30634, 316.67108, 733.24261, 386.30209, 732.10986, 456.29395, 700.24854, 281.05206, 699.10345, 350.90366, 698.00348, 420.81223, 696.85895, 491.18051, 665.95361, 245.18079, 664.76904, 315.4675, 663.69061, 385.42682, 662.56769, 455.53104, 630.40918, 279.74634, 629.31897, 349.90231, 628.2547, 420.03094, 627.07318, 490.38272, 595.77466, 243.80672, 594.98425, 314.22357, 593.71478, 384.38129, 592.72534, 454.66495, 560.00873, 278.42722, 559.05066, 348.7774, 557.93262, 419.11331, 556.74963, 489.77676, 525.47443, 242.43054, 524.39063, 313.07217, 523.25531, 383.33792, 522.19873, 453.93695, 489.75278, 277.22861, 488.63599, 347.806, 487.57803, 418.19193, 486.42468, 489.05304, 454.70154, 241.14899, 453.73737, 311.92621, 452.70425, 382.51831, 451.59714, 453.19437;
  733.20007, 232.53206, 733.4881, 294.57843, 733.83984, 356.99603, 734.09937, 419.61652, 702.25171, 264.05701, 702.45197, 326.15585, 702.92065, 388.31439, 702.79858, 451.39917, 671.24011, 233.16019, 671.3869, 295.35675, 671.68481, 357.39853, 671.8288, 420.14481, 640.41876, 264.45959, 640.3819, 326.49628, 640.586, 388.88113, 640.75189, 451.7915, 609.29346, 233.81308, 609.45178, 295.93906, 609.59485, 357.87411, 609.69604, 420.51266, 578.54138, 265.15967, 578.51141, 327.16272, 578.60199, 389.33896, 578.67041, 452.14633, 547.65417, 234.39792, 547.70874, 296.39612, 547.74103, 358.33917, 547.66058, 420.76523, 516.59668, 265.8269, 516.88599, 327.57867, 516.73315, 389.77203, 516.64972, 452.40134, 486.06299, 235.07098, 486.01779, 296.89685, 485.78232, 358.83951, 485.87943, 421.00974, 455.44101, 266.22107, 455.0621, 327.9335, 454.93994, 389.94922, 454.87714, 452.6618, 424.78094, 235.35399, 424.75986, 297.3269, 424.47995, 359.17007, 423.97293, 421.48331;
  658.94293, 239.4807, 660.98145, 294.92993, 663.00238, 350.99817, 665.21265, 407.86078, 632.30927, 268.87018, 633.92523, 324.41119, 635.94666, 380.65198, 638.00262, 437.70129, 603.70721, 242.94952, 605.45221, 298.4411, 607.21124, 353.96756, 609.00104, 410.43167, 576.81201, 272.32587, 578.87671, 327.59607, 580.43738, 383.20425, 582.07288, 440.02835, 548.94733, 246.32584, 550.56671, 301.50974, 552.11444, 356.74246, 553.57324, 412.85806, 522.63165, 275.4729, 524.13568, 330.48065, 525.45642, 386.02899, 526.73761, 442.30823, 494.71292, 249.60445, 496.11963, 304.59903, 497.50104, 359.64267, 498.87326, 415.38525, 468.49442, 278.54138, 469.77441, 333.33948, 471.0968, 388.62698, 472.17551, 444.68582, 441.33505, 253.10788, 442.57901, 307.57288, 443.55402, 362.36917, 444.78036, 417.58157, 415.44604, 281.84503, 416.35559, 336.1402, 417.54483, 391.22284, 418.5708, 446.88611, 388.69803, 256.41077, 389.64166, 310.52869, 390.39755, 364.94528, 391.41495, 420.09961;
  581.28064, 206.06122, 581.97559, 263.95721, 582.54828, 320.4581, 583.15302, 376.24033, 552.83124, 235.40001, 553.75269, 292.7952, 554.50366, 349.18692, 555.48492, 404.92365, 523.28888, 206.30341, 524.43561, 264.69543, 525.79047, 321.62543, 526.64124, 378.06503, 494.59293, 235.96028, 496.08173, 293.7446, 497.39716, 350.60117, 498.57874, 407.00308, 464.19693, 206.77261, 466.08646, 265.46417, 467.6106, 322.98599, 469.34192, 379.72217, 435.3736, 236.62538, 437.29373, 294.77182, 439.25833, 352.13776, 440.99072, 408.80515, 404.13611, 207.16655, 406.41016, 266.12769, 408.63168, 324.03015, 410.76691, 381.42368, 374.93127, 237.23531, 377.36703, 295.92685, 379.93481, 353.67926, 382.20676, 410.78311, 343.0394, 207.30014, 345.90561, 267.13382, 348.60379, 325.39716, 351.30774, 383.0611, 313.76501, 237.61783, 316.7681, 296.81635, 319.75287, 355.04907, 322.64865, 412.5903, 281.17352, 207.71553, 284.42291, 267.74319, 287.75607, 326.69275, 290.9256, 384.73676;
  637.13287, 247.53236, 640.60101, 299.65762, 644.25134, 352.85275, 647.79138, 407.58514, 611.98956, 274.68112, 615.36444, 327.4982, 618.58997, 381.55835, 621.87573, 436.90985, 583.80029, 249.76552, 586.59198, 302.31137, 589.55231, 355.76257, 592.5545, 410.55286, 557.99011, 277.13403, 560.82275, 330.19742, 563.70709, 384.43802, 566.30518, 439.96747, 529.58606, 252.04494, 532.06482, 304.88977, 534.80359, 358.55945, 537.11328, 413.51956, 503.67459, 279.41318, 505.94589, 332.90494, 507.98575, 387.33429, 510.45468, 443.12152, 475.10437, 254.21519, 477.17273, 307.46606, 479.15991, 361.39658, 481.29263, 416.7225, 448.69391, 281.95218, 450.43408, 335.57321, 451.96906, 390.34927, 453.84213, 446.51294, 420.16916, 256.47504, 421.80496, 310.23987, 423.22281, 364.13846, 424.78583, 419.8255, 393.47604, 284.53955, 394.59122, 338.47644, 395.79926, 393.29684, 396.96381, 449.5892, 364.89279, 259.29211, 366.08481, 312.78464, 367.04877, 367.0798, 367.85303, 422.92422;
  800.9502, 229.45213, 792.30133, 274.88492, 783.89862, 319.11148, 775.63525, 363.06186, 773.94678, 248.42737, 765.6955, 293.01663, 757.46442, 336.94623, 749.47827, 380.26883, 755.67358, 221.83769, 747.51434, 266.72217, 739.48779, 310.85165, 731.63794, 354.44394, 729.2312, 240.66496, 721.54388, 285.03159, 713.56537, 328.62302, 706.21826, 371.76865, 711.01868, 214.40685, 703.36963, 259.05612, 695.83008, 303.03372, 688.50781, 345.8187, 685.21503, 233.1272, 677.77332, 276.90298, 670.63202, 320.39468, 663.44989, 363.01382, 667.16974, 206.85585, 660.01678, 251.42484, 652.99213, 294.66422, 645.8407, 337.54871, 642.05542, 225.56184, 635.02441, 269.26801, 628.46924, 312.20624, 621.5993, 354.66101, 624.22626, 199.57127, 617.39056, 243.85175, 610.63025, 286.74445, 604.46063, 329.20758, 599.69501, 218.30786, 593.34888, 261.48318, 586.84167, 304.10284, 580.63464, 346.3782, 582.0791, 192.47934, 575.8299, 236.19907, 569.46515, 279.19946, 563.33972, 321.41434;
  685.4353, 182.4606, 674.12939, 228.29546, 663.29602, 272.5242, 652.68793, 314.86252, 656.44501, 202.34239, 645.77509, 248.09285, 635.38599, 291.34543, 625.4292, 333.00922, 638.29718, 175.46019, 627.61639, 222.1673, 617.63031, 266.99429, 607.68164, 310.12601, 609.22717, 195.57547, 599.11719, 241.87105, 589.53174, 286.17514, 580.46014, 328.78119, 589.85986, 168.40424, 579.89685, 215.87593, 570.5249, 261.3049, 561.85004, 305.00549, 560.01453, 188.81586, 550.8725, 235.60193, 542.42053, 280.61841, 534.14532, 323.76764, 539.55829, 160.95789, 530.70453, 209.49757, 522.50403, 255.40102, 514.27832, 299.7876, 509.5144, 181.63354, 501.45557, 229.33266, 493.78781, 274.94806, 486.41089, 318.88345, 487.59793, 152.9402, 479.87686, 202.35347, 472.65936, 249.32744, 465.17242, 294.49936, 457.53506, 174.03041, 450.38687, 222.71239, 443.95859, 269.20538, 437.06778, 313.65228, 434.29886, 144.5387, 427.68695, 194.98209, 421.33331, 243.06207, 415.24326, 288.86847;
  445.51569, 213.97119, 444.44791, 262.41901, 443.28522, 311.23553, 442.39529, 360.97147, 420.59839, 238.4846, 419.3222, 286.95245, 418.04391, 336.34415, 417.00159, 386.78564, 396.80978, 214.60747, 395.62225, 262.93155, 394.26096, 311.67459, 393.01526, 361.52371, 372.11456, 239.0434, 370.44794, 287.54349, 368.87241, 336.79568, 367.26697, 387.0054, 348.48196, 215.36967, 346.9678, 263.47531, 345.1774, 312.26233, 343.3931, 362.13882, 323.30505, 239.38446, 321.44296, 288.04489, 319.73416, 337.24548, 317.81186, 387.20221, 299.75357, 215.59891, 298.07214, 263.84592, 296.15656, 312.71875, 294.12778, 362.32626, 274.56537, 239.81116, 272.65979, 288.57126, 270.45261, 337.64496, 268.44931, 387.86594, 251.47829, 216.19507, 249.56384, 264.43747, 247.15239, 313.31671, 245.19893, 362.96964, 226.61572, 240.58444, 224.091, 288.93228, 221.68358, 337.99329, 219.51178, 388.11679, 203.78542, 216.65173, 201.26912, 265.00494, 198.63696, 313.68961, 196.28975, 363.2543;
  437.4093, 218.47891, 436.86917, 268.15268, 436.4671, 318.02493, 436.14484, 368.41763, 412.45776, 243.4532, 411.91928, 293.20444, 411.55084, 343.17511, 410.9205, 394.0603, 388.22662, 218.83466, 387.46866, 268.50671, 386.85538, 318.11169, 386.18292, 368.97269, 363.14407, 243.84171, 362.47876, 293.53748, 361.84177, 343.60849, 361.14606, 394.21539, 339.07074, 219.34279, 338.02908, 268.91565, 337.22787, 318.56168, 336.45416, 368.9765, 313.81683, 244.08057, 312.96857, 294.04855, 312.06601, 343.96213, 311.17691, 394.66724, 289.58441, 219.67348, 288.6376, 269.08356, 287.81467, 318.96237, 286.79382, 369.23233, 264.33865, 244.49638, 263.40411, 294.17056, 262.55032, 344.02542, 261.56543, 394.99689, 240.6658, 220.15686, 239.42441, 269.53705, 238.38124, 319.21674, 237.43777, 369.70605, 215.61969, 245.02332, 214.35481, 294.58215, 213.28627, 344.61719, 212.39966, 395.08017, 191.93996, 220.63753, 190.5191, 269.93735, 189.35287, 319.73486, 188.10596, 369.81192;
  396.96368, 340.30331, 399.15265, 390.53104, 401.26282, 441.82938, 403.38693, 494.24707, 371.55008, 366.28711, 373.41571, 417.51663, 375.20166, 469.67621, 377.46829, 523.23413, 343.76584, 341.7598, 345.4249, 392.98547, 347.03107, 445.06271, 348.6601, 498.24118, 317.33755, 368.21967, 318.78369, 420.35971, 320.04553, 473.22922, 321.6297, 527.62537, 288.99045, 343.07596, 290.09064, 395.29639, 291.09039, 448.15366, 292.54468, 502.21198, 261.35767, 370.03421, 262.37442, 422.81845, 263.30444, 476.83102, 264.37582, 532.10583, 232.5233, 344.52771, 233.16592, 397.52216, 233.64294, 451.16586, 234.40651, 506.401, 203.5493, 372.07492, 204.09937, 425.54526, 204.5164, 480.60046, 204.90593, 536.87927, 174.2635, 346.35831, 174.4539, 400.05551, 174.53929, 454.59415, 174.65958, 510.52216, 144.46642, 374.06879, 144.41357, 428.69534, 144.18005, 484.11383, 144.23845, 541.58929, 114.64411, 347.79395, 114.12563, 402.62915, 113.80064, 457.97827, 113.35118, 514.63275;
  414.90314, 346.60516, 417.35907, 395.20654, 419.80856, 445.23947, 422.68771, 496.79214, 390.04636, 371.92877, 392.28198, 421.74161, 394.59314, 472.81815, 397.07669, 525.6886, 362.79797, 348.53165, 364.61282, 398.01297, 366.65164, 448.71957, 368.66339, 501.26059, 337.1716, 374.33325, 338.65521, 424.88651, 340.19604, 476.58774, 342.07394, 530.28528, 309.1922, 350.4483, 310.59839, 400.87103, 311.87637, 452.30731, 313.21439, 505.36572, 282.3353, 376.77023, 283.19742, 427.90085, 284.34698, 480.61856, 285.36969, 535.0625, 254.22757, 352.35156, 254.94803, 403.58713, 255.60403, 455.86285, 256.10278, 509.82758, 226.38959, 379.09659, 226.59177, 431.41827, 226.68205, 484.65311, 226.98447, 540.03088, 197.61909, 354.65671, 197.6181, 406.54745, 197.58212, 459.51651, 197.47888, 514.29773, 169.06848, 381.74176, 168.44319, 434.49271, 167.86133, 488.85675, 167.27968, 545.16907, 140.25362, 356.97302, 139.43431, 409.62985, 138.2529, 463.34915, 137.28056, 518.95062;
  622.24628, 405.38211, 615.92957, 449.88937, 609.6106, 496.79196, 602.92493, 546.71289, 595.43268, 426.58038, 588.3241, 472.06094, 581.39551, 519.95294, 573.87335, 570.92725, 575.18726, 403.79178, 568.45453, 447.98016, 560.45483, 494.58868, 552.67816, 543.42206, 548.57373, 425.01868, 540.42603, 469.94955, 532.27289, 517.28027, 523.30048, 567.29504, 529.22864, 402.43976, 521.05963, 446.24829, 512.58374, 492.04648, 503.33398, 540.47742, 502.31192, 423.20789, 493.4664, 468.0925, 483.92633, 514.54199, 473.86667, 564.05072, 484.08755, 400.72476, 474.82977, 444.37247, 465.39264, 489.65677, 454.84515, 537.51727, 457.02692, 421.46643, 447.00446, 465.60101, 436.46973, 511.85416, 425.23792, 560.98883, 439.62546, 399.42322, 429.46405, 442.46109, 418.63193, 487.18289, 407.4744, 534.51416, 412.61258, 419.94925, 401.7084, 463.59702, 389.96628, 509.25067, 377.81216, 557.82684, 396.2153, 398.1424, 385.17746, 440.6777, 373.39606, 484.9516, 361.08173, 531.80548;
  699.25952, 405.2439, 690.63544, 453.16391, 682.20557, 502.04865, 673.48456, 552.34644, 671.28528, 425.2124, 662.41571, 473.37405, 653.68823, 522.64569, 644.7514, 573.45538, 652.10406, 398.23093, 643.41486, 445.35486, 634.45544, 493.75137, 625.25873, 543.37671, 624.37213, 417.96985, 615.34338, 465.22345, 606.13177, 514.00519, 596.50568, 564.08716, 605.99469, 391.03549, 596.72894, 437.47882, 587.66827, 485.40143, 577.93176, 534.52203, 578.90155, 410.50504, 569.16534, 457.52997, 559.35742, 505.64282, 549.45776, 555.02924, 560.75275, 383.96011, 551.13843, 430.3233, 541.35944, 477.35364, 531.38812, 526.10272, 533.58795, 403.478, 523.78375, 449.7009, 513.56097, 497.38422, 503.03574, 546.13654, 516.57666, 377.21234, 506.61859, 422.96051, 496.22162, 469.64267, 485.71484, 517.54395, 489.89432, 396.50815, 479.26102, 442.26059, 469.01324, 489.33444, 458.06555, 537.7403, 473.17859, 370.90985, 462.70541, 415.82358, 452.09546, 461.96451, 441.30765, 509.30078;
  1093.1737, 453.71747, 1083.9073, 498.36124, 1074.7346, 541.77325, 1065.3656, 584.36676, 1064.2697, 472.83826, 1055.0061, 516.53851, 1046.2981, 559.47363, 1037.4938, 601.76764, 1044.4237, 446.99573, 1035.3922, 491.09509, 1026.6588, 534.47571, 1018.2095, 577.18378, 1015.5934, 465.66617, 1007.3477, 509.40295, 998.83374, 552.31152, 990.53595, 594.42212, 995.87872, 440.09988, 987.49866, 484.31696, 979.47406, 527.4386, 971.32532, 569.55164, 967.70313, 458.77457, 959.59491, 502.33475, 951.99152, 545.20441, 944.17316, 587.23895, 947.92877, 433.23148, 940.20734, 477.2789, 932.49878, 520.35846, 924.86304, 562.44977, 920.07172, 451.93466, 912.97205, 495.34897, 905.25073, 537.91327, 898.16644, 579.68359, 900.08014, 426.16553, 892.83765, 470.27234, 885.89526, 513.16754, 878.90088, 555.22137, 873.03967, 445.03482, 866.06512, 488.36508, 859.5542, 530.60284, 852.82959, 572.40289, 853.15161, 419.49878, 846.591, 463.13107, 839.94, 506.09402, 833.26062, 548.23138;
  1227.4242, 399.60394, 1226.5797, 444.16556, 1225.6101, 490.22162, 1224.7496, 538.07788, 1200.1874, 419.56174, 1199.0632, 464.56985, 1197.6746, 511.1481, 1196.1514, 559.47845, 1174.8588, 395.79016, 1173.0166, 439.82501, 1171.4642, 485.02423, 1169.7744, 532.07904, 1148.0186, 415.65118, 1146.1249, 460.05673, 1144.079, 505.49731, 1141.5739, 552.48474, 1123.8975, 392.5015, 1121.5502, 435.50125, 1119.0398, 479.90656, 1116.5642, 525.83795, 1097.7587, 411.96548, 1094.7202, 455.16522, 1092.2649, 499.72305, 1089.2407, 545.9353, 1074.6947, 389.07111, 1071.568, 431.48346, 1068.6493, 474.66684, 1065.1277, 519.87872, 1049.089, 408.15762, 1045.4872, 450.66168, 1042.1326, 494.38168, 1038.4983, 539.87457, 1027.3521, 385.87549, 1023.3843, 427.22101, 1019.629, 469.87769, 1015.7445, 513.85925, 1002.2126, 404.91876, 998.10132, 446.37347, 994.11243, 489.0777, 989.75922, 533.7981, 981.47412, 383.00461, 977.12024, 423.68759, 972.93158, 465.36142, 968.46967, 508.51331;
  1114.6748, 144.8441, 1114.4597, 193.23636, 1114.3232, 241.5407, 1114.3666, 289.99176, 1088.0845, 170.67784, 1087.9779, 218.76378, 1087.9193, 266.4866, 1087.8367, 314.64462, 1062.3784, 148.61896, 1062.1591, 196.13344, 1062.1968, 243.39293, 1062.0828, 291.08746, 1036.9968, 174.06969, 1037.0001, 220.96849, 1036.7593, 267.7464, 1037.0173, 314.79913, 1012.1965, 152.25125, 1012.1713, 198.86967, 1012.1572, 245.13272, 1012.1223, 291.66339, 988.02502, 177.04672, 987.78778, 223.05724, 987.76862, 269.11359, 987.60583, 315.12708, 964.01379, 155.85129, 963.91351, 201.51291, 963.96411, 246.89322, 963.56604, 292.20447, 940.49487, 179.97585, 940.63245, 225.23752, 940.57141, 270.14142, 940.31555, 315.66812, 917.74731, 159.25266, 917.60687, 204.09981, 917.93658, 248.69623, 917.73438, 293.16641, 895.44464, 183.04375, 895.40002, 227.35698, 895.38831, 271.45248, 895.31055, 315.74637, 873.21356, 162.58289, 873.43842, 206.49165, 873.492, 250.10426, 873.50763, 293.84485;
  1083.504, 71.250641, 1078.4814, 118.76373, 1073.4602, 166.88167, 1068.5448, 215.91176, 1054.8455, 95.855141, 1049.5972, 143.03725, 1044.5748, 191.07024, 1039.5942, 239.64934, 1031.9044, 73.132538, 1026.7644, 119.86684, 1021.4767, 166.95229, 1016.4322, 214.6109, 1004.4215, 97.150497, 999.16943, 143.63097, 993.80035, 190.51231, 988.48193, 237.67639, 982.42523, 74.936539, 977.1601, 120.98567, 971.78198, 166.91743, 966.50623, 213.45038, 955.65778, 98.53936, 950.5658, 143.89618, 945.21893, 189.56331, 939.52533, 236.03424, 935.07587, 76.619469, 929.59259, 121.77655, 924.42218, 166.60025, 918.96118, 212.08917, 909.45538, 99.969833, 904.02747, 144.23741, 898.51398, 189.0993, 893.05151, 234.27957, 889.78198, 78.8554, 884.4436, 122.58282, 878.9267, 166.58127, 873.44348, 210.98915, 865.3537, 101.43531, 859.61591, 144.78972, 854.12762, 188.48354, 848.8526, 232.85297, 846.45972, 80.889297, 841.10071, 123.60403, 835.48236, 166.59808, 829.97198, 210.13557;
  530.3891, 227.53151, 558.05389, 273.30688, 585.50653, 318.98584, 612.65472, 364.6149, 521.32019, 263.67334, 549.04108, 309.74512, 576.68341, 355.69907, 604.19153, 401.55054, 484.01236, 253.60834, 512.17029, 300.27084, 540.28912, 346.5853, 568.00165, 392.54449, 474.80954, 290.61383, 503.29395, 337.34317, 531.34113, 383.55054, 559.3725, 429.9751, 436.92889, 280.83743, 465.5437, 328.05823, 494.05078, 374.64749, 522.24945, 421.21561, 427.08817, 318.52466, 455.94055, 365.55698, 484.48398, 412.55469, 513.2583, 459.10529, 388.12927, 308.62457, 417.44931, 356.17554, 446.29977, 403.51523, 475.27966, 450.66806, 378.22302, 346.88071, 407.47229, 394.86691, 436.8107, 442.02737, 465.966, 489.34308, 338.29684, 337.25839, 368.10977, 385.63144, 397.67047, 433.30154, 427.04517, 480.8071, 328.48322, 376.08478, 358.01276, 424.43051, 387.75629, 472.38974, 417.60449, 520.20154, 287.40823, 366.44846, 317.77142, 415.50662, 348.01749, 463.65628, 377.85641, 511.81079;
  508.60544, 256.83466, 540.21417, 299.52744, 571.41058, 342.22491, 602.69818, 384.50204, 502.87772, 293.46768, 534.46582, 336.57294, 566.3288, 379.05591, 597.67084, 421.47153, 465.19458, 287.1456, 497.43509, 330.50107, 529.45282, 373.49503, 561.0235, 416.28833, 459.47269, 324.56274, 491.74152, 368.04156, 524.02167, 410.95737, 556.1095, 453.76208, 420.72903, 318.38708, 453.60562, 362.38696, 486.29694, 405.668, 518.55328, 448.80539, 414.7124, 356.58093, 447.69986, 400.40457, 480.31757, 443.82895, 513.34741, 487.05869, 374.90567, 350.6857, 408.45499, 395.16461, 441.62897, 438.82431, 474.93622, 482.33041, 368.55087, 389.60825, 402.27066, 433.92877, 435.88553, 477.89746, 469.21323, 521.48901, 327.84653, 383.81674, 362.37839, 428.85855, 396.39487, 473.02032, 430.01282, 516.87091, 321.51596, 423.49216, 356.19171, 468.09467, 390.18753, 512.41461, 424.26501, 556.50275, 280.00955, 417.83099, 314.99866, 463.36847, 349.7822, 508.07706, 384.18408, 552.33655;
  470.7326, 263.79999, 509.22552, 298.89929, 547.37537, 334.02209, 585.27155, 368.80829, 472.31897, 299.76361, 510.72116, 334.95712, 549.14349, 370.03671, 587.55707, 404.95709, 434.4313, 300.24063, 473.59781, 335.98407, 512.55029, 371.11197, 551.24438, 406.37775, 435.42337, 336.78177, 475.06894, 372.63684, 514.27264, 407.84595, 553.49048, 443.30197, 396.82526, 337.60739, 436.94376, 373.85794, 476.51517, 409.62534, 516.25244, 445.21692, 398.02649, 375.35187, 438.27673, 411.51343, 478.16785, 447.32104, 518.20404, 482.69376, 358.12976, 376.52869, 399.08099, 413.19516, 439.38034, 449.31772, 479.82944, 485.40948, 359.08261, 415.06607, 399.97125, 451.59503, 441.04941, 487.64389, 481.94193, 523.91785, 318.36972, 416.91943, 360.13687, 453.7749, 401.44473, 490.35443, 442.82202, 526.68237, 319.28351, 456.02899, 361.35321, 493.05569, 402.96078, 529.45428, 444.61786, 566.05286, 277.69092, 458.20593, 320.26328, 495.7926, 362.41708, 532.74658, 404.65424, 569.41071;
  446.14169, 259.55029, 491.47043, 286.95322, 535.85773, 314.0116, 579.97064, 341.01727, 454.84396, 294.72293, 499.96979, 321.92404, 544.6463, 348.96561, 589.06604, 376.01224, 417.58224, 302.47247, 463.55728, 330.04788, 508.9552, 357.40555, 553.81305, 384.19376, 426.41211, 338.19598, 472.44849, 365.59329, 517.89703, 392.78973, 563.26019, 419.73468, 388.45013, 346.51892, 435.32407, 374.3974, 481.32602, 401.61429, 527.06555, 428.73792, 397.0993, 383.06198, 443.99417, 410.73593, 490.42172, 437.68253, 536.54156, 464.85803, 358.25333, 391.95062, 406.06009, 419.92935, 452.97382, 447.29153, 499.64423, 474.55191, 367.12604, 429.28378, 414.80545, 457.19354, 461.93732, 484.36734, 509.1239, 511.74942, 327.47528, 439.02029, 376.06433, 466.9881, 423.8688, 494.50876, 471.36508, 521.67389, 336.40381, 476.97226, 385.19113, 504.96436, 433.10748, 532.18945, 480.95068, 559.62134, 296.00851, 487.06839, 345.39047, 515.22235, 394.02917, 542.96075, 442.60074, 570.28162;
  482.92935, 217.7778, 491.36911, 263.83569, 499.42737, 310.86197, 507.39139, 359.27063, 462.55951, 243.60973, 470.45004, 290.54004, 478.35477, 338.47891, 486.16129, 387.93585, 433.67511, 223.29063, 441.38693, 270.10855, 449.14111, 317.60162, 456.88211, 366.64676, 412.32455, 249.52878, 419.80875, 297.10297, 427.1619, 345.64984, 434.42068, 395.81302, 383.12299, 228.9783, 390.22708, 276.52698, 397.60181, 324.66208, 404.54565, 374.26761, 360.62143, 255.59006, 367.58514, 303.64395, 374.46347, 352.99048, 381.53552, 403.73413, 330.87674, 234.58255, 337.53171, 282.68738, 344.33203, 331.68988, 351.00244, 382.18936, 307.49878, 261.79602, 313.85648, 310.7637, 320.21271, 360.64899, 326.60593, 412.08145, 277.35898, 240.71225, 283.50995, 289.40567, 289.66623, 339.07669, 295.71097, 390.18744, 253.06317, 268.29947, 259.06375, 317.68909, 264.67905, 368.79761, 270.29849, 420.69031, 222.71436, 246.93031, 228.11711, 296.44745, 233.62445, 346.59793, 239.06224, 398.32724;
  487.38852, 260.00287, 482.3028, 307.58228, 476.79971, 356.06247, 470.561, 406.11017, 460.05313, 279.92407, 454.16309, 328.27341, 447.98389, 377.82657, 441.43634, 428.91147, 437.66702, 252.52951, 431.77707, 300.47549, 425.44672, 349.36279, 418.72522, 399.98123, 409.61938, 272.85614, 402.67841, 321.61621, 396.14124, 371.47348, 388.72565, 422.96384, 386.58966, 244.91049, 380.11993, 293.52487, 373.13745, 342.98267, 365.64182, 393.96011, 357.2807, 265.35083, 350.25034, 314.47137, 342.5332, 364.94217, 334.59955, 416.97345, 334.34888, 237.25751, 326.99677, 285.98547, 319.35611, 336.00659, 311.16779, 387.53082, 303.70181, 257.78958, 295.81415, 307.25974, 287.46329, 358.16577, 278.77335, 410.73032, 280.50058, 229.27721, 272.49081, 278.72635, 263.98846, 329.2226, 255.23689, 381.09122, 249.07802, 250.21802, 240.45642, 300.15286, 231.50401, 351.48535, 221.96387, 404.64911, 225.71123, 221.31743, 216.79913, 271.33206, 207.43074, 322.10162, 197.86459, 374.55316;
  517.99591, 358.61929, 481.63495, 396.23291, 444.78018, 434.62253, 407.1283, 473.64755, 481.57135, 359.79562, 444.41132, 397.97375, 406.68777, 436.69733, 368.05814, 476.46063, 481.38892, 323.09317, 443.93646, 361.03152, 406.11432, 399.62589, 367.57355, 439.00766, 443.63599, 323.8403, 405.50589, 362.34036, 366.8078, 401.40732, 327.34033, 441.54721, 443.58066, 286.41022, 405.15152, 324.59003, 366.03641, 363.57077, 326.63779, 403.31873, 405.04276, 286.61166, 365.78845, 325.3143, 325.78525, 364.87479, 285.32419, 405.38132, 404.56879, 248.30762, 365.11972, 286.94205, 325.08212, 326.08612, 284.52905, 366.21591, 364.78693, 248.11412, 324.4678, 287.15009, 283.68427, 326.87, 241.93788, 367.62296, 364.40756, 208.94664, 323.89764, 247.93999, 283.01559, 287.2894, 241.14188, 327.74118, 323.70898, 208.25475, 282.20267, 247.35432, 240.26788, 287.42001, 197.72366, 328.83862, 323.36581, 168.3479, 281.7822, 207.3744, 239.64629, 247.28851, 196.53931, 288.06339;
  453.0744, 248.47501, 437.75287, 300.47772, 422.70169, 352.2037, 407.35928, 403.66797, 419.91644, 267.71863, 404.46808, 320.16858, 389.07364, 372.51523, 373.61893, 424.66095, 401.72824, 233.42249, 385.61548, 287.07327, 370.12289, 340.29279, 354.59497, 393.58786, 366.69754, 252.96597, 350.55905, 306.97592, 334.75015, 361.07419, 319.09827, 415.42661, 346.83557, 217.40875, 330.34128, 272.74084, 314.30807, 327.64114, 298.36444, 382.90118, 309.79324, 237.06754, 293.27832, 293.04239, 276.9726, 349.08209, 260.82468, 405.13156, 288.62024, 200.17584, 271.61911, 257.25409, 255.12228, 314.06732, 238.47705, 370.94928, 249.20079, 220.27518, 232.16138, 278.15613, 215.40071, 335.94009, 199.03775, 393.87866, 226.30687, 181.60649, 208.867, 240.83374, 191.715, 299.83582, 174.94547, 358.54828, 184.77052, 202.19287, 167.36945, 262.18991, 150.07129, 321.95886, 133.00015, 381.89667, 160.03278, 161.96286, 142.22896, 223.25427, 124.65213, 284.17554, 107.47278, 345.13544;
  391.85995, 197.29976, 386.69681, 249.30238, 381.21655, 301.63663, 375.65015, 354.70712, 363.53323, 218.62369, 357.63705, 271.62204, 352.15216, 325.142, 346.61472, 379.44006, 339.81659, 186.9619, 333.81223, 240.64456, 328.01782, 294.81876, 322.21936, 349.52646, 309.34592, 208.7327, 303.26431, 263.5643, 297.15686, 318.83322, 291.43823, 374.93115, 284.32663, 175.67529, 277.66364, 231.10318, 271.45886, 287.1586, 265.18219, 343.79401, 251.61855, 198.16391, 244.99666, 254.8407, 238.40369, 311.88474, 231.85887, 369.90607, 224.80098, 163.59232, 217.70399, 221.34497, 210.94688, 279.1889, 204.0334, 337.84744, 189.73143, 186.75282, 182.5658, 245.19508, 175.34689, 304.53345, 168.30823, 364.76074, 161.14796, 150.95827, 153.39284, 210.60136, 146.08676, 270.48721, 138.56992, 331.18414, 123.82195, 174.85985, 115.94688, 235.38594, 108.1993, 296.72183, 100.66128, 358.95932, 93.271095, 137.48837, 85.113647, 199.13742, 76.897484, 261.2482, 68.828262, 324.08057;
  381.06345, 188.49199, 377.48175, 240.05748, 373.93359, 291.83115, 370.14389, 344.57962, 353.38318, 209.82062, 349.67554, 262.19052, 345.86029, 315.26279, 341.89417, 369.42035, 328.91141, 178.59302, 324.68002, 231.66768, 320.70251, 285.31918, 316.86713, 339.58954, 299.4762, 200.35956, 295.22647, 254.56876, 291.07147, 309.28247, 286.73404, 365.15894, 273.31094, 168.03796, 268.82047, 222.8091, 264.31671, 278.21777, 259.70956, 334.56323, 241.72745, 190.31679, 236.84392, 246.2791, 232.17227, 302.96655, 227.25221, 360.76297, 214.11067, 156.46494, 208.96429, 213.43369, 203.86545, 270.59567, 198.64209, 328.82739, 180.17075, 179.74106, 174.60234, 237.36519, 169.13017, 296.16635, 163.79045, 355.96606, 150.74178, 144.59857, 144.957, 203.39417, 139.02711, 262.55798, 133.29031, 322.91351, 114.3311, 168.1304, 108.28155, 228.14742, 102.17402, 288.86063, 96.033974, 350.8649, 83.292786, 132.15508, 76.560165, 192.88043, 70.105377, 254.04872, 63.691025, 316.50974;
  466.31833, 52.088036, 466.69321, 107.82872, 466.91663, 161.77463, 466.96112, 213.88991, 439.42126, 79.342552, 440.10284, 134.52742, 440.57608, 188.0408, 441.04004, 239.90361, 411.21042, 49.396553, 412.30536, 106.03259, 413.47073, 161.12827, 414.49216, 214.40848, 383.67746, 76.799995, 385.20203, 133.49413, 386.91879, 187.90213, 388.44165, 241.15872, 353.91391, 46.470406, 355.95639, 104.53496, 358.02887, 160.77151, 360.08133, 214.987, 325.81708, 74.763832, 328.32098, 132.20142, 330.71014, 187.81644, 333.13208, 242.15993, 294.35324, 43.759651, 297.36819, 102.99302, 300.38657, 159.93028, 303.55316, 215.35867, 265.30377, 72.432381, 268.99271, 131.22403, 272.42801, 187.90155, 275.86209, 242.93407, 232.33109, 40.665676, 236.47223, 101.36475, 240.67171, 159.48935, 244.5834, 215.90749, 202.84108, 70.084938, 207.5062, 130.05531, 212.15814, 187.95082, 216.92801, 244.08527, 167.90608, 37.902344, 173.35851, 99.538475, 178.69391, 158.9845, 183.64352, 216.60133;
  479.504, 96.647499, 479.2619, 151.72157, 478.64038, 203.50046, 477.52237, 253.24046, 451.71997, 124.37761, 451.69855, 178.35165, 451.50739, 229.47928, 451.46063, 278.11038, 423.11441, 95.933769, 423.92966, 151.7691, 424.43701, 204.73511, 425.02206, 254.99904, 394.78818, 123.99132, 396.31339, 178.88472, 397.46115, 230.76619, 398.59705, 280.57773, 364.38257, 95.103027, 366.78223, 151.87431, 368.74588, 205.60724, 370.58542, 256.96573, 335.69797, 123.73912, 338.61923, 179.33194, 341.28406, 232.16731, 343.85321, 282.97211, 303.32187, 94.150963, 307.09799, 151.94757, 310.66226, 206.61293, 314.15112, 259.02545, 274.29263, 123.4136, 278.75208, 180.01755, 282.98383, 233.76755, 287.31851, 285.09085, 240.00095, 93.080582, 245.42703, 152.00023, 250.83974, 207.72069, 255.66261, 260.33426, 211.00368, 122.82453, 217.01593, 180.64865, 222.83496, 235.30768, 228.48395, 287.41647, 174.71895, 92.236557, 181.77841, 152.20627, 188.67345, 208.83762, 195.20578, 262.66507;
  424.11746, 267.22144, 415.43884, 321.63266, 407.02728, 375.6539, 398.33438, 429.93961, 391.87753, 290.09702, 383.20752, 344.5112, 374.66998, 399.07358, 366.00165, 453.77328, 368.10367, 258.04587, 359.44513, 313.13135, 350.7124, 367.96439, 342.11591, 422.90778, 335.4545, 281.16672, 326.49731, 336.22861, 317.84451, 391.32349, 309.09497, 447.09012, 310.98633, 248.81519, 302.21027, 304.28766, 293.45142, 359.82855, 284.48367, 415.36475, 277.42905, 272.00259, 268.59515, 327.6792, 259.76312, 383.58832, 250.73, 439.81586, 252.31064, 239.09766, 243.50851, 295.26523, 234.72238, 351.34967, 225.79576, 407.78506, 218.164, 262.64447, 209.31049, 318.9631, 200.3567, 375.41263, 191.27396, 432.36874, 192.94148, 229.25237, 183.83197, 286.36154, 174.68936, 342.90234, 165.78586, 399.92328, 158.17548, 253.03081, 148.99194, 309.98593, 139.95406, 367.12341, 130.9239, 424.60385, 132.26424, 219.32953, 123.17511, 276.83655, 114.0435, 334.16443, 104.7949, 391.71301;
  417.36523, 276.00433, 409.57877, 329.9415, 401.89896, 383.74469, 393.99622, 438.3334, 385.72867, 298.93298, 377.79086, 353.35519, 369.89093, 407.85336, 361.88596, 462.93729, 361.47607, 267.58313, 353.582, 322.23541, 345.53467, 376.85959, 337.52661, 432.14926, 329.11411, 290.84122, 320.93387, 345.90952, 312.89001, 401.13083, 304.54233, 457.13568, 304.29083, 258.97894, 296.01331, 314.45151, 287.83701, 369.85315, 279.36481, 425.89764, 270.86389, 282.48679, 262.47986, 338.1907, 254.09729, 394.32205, 245.78358, 451.06122, 245.25247, 250.04463, 236.93541, 306.34677, 228.41466, 362.57886, 220.07715, 419.28165, 211.08788, 273.84729, 202.45685, 330.31555, 193.97231, 387.35623, 185.24335, 444.63123, 185.19118, 240.9451, 176.46434, 297.94876, 167.62839, 354.91373, 158.9505, 412.51883, 150.54961, 265.03571, 141.33058, 322.57977, 132.52895, 379.98447, 123.68458, 438.27689, 123.84001, 231.8801, 114.53403, 289.61429, 105.76134, 347.16251, 96.721237, 405.57599;
  400.11172, 307.85321, 398.39938, 359.7662, 396.45435, 412.42343, 394.45273, 466.58032, 371.98718, 332.21906, 370.0473, 385.03546, 367.74466, 438.93033, 365.75061, 494.02533, 345.8183, 303.90494, 343.47421, 356.95343, 340.99881, 411.00681, 338.48419, 466.0484, 316.29837, 328.56195, 313.7641, 382.70828, 311.15579, 437.90906, 308.51511, 494.29587, 289.33319, 299.69138, 286.19327, 354.06396, 283.22281, 409.06586, 280.2236, 465.67502, 258.40738, 324.73529, 254.9763, 380.10394, 251.80049, 436.55023, 248.26221, 494.44641, 230.23882, 295.14059, 226.50357, 350.89795, 222.85464, 407.26956, 219.23141, 465.24252, 197.62933, 320.81342, 193.47865, 377.77753, 189.63043, 435.33521, 185.49718, 494.58966, 168.58356, 290.76248, 164.13098, 347.57486, 159.66774, 405.39157, 155.4101, 464.51288, 134.43884, 316.9928, 129.63658, 375.12567, 124.8531, 433.98044, 120.23862, 494.84766, 104.40578, 285.99933, 99.160889, 344.05078, 94.016907, 403.29678, 89.005531, 463.74628;
  394.83597, 325.77051, 397.70847, 376.00775, 400.41333, 427.94321, 403.1926, 481.36963, 369.87094, 350.73746, 372.44501, 402.39594, 374.61765, 455.58188, 377.30292, 510.31406, 341.64453, 324.86017, 343.90475, 376.82788, 345.89899, 429.60046, 348.16766, 484.12781, 315.0018, 350.38864, 316.71707, 403.27228, 318.61813, 457.87708, 320.63235, 514.18298, 285.96149, 323.59933, 287.20251, 376.74603, 288.57434, 431.34732, 290.1546, 487.56003, 257.41843, 349.80798, 258.39014, 404.39258, 259.39325, 460.30673, 260.84006, 518.34943, 227.16043, 322.40515, 227.73932, 376.96838, 228.29709, 433.01047, 229.11319, 490.79108, 196.66362, 349.21909, 196.6259, 405.28912, 197.18179, 462.87546, 197.41447, 522.73706, 165.65549, 321.13196, 164.9532, 377.3414, 164.87833, 434.92267, 164.76054, 494.29251, 133.02489, 348.86734, 132.27855, 406.44934, 131.69806, 465.70667, 131.15508, 527.12775, 100.69209, 319.91266, 99.453651, 377.59012, 98.174187, 436.95639, 97.21244, 498.05673;
  483.29672, 387.10394, 491.233, 438.59735, 499.00964, 491.31036, 506.59381, 545.06781, 461.85223, 415.74203, 469.56006, 468.40552, 476.94931, 522.15381, 484.44928, 577.5202, 432.16995, 392.16824, 439.46085, 445.11258, 446.79877, 499.00308, 454.21899, 554.29437, 409.01767, 421.53238, 416.17407, 475.57837, 423.4288, 530.80688, 430.80429, 587.69269, 378.2023, 397.33002, 385.1199, 451.80099, 392.24918, 507.21411, 399.17416, 563.77423, 353.57529, 427.59799, 360.4382, 483.03024, 367.17374, 539.95825, 374.27292, 598.33472, 321.50217, 402.74564, 328.1524, 458.8822, 334.62833, 515.56085, 341.05148, 574.18536, 295.05569, 433.86191, 301.26917, 491.41028, 307.78671, 549.38129, 314.10904, 609.76007, 261.45886, 408.41824, 267.50909, 466.15665, 273.64651, 524.71411, 279.91446, 584.80878, 233.41118, 440.53964, 239.35765, 499.33051, 245.11588, 559.71045, 251.23396, 621.50427, 198.50594, 414.64789, 204.0318, 473.88235, 209.66801, 534.20129, 215.43896, 595.90198;
  711.56274, 475.39136, 721.52667, 526.92065, 731.51569, 579.0921, 741.47052, 632.17493, 692.5025, 505.55396, 702.3988, 557.77161, 712.28937, 611.04987, 722.36884, 665.10229, 663.41669, 484.02856, 672.95166, 536.32825, 682.82758, 589.45123, 692.60516, 643.59619, 643.56573, 514.66748, 652.87378, 567.90515, 662.93994, 622.10034, 672.97186, 677.38702, 613.93719, 492.67307, 623.01855, 546.12201, 632.73407, 600.3139, 642.50171, 655.23407, 593.01959, 523.96265, 602.23499, 578.3363, 611.66907, 633.20215, 621.62305, 689.70258, 562.47717, 501.75824, 571.61084, 556.16711, 580.68152, 611.34344, 590.23828, 667.44257, 540.47192, 533.97711, 549.40344, 589.26483, 558.55865, 645.38293, 568.23065, 702.7395, 509.1347, 511.18369, 517.99536, 566.75531, 526.93799, 622.96411, 536.11096, 680.18359, 486.29004, 544.17145, 494.98679, 600.43799, 503.94089, 657.56293, 513.0838, 716.19659, 454.12125, 521.29803, 462.68338, 577.39398, 471.46033, 634.73114, 480.51056, 693.02832;
  730.61957, 463.47479, 742.38892, 513.11664, 754.12421, 563.6355, 765.91296, 615.56653, 712.95526, 492.93164, 724.74341, 543.24115, 736.43024, 594.84399, 748.36804, 648.11169, 683.90717, 472.29819, 695.16455, 522.96594, 706.61945, 574.42694, 718.40302, 627.28821, 665.49506, 502.3085, 676.87091, 553.65704, 688.28662, 606.27246, 700.04407, 660.38611, 635.83478, 481.39084, 646.68903, 532.88263, 657.76892, 585.38306, 669.24628, 639.14508, 616.49774, 512.02032, 627.33386, 564.43292, 638.53912, 617.90912, 649.88757, 673.06921, 586.27509, 490.74216, 596.79102, 543.40912, 607.30676, 596.59967, 618.3031, 651.55896, 565.88568, 522.08881, 576.2041, 575.47937, 586.74707, 630, 597.6723, 686.32416, 534.94916, 500.64197, 544.84265, 554.16864, 555.19196, 608.66705, 565.76923, 664.34558, 513.50916, 532.44177, 523.49323, 587.06757, 533.70697, 642.5415, 544.19, 699.61627, 481.74222, 510.73203, 491.65311, 565.32141, 501.35797, 620.73199, 511.50354, 677.33588;
  813.33258, 469.358, 795.88019, 516.82684, 778.32666, 564.14905, 759.86139, 612.31512, 781.85669, 484.03912, 764.24335, 531.28705, 746.19196, 579.07104, 727.53815, 627.35614, 768.03625, 451.27441, 750.33105, 498.25906, 732.18768, 545.96167, 713.77954, 594.3606, 736.30579, 465.56714, 718.3465, 513.03186, 700.00452, 560.90808, 681.18536, 609.76758, 722.45123, 432.9263, 704.39307, 480.12283, 686.12195, 527.80743, 667.40857, 576.06079, 690.37476, 447.35147, 672.01398, 494.68512, 653.367, 542.63623, 634.31836, 591.3725, 676.5, 414.5, 658.17627, 461.73111, 639.46814, 509.32407, 620.43726, 557.57428, 643.93103, 428.62003, 625.17584, 476.1087, 606.29651, 524.21045, 586.86523, 573.17206, 629.94598, 395.80954, 611.20551, 443.06119, 592.21027, 490.85239, 572.96399, 539.29419, 597.1413, 410.13593, 578.17664, 457.50034, 558.82709, 505.75647, 539.12421, 554.47845, 583.08447, 376.91446, 564.03577, 424.34634, 544.85608, 472.12097, 525.00677, 520.83539;
  751.25836, 317.4606, 739.52808, 360.41016, 727.93549, 401.94562, 716.21478, 443.17551, 724.74969, 335.9639, 713.36969, 378.38751, 701.93549, 419.92505, 690.52509, 460.7236, 709.91058, 310.78995, 698.26135, 354.35654, 686.87921, 396.60635, 675.8186, 438.31516, 683.06287, 329.61459, 671.6189, 372.71951, 660.46222, 415.10104, 649.58881, 456.79446, 667.40778, 303.97699, 656.09857, 348.05341, 644.71588, 391.45111, 633.78546, 433.45709, 639.75934, 322.88812, 628.57556, 366.99863, 617.82568, 409.93118, 607.23999, 452.36835, 623.24695, 297.03342, 612.15118, 341.95993, 601.28412, 385.73914, 590.63123, 428.78232, 595.0896, 316.12894, 584.23535, 360.76605, 573.52344, 404.66339, 563.36517, 447.72516, 577.46027, 289.46567, 566.93439, 335.39697, 556.40881, 380.11456, 546.0553, 423.60266, 548.74939, 308.94812, 538.44055, 354.78967, 528.18433, 399.27368, 518.38647, 442.83521, 530.44409, 281.51663, 520.10437, 328.70795, 510.24414, 374.02112, 500.18213, 418.46384;
  535.30487, 238.1953, 548.39215, 292.20834, 560.86078, 347.28455, 573.55182, 403.37296, 515.54883, 268.09009, 528.26147, 323.49405, 541.0083, 379.97443, 553.80524, 437.59338, 482.26929, 243.28983, 494.99756, 299.02448, 507.75674, 355.97531, 520.40765, 413.88385, 460.79123, 274.13397, 473.57889, 331.36603, 486.28204, 389.66888, 499.33881, 449.03796, 426.14929, 248.79668, 438.49179, 306.49786, 451.27161, 365.18207, 464.22952, 424.83844, 402.86371, 280.80029, 415.33459, 340.07303, 428.05209, 400.05252, 440.99664, 461.54797, 366.24783, 254.40045, 378.69519, 314.27002, 391.17944, 374.81567, 403.75375, 436.60352, 340.82388, 287.82956, 353.15109, 349.00259, 365.97238, 411.1543, 378.61066, 474.73666, 302.21033, 260.74466, 314.67505, 322.57486, 326.9353, 385.29443, 339.46594, 449.18808, 274.8078, 295.42151, 287.12268, 358.70425, 299.58694, 423.00931, 312.14566, 488.76569, 234.10742, 267.57861, 246.33669, 331.56598, 258.67737, 396.3371, 270.96359, 462.42639;
  608.46198, 215.99646, 619.30151, 278.32303, 629.91663, 342.25891, 640.53284, 407.56836, 582.58252, 249.90997, 592.97614, 313.61633, 603.35718, 378.8215, 613.91864, 445.80591, 545.55328, 220.89098, 555.65491, 284.89209, 566.2323, 349.94336, 576.31757, 416.51962, 518.12695, 255.5768, 528.14539, 320.68646, 538.15314, 387.16272, 548.45941, 455.44046, 479.9216, 225.78865, 489.79752, 291.27451, 499.49396, 357.78, 509.48639, 425.78577, 450.87958, 261.22958, 460.64734, 328.00995, 470.02444, 395.98596, 479.89636, 465.7655, 411.58566, 230.78548, 420.86798, 297.89319, 430.18033, 365.85034, 439.49115, 435.54633, 380.49142, 267.43616, 389.68375, 335.66699, 398.75357, 405.06393, 407.89658, 476.68655, 340.02124, 236.25427, 348.79419, 304.95697, 357.54742, 374.62695, 366.45798, 445.89575, 307.36646, 273.88293, 315.95892, 343.59598, 324.32977, 414.75, 333.01199, 487.98526, 265.44272, 242.28989, 273.69287, 312.25369, 281.8728, 383.45163, 290.20969, 456.46317;
  625.06433, 210.90111, 635.49493, 275.1915, 645.51923, 341.02188, 655.79578, 408.42834, 597.74078, 245.68079, 607.73932, 311.39215, 617.53717, 378.44266, 627.65869, 447.34787, 559.98901, 215.72441, 569.52258, 281.49411, 579.25092, 348.43216, 589.10455, 416.87894, 531.30792, 251.27466, 540.73993, 318.36646, 550.19794, 386.59061, 559.76367, 456.83801, 492.54565, 220.74135, 501.65466, 287.85464, 510.84863, 356.1152, 519.99579, 426.0376, 462.13812, 256.9519, 471.08371, 325.40604, 480.02612, 395.16653, 489.12607, 466.68365, 422.15085, 225.73709, 430.92999, 294.38385, 439.57529, 363.93875, 448.30524, 435.2576, 390.2764, 262.94745, 398.5784, 332.77774, 407.11804, 403.95624, 415.2518, 477.13864, 349.34171, 231.1667, 357.272, 301.28067, 365.3833, 372.32742, 373.56613, 445.29541, 315.70593, 269.29926, 323.42838, 340.53198, 331.33237, 413.24344, 339.32108, 487.66199, 273.77435, 237.1241, 281.22812, 308.47195, 288.53024, 380.99365, 296.25064, 455.44983;
  651.12646, 201.55438, 660.41089, 269.52338, 669.50409, 339.11783, 678.57141, 410.28812, 621.04596, 238.28365, 630.03064, 307.55945, 639.01782, 378.4144, 648.00671, 450.78244, 581.82117, 206.51686, 590.56134, 275.80664, 599.18262, 346.27209, 607.96179, 418.55624, 550.92084, 243.84814, 559.25372, 314.2023, 567.57312, 385.85172, 576.09851, 459.82315, 511.00073, 211.59361, 519.11707, 282.09686, 526.98859, 353.62759, 535.09344, 426.74377, 478.57581, 249.53691, 486.3201, 321.16122, 494.08636, 393.82419, 501.86957, 468.664, 437.93204, 216.93196, 445.24579, 288.31042, 452.78271, 361.04709, 460.2424, 435.31018, 404.1189, 255.49034, 411.13983, 328.00415, 418.23898, 402.16391, 425.33182, 478.12659, 362.69003, 222.31482, 369.51822, 295.2037, 376.10492, 368.6745, 383.08212, 444.32239, 327.66391, 261.79028, 334.04355, 335.45517, 340.41779, 410.37476, 347.07889, 487.60495, 285.6398, 228.37175, 291.61887, 301.95822, 297.83295, 376.68637, 303.94382, 453.16403;
  662.41473, 200.52724, 671.06622, 270.42865, 679.7168, 341.72476, 688.17676, 414.82193, 631.28076, 238.12839, 639.50031, 309.12927, 647.74561, 381.68155, 656.07703, 456.08594, 591.60187, 205.48114, 599.5163, 276.38181, 607.37024, 348.61847, 615.49023, 422.36642, 559.58777, 243.56917, 566.90894, 315.63605, 574.59686, 388.83572, 582.30322, 464.2886, 519.30701, 210.62204, 526.53784, 282.55185, 533.72913, 355.38297, 540.93622, 430.07123, 485.88959, 249.15854, 492.76443, 321.99081, 499.79984, 396.10751, 506.71893, 472.45349, 445.00272, 215.66367, 451.60504, 288.33658, 458.33978, 362.34982, 464.905, 437.96951, 410.33835, 254.7673, 416.71115, 328.58191, 422.8251, 403.55112, 429.13422, 480.95502, 369.03955, 220.96315, 375.06985, 294.70761, 380.91559, 369.50665, 386.83084, 446.1167, 333.43573, 260.7059, 339.08572, 335.32645, 344.57626, 411.44882, 350.3526, 489.53412, 291.87234, 226.70645, 297.00076, 301.16238, 302.03165, 376.83441, 307.33899, 454.24252;
  696.24384, 210.9377, 702.22253, 285.8894, 708.20184, 362.34982, 714.14276, 440.52698, 661.27588, 250.5453, 666.88855, 326.35803, 672.41437, 403.74347, 677.97546, 483.25867, 620.70898, 215.27295, 625.935, 290.83795, 631.10162, 367.30176, 636.31213, 445.69571, 585.27698, 255.0827, 590.04968, 331.07736, 594.85663, 408.69269, 599.7207, 488.32492, 544.66406, 219.56314, 549.32227, 295.26593, 553.61945, 372.13779, 558.09662, 450.85217, 508.6131, 259.49567, 512.85553, 335.94727, 516.67029, 413.64682, 520.81335, 493.59314, 468.02695, 223.84328, 472.08109, 299.98489, 475.729, 376.87561, 479.44284, 456.02808, 431.39792, 264.01297, 434.69681, 340.67719, 438.12482, 418.7673, 441.44489, 498.99387, 391.09021, 228.34529, 394.20584, 304.60022, 397.34924, 382.00812, 400.20154, 461.1481, 354.07605, 268.7973, 356.54419, 345.44189, 359.40585, 423.81696, 362.05334, 504.185, 313.83527, 232.93381, 316.41678, 309.39569, 318.67471, 386.8671, 320.9183, 466.15454;
  727.21075, 219.53989, 731.02148, 298.6879, 735.19238, 379.27246, 738.9458, 461.88495, 689.15332, 261.22586, 692.69427, 340.78479, 696.21277, 421.98828, 699.7464, 505.30914, 648.03009, 224.05934, 651.13953, 302.71207, 654.29388, 382.84177, 657.27905, 464.67389, 610.17664, 265.36816, 612.86523, 344.51685, 615.65503, 424.99496, 618.39624, 507.66531, 569.93854, 228.37279, 572.41467, 306.7211, 574.77081, 386.17401, 577.05493, 467.32407, 532.24908, 269.51175, 534.36121, 348.08615, 536.44385, 427.93173, 538.3822, 509.92902, 492.6662, 232.61182, 494.70264, 310.53201, 496.32159, 389.34052, 498.16772, 469.95319, 455.29889, 273.59177, 456.90875, 351.668, 458.24301, 430.93298, 459.52875, 512.32666, 416.71039, 236.93044, 418.04498, 314.31964, 419.2149, 392.73596, 420.2229, 472.64853, 380.06628, 277.68323, 380.8035, 355.01169, 381.61469, 433.86096, 382.52322, 514.48669, 342.42798, 241.37444, 342.84064, 318.18591, 343.41708, 395.96313, 344.02368, 475.17105;
  822.42218, 220.85628, 811.30945, 306.01071, 800.12531, 390.61563, 789.10632, 474.37338, 774.1004, 258.71893, 763.31915, 343.17987, 752.34247, 426.60571, 741.58331, 510.06757, 737.42389, 211.54691, 726.79095, 295.89008, 716.06183, 379.21793, 705.43085, 462.22098, 690.52686, 249.13815, 680.10272, 332.2598, 669.52332, 414.88675, 659.0564, 497.63342, 654.48993, 202.36873, 644.36926, 285.73251, 634.02332, 368.11157, 623.65454, 450.30801, 608.67297, 239.57471, 598.68866, 321.72421, 588.6712, 403.42184, 578.37158, 485.22073, 573.47223, 193.21858, 563.5473, 275.73947, 553.83435, 357.24011, 543.90839, 438.53088, 528.64923, 230.06697, 519.0401, 311.54669, 509.37537, 392.26096, 499.65253, 473.19348, 494.38263, 184.70627, 484.7807, 266.16901, 475.25421, 346.76669, 465.79126, 427.0004, 450.81732, 221.18274, 441.40497, 301.45624, 432.16629, 381.45853, 423.03299, 461.25632, 417.47714, 176.18443, 408.04413, 256.54929, 398.89026, 336.19949, 389.57126, 415.75537;
  522.53772, 211.55438, 528.79321, 265.29526, 535.112, 319.72937, 541.52838, 374.83844, 498.06012, 241.01527, 504.20618, 295.51648, 510.44858, 350.52698, 516.7937, 406.39713, 467.41599, 216.54802, 473.44772, 270.99451, 479.52518, 325.83304, 485.58798, 381.47635, 442.25793, 246.45033, 448.26804, 301.19696, 454.32718, 356.96509, 460.47006, 413.02774, 411.24149, 221.55142, 417.08691, 276.54492, 422.92932, 331.95377, 428.83081, 388.12878, 385.46002, 251.86813, 391.35617, 307.1828, 397.15842, 363.19714, 403.01892, 419.90421, 353.78708, 226.81093, 359.65622, 282.19824, 365.31494, 338.03323, 371.00162, 394.85327, 327.59006, 257.24628, 333.20746, 313.2067, 338.69952, 369.63531, 344.44101, 427.22116, 295.61731, 232.09547, 301.28165, 288.19614, 306.54514, 344.58051, 312.29919, 401.84549, 268.95276, 262.98752, 274.42102, 319.35437, 279.73871, 376.65027, 285.26025, 434.23798, 236.87712, 237.44133, 242.06087, 294.07819, 247.3019, 351.03442, 252.83311, 408.70819;
  537.90088, 226.16611, 541.86591, 277.2178, 546.15698, 328.56113, 550.24335, 380.16888, 514.508, 254.03874, 518.68304, 305.04089, 522.85248, 356.46222, 526.96759, 408.40396, 487.03763, 230.46973, 491.27985, 281.85617, 495.37421, 332.73157, 499.48083, 384.32343, 463.99893, 258.40811, 468.01169, 309.48901, 472.07785, 360.44147, 476.01563, 412.3497, 436.65179, 235.1024, 440.89737, 286.29077, 444.75296, 337.12985, 449.09177, 388.50809, 413.67404, 263.04611, 417.73206, 314.04791, 421.64096, 364.95227, 425.60208, 416.68311, 386.37408, 239.92902, 390.47467, 290.65521, 394.47247, 341.49826, 398.50317, 392.73691, 363.27859, 267.5549, 367.46481, 318.25006, 371.39163, 369.13269, 375.34991, 420.57465, 336.49432, 244.19569, 340.66837, 295.15695, 344.43854, 345.92209, 348.37112, 396.85632, 313.91937, 271.99945, 317.52591, 322.65714, 321.58478, 373.29367, 325.56799, 424.24792, 287.1749, 248.92911, 290.94568, 299.3913, 294.8078, 349.9834, 298.88297, 400.79477;
  544.28851, 221.77919, 547.39233, 272.23956, 550.84082, 323.01038, 554.13098, 373.9151, 521.05505, 249.06636, 523.9621, 299.42273, 527.26245, 350.17712, 530.75092, 400.97864, 494.5123, 225.72453, 497.73984, 276.0296, 500.80896, 326.30978, 503.85001, 377.15271, 471.37027, 252.49486, 474.56772, 302.95508, 477.69357, 353.55066, 480.72849, 404.12225, 444.97617, 229.22063, 448.41656, 279.55551, 451.34534, 329.75439, 454.40079, 380.2713, 421.7533, 256.20737, 425.18137, 306.3317, 428.34235, 356.6774, 431.24646, 407.1554, 395.62289, 233.25064, 399.04816, 283.07855, 402.07596, 333.05136, 405.2337, 383.50003, 372.83359, 260.06128, 376.09198, 309.88821, 379.0567, 359.96616, 382.07101, 410.36731, 346.83167, 236.73463, 350.0907, 286.52579, 353.14984, 336.61978, 356.29071, 386.71567, 324.32617, 263.43964, 327.36035, 313.20459, 330.496, 362.96613, 333.56845, 413.23972, 298.8345, 240.36458, 301.65942, 290.05365, 304.55127, 339.77747, 307.85248, 389.73404;
  550.12347, 218.31137, 552.97858, 268.33279, 556.17151, 318.61536, 559.17053, 369.07803, 526.76563, 245.21596, 529.54852, 294.98416, 532.63391, 345.29074, 535.92914, 396.09253, 500.63284, 221.813, 503.55453, 272.0296, 506.56253, 321.94958, 509.62537, 372.20471, 477.67053, 248.62953, 480.51855, 298.47263, 483.35751, 348.60175, 486.29233, 399.24576, 451.46661, 225.54454, 454.32996, 275.38086, 457.11169, 325.03229, 460.12109, 375.38144, 428.44229, 252.22237, 431.25052, 301.98688, 434.04996, 351.90564, 436.96268, 402.14151, 402.52713, 228.73985, 405.23932, 278.46912, 408.26563, 328.23523, 411.09222, 378.77744, 379.48526, 255.48962, 382.45471, 305.02979, 385.12698, 355.02179, 388.03995, 405.21588, 353.99323, 232.54472, 356.55612, 281.97202, 359.42285, 331.62143, 362.32559, 381.66779, 331.27576, 259.03854, 334.0101, 308.40228, 336.68274, 358.12048, 339.48697, 408.14029, 306.06879, 236.12901, 308.58713, 285.39383, 311.18188, 334.90878, 313.96518, 384.35159]
